1 0.1987179487179487 0.40106951871657753 0.1987179487179487 0.44385026737967914 0.1955128205128205 0.44919786096256686 0.19230769230769232 0.44919786096256686 0.1858974358974359 0.45989304812834225 0.1762820512820513 0.45989304812834225 0.16666666666666666 0.44919786096256686 0.16666666666666666 0.44385026737967914 0.16346153846153846 0.4385026737967914 0.16346153846153846 0.41711229946524064 0.16666666666666666 0.4117647058823529 0.16666666666666666 0.40641711229946526 0.1762820512820513 0.39572192513368987 0.1858974358974359 0.39572192513368987 0.1891025641025641 0.40106951871657753 0.1955128205128205 0.40106951871657753
1 0.2403846153846154 0.5080213903743316 0.2467948717948718 0.5187165775401069 0.2564102564102564 0.5240641711229946 0.2564102564102564 0.5347593582887701 0.25961538461538464 0.5401069518716578 0.25961538461538464 0.5614973262032086 0.2532051282051282 0.5775401069518716 0.23717948717948717 0.5775401069518716 0.22756410256410256 0.5614973262032086 0.22756410256410256 0.5187165775401069 0.23397435897435898 0.5080213903743316 0.23717948717948717 0.5080213903743316
1 0.29516358463726877 0.6775849871825105 0.03271692745376956 0.05458653136671713
1 0.28525641025641024 0.1443850267379679 0.28525641025641024 0.13903743315508021 0.27884615384615385 0.12299465240641712 0.27884615384615385 0.10695187165775401 0.28205128205128205 0.10160427807486631 0.28205128205128205 0.09090909090909091 0.28846153846153844 0.08021390374331551 0.3108974358974359 0.08021390374331551 0.3173076923076923 0.09090909090909091 0.3173076923076923 0.10160427807486631 0.32051282051282054 0.10695187165775401 0.32051282051282054 0.12299465240641712 0.3173076923076923 0.12834224598930483 0.3173076923076923 0.13368983957219252 0.3108974358974359 0.1443850267379679 0.28846153846153844 0.1443850267379679
1 0.30128205128205127 0.24064171122994651 0.30128205128205127 0.24598930481283424 0.3108974358974359 0.25668449197860965 0.3108974358974359 0.27807486631016043 0.30448717948717946 0.2887700534759358 0.30128205128205127 0.2887700534759358 0.2980769230769231 0.29411764705882354 0.28205128205128205 0.29411764705882354 0.27884615384615385 0.2887700534759358 0.27564102564102566 0.2887700534759358 0.27564102564102566 0.27807486631016043 0.2692307692307692 0.2620320855614973 0.2692307692307692 0.24064171122994651 0.27564102564102566 0.22994652406417113 0.2916666666666667 0.22994652406417113 0.2980769230769231 0.24064171122994651
1 0.47435897435897434 0.08021390374331551 0.4775641025641026 0.08021390374331551 0.4807692307692308 0.0748663101604278 0.49038461538461536 0.0748663101604278 0.5 0.09090909090909091 0.5 0.11764705882352941 0.4967948717948718 0.12299465240641712 0.4775641025641026 0.12299465240641712 0.47115384615384615 0.10695187165775401 0.47115384615384615 0.09090909090909091 0.47435897435897434 0.0855614973262032
1 0.5384615384615384 0.12834224598930483 0.5384615384615384 0.13368983957219252 0.5448717948717948 0.1497326203208556 0.5416666666666666 0.1657754010695187 0.5224358974358975 0.1657754010695187 0.5160256410256411 0.15508021390374332 0.5160256410256411 0.13368983957219252 0.5192307692307693 0.12834224598930483 0.5352564102564102 0.12834224598930483
1 0.5544871794871795 0.20855614973262032 0.5608974358974359 0.20855614973262032 0.5641025641025641 0.20320855614973263 0.5737179487179487 0.20320855614973263 0.5801282051282052 0.21390374331550802 0.5801282051282052 0.24598930481283424 0.5769230769230769 0.25133689839572193 0.5769230769230769 0.25668449197860965 0.5737179487179487 0.25668449197860965 0.5705128205128205 0.2620320855614973 0.5608974358974359 0.2620320855614973 0.5576923076923077 0.25668449197860965 0.5544871794871795 0.25668449197860965 0.5544871794871795 0.21390374331550802
1 0.3782051282051282 0.48128342245989303 0.3814102564102564 0.48128342245989303 0.38461538461538464 0.47593582887700536 0.40064102564102566 0.47593582887700536 0.41025641025641024 0.48663101604278075 0.41025641025641024 0.5187165775401069 0.40384615384615385 0.5294117647058824 0.40384615384615385 0.5347593582887701 0.40064102564102566 0.5401069518716578 0.3814102564102564 0.5401069518716578 0.3782051282051282 0.5347593582887701 0.3782051282051282 0.5294117647058824 0.3717948717948718 0.5133689839572193 0.3717948717948718 0.5026737967914439 0.3782051282051282 0.48663101604278075
0 0.7051282051282052 0.40641711229946526 0.7115384615384616 0.40641711229946526 0.7147435897435898 0.4117647058823529 0.7147435897435898 0.41711229946524064 0.717948717948718 0.42245989304812837 0.7211538461538461 0.42245989304812837 0.7307692307692307 0.4385026737967914 0.7307692307692307 0.45454545454545453 0.7339743589743589 0.45989304812834225 0.7339743589743589 0.48128342245989303 0.7371794871794872 0.48663101604278075 0.7371794871794872 0.5080213903743316 0.7403846153846154 0.5133689839572193 0.7371794871794872 0.5187165775401069 0.7371794871794872 0.5294117647058824 0.7339743589743589 0.5294117647058824 0.7307692307692307 0.5347593582887701 0.7307692307692307 0.5401069518716578 0.7243589743589743 0.5401069518716578 0.7211538461538461 0.5454545454545454 0.7019230769230769 0.5454545454545454 0.6987179487179487 0.5401069518716578 0.6955128205128205 0.5401069518716578 0.6923076923076923 0.5347593582887701 0.6826923076923077 0.5294117647058824 0.6762820512820513 0.5187165775401069 0.6730769230769231 0.5187165775401069 0.6602564102564102 0.49732620320855614 0.6602564102564102 0.48663101604278075 0.657051282051282 0.48128342245989303 0.657051282051282 0.46524064171123 0.6602564102564102 0.45989304812834225 0.6602564102564102 0.45454545454545453 0.6698717948717948 0.4385026737967914 0.6794871794871795 0.4385026737967914 0.6955128205128205 0.42245989304812837 0.7019230769230769 0.42245989304812837 0.7051282051282052 0.41711229946524064 0.7051282051282052 0.4117647058823529
1 0.4423076923076923 0.42245989304812837 0.4423076923076923 0.41711229946524064 0.4358974358974359 0.40106951871657753 0.4358974358974359 0.37967914438502676 0.4423076923076923 0.3689839572192513 0.4519230769230769 0.3689839572192513 0.4519230769230769 0.37433155080213903 0.4583333333333333 0.3850267379679144 0.4583333333333333 0.39037433155080214 0.46153846153846156 0.39572192513368987 0.46153846153846156 0.4117647058823529 0.4583333333333333 0.4117647058823529 0.4519230769230769 0.42245989304812837 0.4519230769230769 0.42780748663101603 0.44871794871794873 0.42780748663101603 0.44551282051282054 0.42245989304812837
1 0.36538461538461536 0.22459893048128343 0.3685897435897436 0.22994652406417113 0.375 0.22994652406417113 0.3814102564102564 0.24064171122994651 0.3814102564102564 0.25133689839572193 0.3782051282051282 0.25668449197860965 0.375 0.2727272727272727 0.36538461538461536 0.28342245989304815 0.36217948717948717 0.28342245989304815 0.358974358974359 0.27807486631016043 0.3525641025641026 0.27807486631016043 0.34615384615384615 0.26737967914438504 0.34615384615384615 0.23529411764705882 0.3525641025641026 0.22459893048128343 0.36217948717948717 0.22459893048128343
1 0.14580369843527727 0.33226584310175644 0.044096728307254626 0.0759464784232586
1 0.2460881934566145 0.6277451107172469 0.059743954480796585 0.08306646077543911
1 0.6322901849217638 0.5304386852374469 0.03556187766714083 0.06882649607107812
1 0.5288461538461539 0.6042780748663101 0.532051282051282 0.6096256684491979 0.5352564102564102 0.6096256684491979 0.5352564102564102 0.6149732620320856 0.5384615384615384 0.6203208556149733 0.5384615384615384 0.6417112299465241 0.5160256410256411 0.6417112299465241 0.5128205128205128 0.6363636363636364 0.5128205128205128 0.6310160427807486 0.5096153846153846 0.6256684491978609 0.5128205128205128 0.6096256684491979 0.5160256410256411 0.6042780748663101 0.5256410256410257 0.6042780748663101
1 0.4967948717948718 0.6310160427807486 0.5032051282051282 0.6417112299465241 0.5032051282051282 0.6470588235294118 0.5 0.6524064171122995 0.5 0.6737967914438503 0.483974358974359 0.6737967914438503 0.4807692307692308 0.6684491978609626 0.4807692307692308 0.6363636363636364 0.48717948717948717 0.6363636363636364 0.49038461538461536 0.6310160427807486 0.4935897435897436 0.6310160427807486
1 0.23397435897435898 0.12834224598930483 0.25 0.12834224598930483 0.25961538461538464 0.1443850267379679 0.25961538461538464 0.1711229946524064 0.2564102564102564 0.17647058823529413 0.2564102564102564 0.18181818181818182 0.2532051282051282 0.18181818181818182 0.25 0.18716577540106952 0.2403846153846154 0.18716577540106952 0.23717948717948717 0.18181818181818182 0.23397435897435898 0.18181818181818182 0.22756410256410256 0.1657754010695187 0.22756410256410256 0.1443850267379679 0.23397435897435898 0.13368983957219252
1 0.1794871794871795 0.15508021390374332 0.18269230769230768 0.16042780748663102 0.18269230769230768 0.1657754010695187 0.1858974358974359 0.1711229946524064 0.1891025641025641 0.1711229946524064 0.1955128205128205 0.18181818181818182 0.1955128205128205 0.21390374331550802 0.1891025641025641 0.22459893048128343 0.1891025641025641 0.22994652406417113 0.1858974358974359 0.23529411764705882 0.1794871794871795 0.23529411764705882 0.1762820512820513 0.22994652406417113 0.16666666666666666 0.22994652406417113 0.15705128205128205 0.20320855614973263 0.15705128205128205 0.18181818181818182 0.16025641025641027 0.17647058823529413 0.16025641025641027 0.1711229946524064 0.16666666666666666 0.16042780748663102 0.1762820512820513 0.15508021390374332
1 0.28205128205128205 0.1497326203208556 0.28846153846153844 0.16042780748663102 0.28846153846153844 0.1657754010695187 0.2980769230769231 0.17647058823529413 0.2980769230769231 0.20320855614973263 0.266025641025641 0.20320855614973263 0.26282051282051283 0.19786096256684493 0.26282051282051283 0.16042780748663102 0.2692307692307692 0.1497326203208556 0.27884615384615385 0.1497326203208556
1 0.7190611664295875 0.16850624900160505 0.044096728307254626 0.0759464784232586
1 0.27564102564102566 0.3155080213903743 0.27884615384615385 0.32085561497326204 0.27884615384615385 0.36363636363636365 0.2692307692307692 0.39037433155080214 0.2532051282051282 0.39037433155080214 0.25 0.3850267379679144 0.24358974358974358 0.3850267379679144 0.2403846153846154 0.37967914438502676 0.2403846153846154 0.35294117647058826 0.24358974358974358 0.34759358288770054 0.24358974358974358 0.33689839572192515 0.25 0.32085561497326204 0.266025641025641 0.32085561497326204 0.2692307692307692 0.3155080213903743 0.2724358974358974 0.3155080213903743
1 0.2467948717948718 0.24598930481283424 0.25 0.25133689839572193 0.2564102564102564 0.25133689839572193 0.25961538461538464 0.25668449197860965 0.25961538461538464 0.26737967914438504 0.2692307692307692 0.28342245989304815 0.2692307692307692 0.2887700534759358 0.266025641025641 0.29411764705882354 0.2403846153846154 0.29411764705882354 0.22756410256410256 0.2727272727272727 0.22756410256410256 0.25668449197860965 0.23076923076923078 0.25668449197860965 0.23397435897435898 0.25133689839572193 0.24358974358974358 0.24598930481283424
1 0.20412517780938827 0.26106601957995146 0.04125177809388336 0.06645316862035128
1 0.6346153846153846 0.3689839572192513 0.6378205128205128 0.3689839572192513 0.6410256410256411 0.36363636363636365 0.6506410256410257 0.36363636363636365 0.6602564102564102 0.37967914438502676 0.6602564102564102 0.40641711229946526 0.6538461538461539 0.40641711229946526 0.6506410256410257 0.4117647058823529 0.6346153846153846 0.4117647058823529 0.6282051282051282 0.39572192513368987 0.6282051282051282 0.37967914438502676 0.6314102564102564 0.37967914438502676 0.6346153846153846 0.37433155080213903
1 0.0641025641025641 0.0213903743315508 0.0673076923076923 0.026737967914438502 0.0673076923076923 0.053475935828877004 0.0641025641025641 0.058823529411764705 0.0641025641025641 0.06417112299465241 0.04487179487179487 0.06417112299465241 0.041666666666666664 0.058823529411764705 0.038461538461538464 0.058823529411764705 0.028846153846153848 0.0427807486631016 0.028846153846153848 0.0213903743315508 0.03205128205128205 0.0213903743315508 0.038461538461538464 0.0106951871657754 0.04807692307692308 0.0106951871657754 0.05128205128205128 0.016042780748663103 0.057692307692307696 0.016042780748663103 0.060897435897435896 0.0213903743315508
1 0.041666666666666664 0.32085561497326204 0.04487179487179487 0.32620320855614976 0.04807692307692308 0.32620320855614976 0.05448717948717949 0.33689839572192515 0.05448717948717949 0.34759358288770054 0.05128205128205128 0.35294117647058826 0.05128205128205128 0.3582887700534759 0.04487179487179487 0.3689839572192513 0.041666666666666664 0.3689839572192513 0.038461538461538464 0.37433155080213903 0.022435897435897436 0.37433155080213903 0.022435897435897436 0.3689839572192513 0.016025641025641024 0.3582887700534759 0.016025641025641024 0.33689839572192515 0.02564102564102564 0.32620320855614976 0.03205128205128205 0.32620320855614976 0.035256410256410256 0.32085561497326204 0.038461538461538464 0.32085561497326204
1 0.3974358974358974 0.9625668449197861 0.3974358974358974 0.946524064171123 0.3942307692307692 0.9411764705882353 0.3942307692307692 0.93048128342246 0.3974358974358974 0.9251336898395722 0.3974358974358974 0.9197860962566845 0.40384615384615385 0.9090909090909091 0.41346153846153844 0.9090909090909091 0.4198717948717949 0.9197860962566845 0.4198717948717949 0.93048128342246 0.42628205128205127 0.946524064171123 0.42628205128205127 0.9572192513368984 0.4198717948717949 0.9679144385026738 0.40384615384615385 0.9679144385026738 0.40064102564102566 0.9625668449197861
1 0.5224358974358975 0.44385026737967914 0.5192307692307693 0.42780748663101603 0.5224358974358975 0.42245989304812837 0.5224358974358975 0.41711229946524064 0.5288461538461539 0.40641711229946526 0.5384615384615384 0.40641711229946526 0.5416666666666666 0.4117647058823529 0.5416666666666666 0.43315508021390375 0.5384615384615384 0.4385026737967914 0.5384615384615384 0.44385026737967914 0.5352564102564102 0.44385026737967914 0.532051282051282 0.44919786096256686 0.5288461538461539 0.44919786096256686 0.5256410256410257 0.44385026737967914
1 0.4166666666666667 0.1497326203208556 0.4230769230769231 0.16042780748663102 0.4230769230769231 0.18181818181818182 0.4198717948717949 0.18716577540106952 0.40384615384615385 0.18716577540106952 0.40384615384615385 0.18181818181818182 0.3974358974358974 0.1711229946524064 0.3974358974358974 0.16042780748663102 0.40384615384615385 0.1497326203208556 0.41346153846153844 0.1497326203208556
2 0.7467948717948718 0.11229946524064172 0.75 0.11764705882352941 0.7532051282051282 0.11764705882352941 0.7532051282051282 0.13368983957219252 0.75 0.13903743315508021 0.7435897435897436 0.12834224598930483 0.7435897435897436 0.11764705882352941
2 0.7756410256410257 0.10695187165775401 0.7756410256410257 0.11764705882352941 0.7692307692307693 0.12834224598930483 0.7628205128205128 0.12834224598930483 0.7596153846153846 0.12299465240641712 0.7596153846153846 0.11229946524064172 0.7628205128205128 0.10695187165775401 0.7724358974358975 0.10695187165775401
2 0.7147435897435898 0.06951871657754011 0.7243589743589743 0.06951871657754011 0.7275641025641025 0.0748663101604278 0.7275641025641025 0.0855614973262032 0.7243589743589743 0.09090909090909091 0.7147435897435898 0.09090909090909091 0.7115384615384616 0.0855614973262032 0.7115384615384616 0.08021390374331551 0.7147435897435898 0.0748663101604278
2 0.7147435897435898 0.0427807486631016 0.717948717948718 0.0481283422459893 0.717948717948718 0.058823529411764705 0.7115384615384616 0.0748663101604278 0.7019230769230769 0.0748663101604278 0.6955128205128205 0.06417112299465241 0.6955128205128205 0.053475935828877004 0.7019230769230769 0.0427807486631016 0.7115384615384616 0.0427807486631016
2 0.5512820512820513 0.5775401069518716 0.5512820512820513 0.6042780748663101 0.5416666666666666 0.6042780748663101 0.5416666666666666 0.5775401069518716 0.5480769230769231 0.5775401069518716
1 0.32051282051282054 0.8181818181818182 0.32371794871794873 0.8235294117647058 0.3269230769230769 0.8235294117647058 0.33653846153846156 0.839572192513369 0.33653846153846156 0.8716577540106952 0.3333333333333333 0.8716577540106952 0.3301282051282051 0.8770053475935828 0.3173076923076923 0.8770053475935828 0.3141025641025641 0.8716577540106952 0.3141025641025641 0.8556149732620321 0.3076923076923077 0.8449197860962567 0.30448717948717946 0.8449197860962567 0.30128205128205127 0.839572192513369 0.30128205128205127 0.8235294117647058 0.30448717948717946 0.8235294117647058 0.3076923076923077 0.8181818181818182 0.3173076923076923 0.8181818181818182
1 0.4358974358974359 0.25133689839572193 0.4519230769230769 0.25133689839572193 0.46153846153846156 0.26737967914438504 0.46153846153846156 0.27807486631016043 0.4583333333333333 0.28342245989304815 0.4583333333333333 0.2887700534759358 0.44551282051282054 0.2887700534759358 0.4423076923076923 0.29411764705882354 0.4326923076923077 0.28342245989304815 0.4326923076923077 0.2620320855614973 0.4358974358974359 0.25668449197860965
2 0.3173076923076923 0.2620320855614973 0.3173076923076923 0.25133689839572193 0.3141025641025641 0.24598930481283424 0.3141025641025641 0.23529411764705882 0.32371794871794873 0.22459893048128343 0.3333333333333333 0.22459893048128343 0.33653846153846156 0.22994652406417113 0.33653846153846156 0.2620320855614973 0.3333333333333333 0.26737967914438504 0.32371794871794873 0.26737967914438504 0.32051282051282054 0.2620320855614973
1 0.2382645803698435 0.21478613429077825 0.03271692745376956 0.05458653136671713
1 0.6089743589743589 0.40106951871657753 0.6121794871794872 0.40641711229946526 0.6121794871794872 0.41711229946524064 0.6025641025641025 0.43315508021390375 0.5833333333333334 0.43315508021390375 0.5833333333333334 0.42780748663101603 0.5801282051282052 0.42245989304812837 0.5801282051282052 0.40641711229946526 0.5833333333333334 0.40106951871657753 0.6057692307692307 0.40106951871657753
1 0.5865384615384616 0.12299465240641712 0.592948717948718 0.13368983957219252 0.592948717948718 0.15508021390374332 0.5865384615384616 0.1657754010695187 0.5705128205128205 0.1657754010695187 0.5673076923076923 0.1711229946524064 0.5641025641025641 0.1657754010695187 0.5576923076923077 0.1657754010695187 0.5576923076923077 0.16042780748663102 0.5544871794871795 0.15508021390374332 0.5544871794871795 0.1443850267379679 0.5608974358974359 0.13368983957219252 0.5641025641025641 0.13368983957219252 0.5737179487179487 0.12299465240641712 0.5833333333333334 0.12299465240641712
1 0.34294871794871795 0.053475935828877004 0.3525641025641026 0.0481283422459893 0.3557692307692308 0.053475935828877004 0.358974358974359 0.053475935828877004 0.3685897435897436 0.06951871657754011 0.3685897435897436 0.08021390374331551 0.36538461538461536 0.08021390374331551 0.36217948717948717 0.0855614973262032 0.3525641025641026 0.0855614973262032 0.34294871794871795 0.0748663101604278 0.34294871794871795 0.058823529411764705
1 0.3076923076923077 0.026737967914438502 0.3141025641025641 0.0374331550802139 0.3141025641025641 0.0427807486631016 0.3173076923076923 0.0481283422459893 0.3173076923076923 0.058823529411764705 0.3141025641025641 0.06417112299465241 0.3141025641025641 0.06951871657754011 0.30448717948717946 0.06951871657754011 0.2980769230769231 0.058823529411764705 0.2948717948717949 0.058823529411764705 0.2916666666666667 0.053475935828877004 0.2916666666666667 0.0427807486631016 0.30128205128205127 0.026737967914438502 0.30448717948717946 0.026737967914438502
2 0.40064102564102566 0.2192513368983957 0.40705128205128205 0.2192513368983957 0.41346153846153844 0.22994652406417113 0.41346153846153844 0.23529411764705882 0.41025641025641024 0.24064171122994651 0.40384615384615385 0.24064171122994651 0.3974358974358974 0.22994652406417113 0.40064102564102566 0.22459893048128343
1 0.6442307692307693 0.8983957219251337 0.6474358974358975 0.9037433155080213 0.6506410256410257 0.8983957219251337 0.6538461538461539 0.9037433155080213 0.657051282051282 0.9037433155080213 0.6634615384615384 0.9144385026737968 0.6634615384615384 0.9518716577540107 0.657051282051282 0.9625668449197861 0.6538461538461539 0.9625668449197861 0.6506410256410257 0.9679144385026738 0.6410256410256411 0.9679144385026738 0.6346153846153846 0.9572192513368984 0.6346153846153846 0.93048128342246 0.6378205128205128 0.9251336898395722 0.6346153846153846 0.9197860962566845 0.6410256410256411 0.9037433155080213
1 0.7564102564102564 0.7593582887700535 0.7660256410256411 0.7754010695187166 0.7660256410256411 0.7914438502673797 0.7564102564102564 0.8074866310160428 0.7467948717948718 0.8074866310160428 0.7371794871794872 0.7914438502673797 0.7339743589743589 0.7914438502673797 0.7339743589743589 0.7754010695187166 0.7435897435897436 0.7593582887700535 0.7532051282051282 0.7593582887700535
1 0.6346153846153846 0.6684491978609626 0.6410256410256411 0.6684491978609626 0.6442307692307693 0.6631016042780749 0.6474358974358975 0.6631016042780749 0.6506410256410257 0.6684491978609626 0.6538461538461539 0.6684491978609626 0.6602564102564102 0.679144385026738 0.6602564102564102 0.6844919786096256 0.6634615384615384 0.6898395721925134 0.6634615384615384 0.7005347593582888 0.6602564102564102 0.7058823529411765 0.6602564102564102 0.7112299465240641 0.6538461538461539 0.7219251336898396 0.6410256410256411 0.7219251336898396 0.6378205128205128 0.7165775401069518 0.6346153846153846 0.7165775401069518 0.6346153846153846 0.7112299465240641 0.6282051282051282 0.6951871657754011 0.6314102564102564 0.6898395721925134 0.6314102564102564 0.679144385026738 0.6346153846153846 0.6737967914438503
1 0.6116642958748222 0.6467317303230616 0.03129445234708393 0.059333186268170794
2 0.5897435897435898 0.5614973262032086 0.592948717948718 0.5668449197860963 0.592948717948718 0.5828877005347594 0.5865384615384616 0.5828877005347594 0.5833333333333334 0.5882352941176471 0.5833333333333334 0.5989304812834224 0.5769230769230769 0.5989304812834224 0.5737179487179487 0.5935828877005348 0.5737179487179487 0.5721925133689839 0.5769230769230769 0.5668449197860963 0.5865384615384616 0.5614973262032086
2 0.4166666666666667 0.5240641711229946 0.42628205128205127 0.5240641711229946 0.42948717948717946 0.5294117647058824 0.4391025641025641 0.5347593582887701 0.4391025641025641 0.5454545454545454 0.4326923076923077 0.5561497326203209 0.4198717948717949 0.5561497326203209 0.41346153846153844 0.5401069518716578 0.41346153846153844 0.5347593582887701 0.4166666666666667 0.5294117647058824
1 0.4230769230769231 0.0855614973262032 0.42948717948717946 0.0962566844919786 0.4326923076923077 0.0962566844919786 0.4326923076923077 0.11764705882352941 0.4358974358974359 0.12299465240641712 0.4358974358974359 0.12834224598930483 0.4326923076923077 0.13368983957219252 0.4166666666666667 0.13368983957219252 0.40705128205128205 0.12299465240641712 0.40384615384615385 0.12299465240641712 0.391025641025641 0.10160427807486631 0.391025641025641 0.0748663101604278 0.3942307692307692 0.06951871657754011 0.41025641025641024 0.06951871657754011 0.4198717948717949 0.0855614973262032
1 0.10668563300142243 0.6704650048303299 0.03698435277382646 0.06882649607107812
1 0.12179487179487179 0.5080213903743316 0.12179487179487179 0.5026737967914439 0.11858974358974358 0.49732620320855614 0.11858974358974358 0.47058823529411764 0.12179487179487179 0.46524064171123 0.13141025641025642 0.45989304812834225 0.13782051282051283 0.44919786096256686 0.14423076923076922 0.44919786096256686 0.14743589743589744 0.44385026737967914 0.15064102564102563 0.44385026737967914 0.16025641025641027 0.45989304812834225 0.16025641025641027 0.46524064171123 0.16346153846153846 0.47058823529411764 0.16346153846153846 0.48663101604278075 0.16025641025641027 0.4919786096256685 0.16025641025641027 0.49732620320855614 0.15384615384615385 0.5080213903743316 0.15064102564102563 0.5080213903743316 0.14743589743589744 0.5133689839572193 0.1282051282051282 0.5133689839572193 0.125 0.5080213903743316
1 0.2564102564102564 0.43315508021390375 0.2564102564102564 0.44385026737967914 0.25961538461538464 0.44919786096256686 0.25961538461538464 0.48128342245989303 0.25 0.4919786096256685 0.2403846153846154 0.48663101604278075 0.23076923076923078 0.47058823529411764 0.23076923076923078 0.44385026737967914 0.2403846153846154 0.42780748663101603 0.25 0.42780748663101603 0.2532051282051282 0.43315508021390375
2 0.17283072546230435 0.7950646959934886 0.029871977240398292 0.04271989411308297
2 0.1955128205128205 0.8342245989304813 0.1955128205128205 0.8609625668449198 0.19230769230769232 0.8663101604278075 0.1794871794871795 0.8663101604278075 0.1794871794871795 0.8609625668449198 0.1762820512820513 0.8556149732620321 0.1762820512820513 0.8342245989304813 0.1794871794871795 0.8288770053475936 0.1891025641025641 0.8288770053475936 0.19230769230769232 0.8342245989304813
2 0.3685897435897436 0.7967914438502673 0.3717948717948718 0.8021390374331551 0.375 0.8021390374331551 0.375 0.8074866310160428 0.3782051282051282 0.8128342245989305 0.3782051282051282 0.8181818181818182 0.375 0.8235294117647058 0.36538461538461536 0.8235294117647058 0.36217948717948717 0.8181818181818182 0.36217948717948717 0.8128342245989305 0.358974358974359 0.8074866310160428 0.358974358974359 0.7967914438502673 0.36538461538461536 0.7967914438502673
1 0.5737179487179487 0.3422459893048128 0.5833333333333334 0.3582887700534759 0.5865384615384616 0.3582887700534759 0.5865384615384616 0.36363636363636365 0.5897435897435898 0.3689839572192513 0.592948717948718 0.3850267379679144 0.5897435897435898 0.39037433155080214 0.5769230769230769 0.39037433155080214 0.5737179487179487 0.39572192513368987 0.5641025641025641 0.39572192513368987 0.5608974358974359 0.39037433155080214 0.5608974358974359 0.3689839572192513 0.5641025641025641 0.36363636363636365 0.5673076923076923 0.34759358288770054 0.5705128205128205 0.34759358288770054
1 0.7051282051282052 0.7112299465240641 0.7243589743589743 0.7112299465240641 0.7243589743589743 0.732620320855615 0.7211538461538461 0.7379679144385026 0.7211538461538461 0.7486631016042781 0.7083333333333334 0.7486631016042781 0.7051282051282052 0.7433155080213903 0.7051282051282052 0.7379679144385026 0.7019230769230769 0.732620320855615 0.7019230769230769 0.7219251336898396 0.7051282051282052 0.7165775401069518
1 0.7923186344238976 0.30497257741839784 0.03129445234708393 0.049839876465263465
1 0.7884615384615384 0.2192513368983957 0.7916666666666666 0.2192513368983957 0.7948717948717948 0.21390374331550802 0.8044871794871795 0.21390374331550802 0.8205128205128205 0.22994652406417113 0.8205128205128205 0.25668449197860965 0.8173076923076923 0.2620320855614973 0.7980769230769231 0.2620320855614973 0.7948717948717948 0.25668449197860965 0.7916666666666666 0.25668449197860965 0.782051282051282 0.24064171122994651 0.782051282051282 0.23529411764705882 0.7884615384615384 0.22459893048128343
1 0.7638691322901849 0.06526650489498786 0.02844950213371266 0.04509322156380981
1 0.918918918918919 0.8888111302971985 0.03129445234708393 0.05458653136671713
2 0.6378205128205128 0.32620320855614976 0.6442307692307693 0.33689839572192515 0.6474358974358975 0.33689839572192515 0.6474358974358975 0.35294117647058826 0.6282051282051282 0.35294117647058826 0.6282051282051282 0.3315508021390374 0.6314102564102564 0.32620320855614976 0.6346153846153846 0.32620320855614976
1 0.39189189189189183 0.282425966636493 0.03271692745376956 0.056959858817443955
1 0.5256410256410257 0.6684491978609626 0.532051282051282 0.679144385026738 0.532051282051282 0.6844919786096256 0.5352564102564102 0.6898395721925134 0.532051282051282 0.7058823529411765 0.5288461538461539 0.7058823529411765 0.5256410256410257 0.7112299465240641 0.5224358974358975 0.7058823529411765 0.5128205128205128 0.7058823529411765 0.5064102564102564 0.6951871657754011 0.5096153846153846 0.679144385026738 0.5128205128205128 0.6737967914438503 0.5224358974358975 0.6684491978609626
1 0.178520625889047 0.6882649607107811 0.029871977240398292 0.0522132039159903
1 0.30128205128205127 0.44919786096256686 0.3076923076923077 0.45989304812834225 0.3076923076923077 0.48663101604278075 0.2980769230769231 0.49732620320855614 0.28846153846153844 0.49732620320855614 0.28525641025641024 0.4919786096256685 0.28205128205128205 0.4919786096256685 0.28205128205128205 0.48663101604278075 0.27884615384615385 0.48128342245989303 0.27884615384615385 0.45989304812834225 0.28846153846153844 0.44919786096256686 0.2980769230769231 0.44919786096256686
1 0.9262820512820513 0.46524064171123 0.9294871794871795 0.47058823529411764 0.9326923076923077 0.47058823529411764 0.9423076923076923 0.48663101604278075 0.9423076923076923 0.4919786096256685 0.9294871794871795 0.5187165775401069 0.907051282051282 0.5187165775401069 0.9038461538461539 0.5133689839572193 0.9038461538461539 0.5080213903743316 0.8974358974358975 0.49732620320855614 0.8974358974358975 0.47058823529411764 0.9038461538461539 0.45989304812834225 0.9198717948717948 0.45989304812834225 0.9230769230769231 0.46524064171123
1 0.6634615384615384 0.026737967914438502 0.6730769230769231 0.0427807486631016 0.6730769230769231 0.06951871657754011 0.6666666666666666 0.08021390374331551 0.6538461538461539 0.08021390374331551 0.6506410256410257 0.0748663101604278 0.6506410256410257 0.06417112299465241 0.6474358974358975 0.058823529411764705 0.6474358974358975 0.0374331550802139 0.6506410256410257 0.03208556149732621 0.6602564102564102 0.026737967914438502
2 0.6730769230769231 0.16042780748663102 0.6826923076923077 0.17647058823529413 0.6826923076923077 0.18181818181818182 0.6730769230769231 0.1925133689839572 0.6634615384615384 0.1925133689839572 0.6602564102564102 0.18716577540106952 0.657051282051282 0.18716577540106952 0.657051282051282 0.18181818181818182 0.6538461538461539 0.17647058823529413 0.6538461538461539 0.16042780748663102 0.657051282051282 0.15508021390374332 0.6666666666666666 0.15508021390374332 0.6698717948717948 0.16042780748663102
2 0.5897435897435898 0.1711229946524064 0.5993589743589743 0.1711229946524064 0.6089743589743589 0.18716577540106952 0.6089743589743589 0.19786096256684493 0.6057692307692307 0.19786096256684493 0.6025641025641025 0.20320855614973263 0.5897435897435898 0.20320855614973263 0.5897435897435898 0.17647058823529413
2 0.6052631578947368 0.3251458607495759 0.02702702702702703 0.0379732392116293
1 0.25 0.7112299465240641 0.26282051282051283 0.7112299465240641 0.26282051282051283 0.7165775401069518 0.2692307692307692 0.732620320855615 0.266025641025641 0.7486631016042781 0.25 0.7486631016042781 0.2467948717948718 0.7433155080213903 0.2467948717948718 0.7219251336898396 0.25 0.7165775401069518
1 0.16987179487179488 0.5187165775401069 0.17307692307692307 0.5240641711229946 0.17307692307692307 0.5401069518716578 0.1762820512820513 0.5454545454545454 0.1762820512820513 0.5668449197860963 0.16666666666666666 0.5775401069518716 0.15705128205128205 0.5721925133689839 0.15064102564102563 0.5614973262032086 0.15064102564102563 0.5401069518716578 0.16346153846153846 0.5187165775401069 0.16666666666666666 0.5187165775401069
1 0.1282051282051282 0.10695187165775401 0.13141025641025642 0.11229946524064172 0.1346153846153846 0.11229946524064172 0.1346153846153846 0.1443850267379679 0.1282051282051282 0.15508021390374332 0.11538461538461539 0.15508021390374332 0.10576923076923077 0.13903743315508021 0.10576923076923077 0.11229946524064172 0.10897435897435898 0.10695187165775401 0.125 0.10695187165775401
1 0.8076923076923077 0.5026737967914439 0.8141025641025641 0.5026737967914439 0.8173076923076923 0.49732620320855614 0.8205128205128205 0.49732620320855614 0.8237179487179487 0.5026737967914439 0.8301282051282052 0.5026737967914439 0.8301282051282052 0.5294117647058824 0.8269230769230769 0.5347593582887701 0.8141025641025641 0.5347593582887701 0.8108974358974359 0.5294117647058824 0.8076923076923077 0.5294117647058824 0.8076923076923077 0.5080213903743316
1 0.8653846153846154 0.09090909090909091 0.8685897435897436 0.0962566844919786 0.8717948717948718 0.0962566844919786 0.8717948717948718 0.10160427807486631 0.875 0.10695187165775401 0.875 0.13903743315508021 0.8717948717948718 0.1443850267379679 0.8685897435897436 0.1443850267379679 0.8621794871794872 0.15508021390374332 0.8525641025641025 0.15508021390374332 0.8397435897435898 0.13368983957219252 0.8397435897435898 0.11229946524064172 0.8461538461538461 0.10160427807486631 0.8461538461538461 0.09090909090909091 0.8493589743589743 0.0855614973262032 0.8589743589743589 0.0855614973262032 0.8621794871794872 0.09090909090909091
1 0.7147435897435898 0.8181818181818182 0.7211538461538461 0.8288770053475936 0.7211538461538461 0.8556149732620321 0.6987179487179487 0.8556149732620321 0.6955128205128205 0.8502673796791443 0.6955128205128205 0.8342245989304813 0.6987179487179487 0.8288770053475936 0.6987179487179487 0.8235294117647058 0.7019230769230769 0.8181818181818182 0.7115384615384616 0.8181818181818182
2 0.08463726884779514 0.33226584310175644 0.02702702702702703 0.04271989411308297
2 0.08333333333333333 0.2192513368983957 0.08333333333333333 0.24064171122994651 0.08012820512820513 0.24598930481283424 0.07371794871794872 0.24598930481283424 0.0641025641025641 0.23529411764705882 0.0641025641025641 0.2192513368983957 0.0673076923076923 0.21390374331550802 0.07692307692307693 0.21390374331550802 0.08012820512820513 0.2192513368983957
2 0.21153846153846154 0.40106951871657753 0.22115384615384615 0.40106951871657753 0.22435897435897437 0.40641711229946526 0.22435897435897437 0.42780748663101603 0.22115384615384615 0.43315508021390375 0.21153846153846154 0.43315508021390375 0.21153846153846154 0.42245989304812837 0.20833333333333334 0.41711229946524064 0.20833333333333334 0.4117647058823529 0.21153846153846154 0.40641711229946526
2 0.20192307692307693 0.44919786096256686 0.21794871794871795 0.44919786096256686 0.21794871794871795 0.45454545454545453 0.22115384615384615 0.45989304812834225 0.22115384615384615 0.46524064171123 0.21474358974358973 0.48128342245989303 0.20192307692307693 0.48128342245989303 0.20192307692307693 0.45454545454545453
2 0.8108974358974359 0.6577540106951871 0.8237179487179487 0.6577540106951871 0.8237179487179487 0.6631016042780749 0.8269230769230769 0.6684491978609626 0.8269230769230769 0.6844919786096256 0.8237179487179487 0.6898395721925134 0.8141025641025641 0.6898395721925134 0.8076923076923077 0.679144385026738 0.8076923076923077 0.6684491978609626 0.8108974358974359 0.6631016042780749
2 0.8012820512820513 0.7540106951871658 0.8044871794871795 0.7593582887700535 0.8044871794871795 0.7700534759358288 0.7980769230769231 0.7807486631016043 0.7916666666666666 0.7807486631016043 0.7884615384615384 0.7754010695187166 0.7884615384615384 0.7593582887700535 0.7980769230769231 0.7540106951871658
2 0.842948717948718 0.8449197860962567 0.8493589743589743 0.8556149732620321 0.8493589743589743 0.8770053475935828 0.8397435897435898 0.8877005347593583 0.8333333333333334 0.8877005347593583 0.8301282051282052 0.8823529411764706 0.8269230769230769 0.8823529411764706 0.8269230769230769 0.8770053475935828 0.8237179487179487 0.8716577540106952 0.8269230769230769 0.8663101604278075 0.8269230769230769 0.8609625668449198 0.8301282051282052 0.8609625668449198 0.8333333333333334 0.8556149732620321 0.8333333333333334 0.8502673796791443 0.8365384615384616 0.8449197860962567 0.8397435897435898 0.8449197860962567
2 0.9359886201991464 0.633678429344064 0.02275960170697013 0.04271989411308297
2 0.8301282051282052 0.37967914438502676 0.842948717948718 0.37967914438502676 0.8461538461538461 0.3850267379679144 0.8461538461538461 0.39572192513368987 0.842948717948718 0.40106951871657753 0.8365384615384616 0.40106951871657753 0.8333333333333334 0.39572192513368987 0.8301282051282052 0.39572192513368987 0.8301282051282052 0.3850267379679144
2 0.8406827880512091 0.4616121891663687 0.02275960170697013 0.04509322156380981
2 0.4166666666666667 0.8342245989304813 0.42628205128205127 0.8342245989304813 0.4326923076923077 0.8449197860962567 0.4358974358974359 0.8449197860962567 0.4358974358974359 0.8609625668449198 0.42948717948717946 0.8609625668449198 0.42628205128205127 0.8556149732620321 0.4198717948717949 0.8556149732620321 0.4166666666666667 0.8502673796791443 0.4166666666666667 0.839572192513369
2 0.32371794871794873 0.5401069518716578 0.3269230769230769 0.5454545454545454 0.3269230769230769 0.5614973262032086 0.32051282051282054 0.5614973262032086 0.32051282051282054 0.5454545454545454
1 0.13940256045519198 0.1898661960581465 0.02844950213371266 0.0522132039159903
1 0.1282051282051282 0.5294117647058824 0.1282051282051282 0.5347593582887701 0.13141025641025642 0.5401069518716578 0.13141025641025642 0.5508021390374331 0.1282051282051282 0.5561497326203209 0.1282051282051282 0.5614973262032086 0.125 0.5614973262032086 0.12179487179487179 0.5668449197860963 0.12179487179487179 0.5721925133689839 0.11858974358974358 0.5721925133689839 0.11538461538461539 0.5775401069518716 0.10576923076923077 0.5775401069518716 0.10256410256410256 0.5721925133689839 0.09615384615384616 0.5721925133689839 0.08974358974358974 0.5614973262032086 0.08974358974358974 0.5401069518716578 0.09294871794871795 0.5347593582887701 0.09615384615384616 0.5347593582887701 0.10576923076923077 0.5454545454545454 0.10897435897435898 0.5401069518716578 0.10897435897435898 0.5294117647058824 0.11217948717948718 0.5240641711229946 0.12179487179487179 0.5240641711229946 0.125 0.5294117647058824
1 0.34615384615384615 0.6096256684491979 0.34294871794871795 0.6042780748663101 0.3333333333333333 0.6042780748663101 0.3301282051282051 0.5989304812834224 0.3301282051282051 0.5721925133689839 0.34294871794871795 0.5508021390374331 0.34615384615384615 0.5508021390374331 0.34935897435897434 0.5454545454545454 0.358974358974359 0.5454545454545454 0.36538461538461536 0.5561497326203209 0.36538461538461536 0.5614973262032086 0.36217948717948717 0.5668449197860963 0.36217948717948717 0.5882352941176471 0.3557692307692308 0.5989304812834224 0.3525641025641026 0.5989304812834224 0.34935897435897434 0.6042780748663101
1 0.32371794871794873 0.3850267379679144 0.34294871794871795 0.3850267379679144 0.34935897435897434 0.39572192513368987 0.34935897435897434 0.40641711229946526 0.3525641025641026 0.4117647058823529 0.3525641025641026 0.42245989304812837 0.34935897435897434 0.42780748663101603 0.34935897435897434 0.43315508021390375 0.3269230769230769 0.43315508021390375 0.3269230769230769 0.42245989304812837 0.32371794871794873 0.41711229946524064 0.32371794871794873 0.39037433155080214
1 0.5256410256410257 0.3155080213903743 0.5288461538461539 0.32085561497326204 0.532051282051282 0.32085561497326204 0.532051282051282 0.35294117647058826 0.5288461538461539 0.35294117647058826 0.5224358974358975 0.36363636363636365 0.5064102564102564 0.36363636363636365 0.4967948717948718 0.34759358288770054 0.4967948717948718 0.32620320855614976 0.5 0.32085561497326204 0.5032051282051282 0.32085561497326204 0.5064102564102564 0.3155080213903743 0.5224358974358975 0.3155080213903743
1 0.7756410256410257 0.34759358288770054 0.7788461538461539 0.35294117647058826 0.7788461538461539 0.37433155080213903 0.7724358974358975 0.3850267379679144 0.7564102564102564 0.3850267379679144 0.75 0.37433155080213903 0.75 0.3689839572192513 0.7564102564102564 0.35294117647058826 0.7596153846153846 0.35294117647058826 0.7628205128205128 0.34759358288770054 0.7724358974358975 0.34759358288770054
1 0.45661450924608815 0.33463917055248327 0.03129445234708393 0.0522132039159903
1 0.21153846153846154 0.5454545454545454 0.21474358974358973 0.5508021390374331 0.21794871794871795 0.5508021390374331 0.21794871794871795 0.5561497326203209 0.22115384615384615 0.5614973262032086 0.22115384615384615 0.5668449197860963 0.21794871794871795 0.5721925133689839 0.22115384615384615 0.5775401069518716 0.22115384615384615 0.5882352941176471 0.22435897435897437 0.5935828877005348 0.21794871794871795 0.6042780748663101 0.21474358974358973 0.6042780748663101 0.21153846153846154 0.5989304812834224 0.20512820512820512 0.5989304812834224 0.20512820512820512 0.5935828877005348 0.20192307692307693 0.5882352941176471 0.20192307692307693 0.5775401069518716 0.20512820512820512 0.5721925133689839 0.20512820512820512 0.5561497326203209 0.20833333333333334 0.5508021390374331
1 0.1987179487179487 0.5133689839572193 0.20512820512820512 0.5240641711229946 0.21153846153846154 0.5240641711229946 0.21153846153846154 0.5294117647058824 0.21474358974358973 0.5347593582887701 0.21153846153846154 0.5508021390374331 0.20192307692307693 0.5508021390374331 0.1955128205128205 0.5614973262032086 0.19230769230769232 0.5614973262032086 0.18269230769230768 0.5508021390374331 0.18269230769230768 0.5347593582887701 0.1858974358974359 0.5294117647058824 0.1858974358974359 0.5240641711229946 0.1955128205128205 0.5187165775401069
2 0.5544871794871795 0.8716577540106952 0.5576923076923077 0.8770053475935828 0.5576923076923077 0.8877005347593583 0.5544871794871795 0.8877005347593583 0.5480769230769231 0.9037433155080213 0.5448717948717948 0.8983957219251337 0.5416666666666666 0.8983957219251337 0.5416666666666666 0.8770053475935828 0.5512820512820513 0.8716577540106952
2 0.47435897435897434 0.4385026737967914 0.4775641025641026 0.44385026737967914 0.4775641025641026 0.47058823529411764 0.47435897435897434 0.47593582887700536 0.46794871794871795 0.47593582887700536 0.46153846153846156 0.45989304812834225 0.46153846153846156 0.44919786096256686 0.46794871794871795 0.4385026737967914 0.47115384615384615 0.4385026737967914
2 0.49038461538461536 0.27807486631016043 0.5 0.2887700534759358 0.5 0.3048128342245989 0.4967948717948718 0.31016042780748665 0.48717948717948717 0.31016042780748665 0.4807692307692308 0.2994652406417112 0.4807692307692308 0.28342245989304815 0.483974358974359 0.27807486631016043 0.48717948717948717 0.27807486631016043
2 0.5064102564102564 0.8235294117647058 0.5128205128205128 0.8235294117647058 0.5160256410256411 0.8288770053475936 0.5192307692307693 0.8288770053475936 0.5192307692307693 0.8449197860962567 0.5160256410256411 0.8502673796791443 0.5096153846153846 0.8502673796791443 0.5064102564102564 0.8449197860962567 0.5064102564102564 0.8288770053475936
2 0.75 0.7112299465240641 0.7532051282051282 0.7112299465240641 0.7564102564102564 0.7058823529411765 0.7660256410256411 0.7112299465240641 0.7660256410256411 0.732620320855615 0.7532051282051282 0.732620320855615 0.75 0.7272727272727273 0.75 0.7165775401069518
1 0.7852062588904695 0.5304386852374469 0.02844950213371266 0.049839876465263465
1 0.3814102564102564 0.5882352941176471 0.391025641025641 0.5935828877005348 0.40064102564102566 0.6096256684491979 0.40064102564102566 0.6203208556149733 0.3974358974358974 0.6256684491978609 0.3974358974358974 0.6310160427807486 0.3942307692307692 0.6363636363636364 0.38782051282051283 0.6363636363636364 0.3782051282051282 0.6256684491978609 0.3782051282051282 0.5989304812834224 0.3814102564102564 0.5935828877005348
1 0.11217948717948718 0.7754010695187166 0.11858974358974358 0.786096256684492 0.11858974358974358 0.8181818181818182 0.11538461538461539 0.8235294117647058 0.10897435897435898 0.8235294117647058 0.10576923076923077 0.8288770053475936 0.09615384615384616 0.8288770053475936 0.09294871794871795 0.8235294117647058 0.09294871794871795 0.8128342245989305 0.08974358974358974 0.8074866310160428 0.08974358974358974 0.7914438502673797 0.09935897435897435 0.7754010695187166 0.10897435897435898 0.7754010695187166
1 0.07051282051282051 0.6737967914438503 0.07371794871794872 0.679144385026738 0.08012820512820513 0.679144385026738 0.08974358974358974 0.6951871657754011 0.08974358974358974 0.7272727272727273 0.08333333333333333 0.7379679144385026 0.0673076923076923 0.7379679144385026 0.060897435897435896 0.7272727272727273 0.060897435897435896 0.679144385026738 0.0641025641025641 0.6737967914438503 0.0673076923076923 0.6737967914438503
2 0.6762820512820513 0.6898395721925134 0.6794871794871795 0.6898395721925134 0.6858974358974359 0.7005347593582888 0.6858974358974359 0.7058823529411765 0.6762820512820513 0.7058823529411765 0.6762820512820513 0.6951871657754011
2 0.6826923076923077 0.6417112299465241 0.6858974358974359 0.6470588235294118 0.6891025641025641 0.6470588235294118 0.6891025641025641 0.6577540106951871 0.6826923076923077 0.6684491978609626 0.6730769230769231 0.6684491978609626 0.6698717948717948 0.6631016042780749 0.6698717948717948 0.6577540106951871 0.6730769230769231 0.6524064171122995 0.6762820512820513 0.6577540106951871 0.6794871794871795 0.6524064171122995 0.6794871794871795 0.6470588235294118
2 0.6955128205128205 0.7967914438502673 0.6955128205128205 0.8128342245989305 0.6923076923076923 0.8181818181818182 0.6891025641025641 0.8181818181818182 0.6858974358974359 0.8128342245989305 0.6858974358974359 0.8021390374331551 0.6891025641025641 0.7967914438502673 0.6923076923076923 0.7967914438502673
2 0.42176386913229014 0.4046523303489248 0.015647226173541966 0.040346566662356136
2 0.3942307692307692 0.32085561497326204 0.3974358974358974 0.32620320855614976 0.3974358974358974 0.33689839572192515 0.391025641025641 0.34759358288770054 0.38782051282051283 0.34759358288770054 0.3814102564102564 0.33689839572192515 0.3814102564102564 0.3315508021390374 0.38782051282051283 0.32085561497326204 0.391025641025641 0.32085561497326204
2 0.33072546230440963 0.35599911760902475 0.021337126600284497 0.04271989411308297
2 0.33974358974358976 0.47593582887700536 0.34294871794871795 0.47593582887700536 0.34935897435897434 0.48663101604278075 0.3525641025641026 0.48663101604278075 0.3525641025641026 0.49732620320855614 0.34615384615384615 0.49732620320855614 0.33974358974358976 0.48663101604278075 0.33974358974358976 0.48128342245989303
2 0.3269230769230769 0.5026737967914439 0.33653846153846156 0.5026737967914439 0.33974358974358976 0.5080213903743316 0.33974358974358976 0.5133689839572193 0.33653846153846156 0.5187165775401069 0.3269230769230769 0.5187165775401069 0.3269230769230769 0.5080213903743316
2 0.5192307692307693 0.732620320855615 0.5224358974358975 0.7379679144385026 0.5224358974358975 0.7486631016042781 0.5256410256410257 0.7540106951871658 0.5256410256410257 0.7700534759358288 0.5224358974358975 0.7700534759358288 0.5160256410256411 0.7593582887700535 0.5160256410256411 0.732620320855615
2 0.4358974358974359 0.053475935828877004 0.4391025641025641 0.058823529411764705 0.4391025641025641 0.08021390374331551 0.4198717948717949 0.08021390374331551 0.4198717948717949 0.0748663101604278 0.4166666666666667 0.06951871657754011 0.4166666666666667 0.058823529411764705 0.4198717948717949 0.053475935828877004 0.4230769230769231 0.053475935828877004 0.42628205128205127 0.0481283422459893 0.42948717948717946 0.0481283422459893 0.4326923076923077 0.053475935828877004
2 0.12179487179487179 0.22994652406417113 0.125 0.23529411764705882 0.125 0.24598930481283424 0.12179487179487179 0.25133689839572193 0.11538461538461539 0.25133689839572193 0.11217948717948718 0.24598930481283424 0.11217948717948718 0.23529411764705882 0.11538461538461539 0.22994652406417113 0.11858974358974358 0.22994652406417113
2 0.09294871794871795 0.24064171122994651 0.09935897435897435 0.24064171122994651 0.10256410256410256 0.24598930481283424 0.10256410256410256 0.25133689839572193 0.09935897435897435 0.25668449197860965 0.09294871794871795 0.25668449197860965 0.08974358974358974 0.25133689839572193 0.09294871794871795 0.24598930481283424
1 0.6666666666666666 0.5775401069518716 0.6666666666666666 0.5828877005347594 0.6698717948717948 0.5882352941176471 0.6698717948717948 0.6042780748663101 0.6634615384615384 0.6203208556149733 0.6506410256410257 0.6203208556149733 0.6474358974358975 0.6149732620320856 0.6474358974358975 0.5882352941176471 0.657051282051282 0.5721925133689839 0.6602564102564102 0.5721925133689839 0.6634615384615384 0.5775401069518716
1 0.2467948717948718 0.786096256684492 0.25 0.7914438502673797 0.2532051282051282 0.7914438502673797 0.2532051282051282 0.8128342245989305 0.2467948717948718 0.8235294117647058 0.2403846153846154 0.8235294117647058 0.23717948717948717 0.8181818181818182 0.23397435897435898 0.8181818181818182 0.22756410256410256 0.8074866310160428 0.22756410256410256 0.7967914438502673 0.23397435897435898 0.786096256684492 0.24358974358974358 0.786096256684492
2 0.3812233285917496 0.7357315097253178 0.008534850640113797 0.014239964704360989
2 0.3805120910384068 0.710811571492686 0.00995732574679943 0.01661329215508782
2 0.3076923076923077 0.7486631016042781 0.3108974358974359 0.7540106951871658 0.3108974358974359 0.7647058823529411 0.30128205128205127 0.7754010695187166 0.2980769230769231 0.7700534759358288 0.2980769230769231 0.7540106951871658 0.30128205128205127 0.7486631016042781 0.30448717948717946 0.7486631016042781
1 0.3076923076923077 0.5668449197860963 0.3141025641025641 0.5775401069518716 0.3141025641025641 0.5828877005347594 0.3173076923076923 0.5882352941176471 0.32051282051282054 0.5882352941176471 0.32051282051282054 0.5935828877005348 0.32371794871794873 0.5989304812834224 0.32371794871794873 0.6096256684491979 0.3173076923076923 0.6203208556149733 0.2948717948717949 0.6203208556149733 0.28846153846153844 0.6096256684491979 0.28846153846153844 0.6042780748663101 0.28525641025641024 0.5989304812834224 0.28525641025641024 0.5882352941176471 0.2916666666666667 0.5775401069518716 0.2916666666666667 0.5721925133689839 0.2948717948717949 0.5668449197860963 0.30448717948717946 0.5668449197860963
1 0.28022759601706965 0.42482561368010285 0.02844950213371266 0.04271989411308297
1 0.23076923076923078 0.3582887700534759 0.23076923076923078 0.36363636363636365 0.23717948717948717 0.37433155080213903 0.23717948717948717 0.3850267379679144 0.23397435897435898 0.39037433155080214 0.22115384615384615 0.39037433155080214 0.21794871794871795 0.3850267379679144 0.21474358974358973 0.3850267379679144 0.20833333333333334 0.37433155080213903 0.21794871794871795 0.3582887700534759 0.22756410256410256 0.3582887700534759
1 0.8621794871794872 0.7807486631016043 0.8782051282051282 0.7807486631016043 0.8814102564102564 0.786096256684492 0.8846153846153846 0.786096256684492 0.8846153846153846 0.7914438502673797 0.8878205128205128 0.7967914438502673 0.8878205128205128 0.8128342245989305 0.8846153846153846 0.8181818181818182 0.8846153846153846 0.8288770053475936 0.8814102564102564 0.8342245989304813 0.8717948717948718 0.8342245989304813 0.8685897435897436 0.839572192513369 0.8589743589743589 0.839572192513369 0.8525641025641025 0.8288770053475936 0.8525641025641025 0.8021390374331551 0.8557692307692307 0.7967914438502673 0.8589743589743589 0.7967914438502673 0.8621794871794872 0.7914438502673797 0.8621794871794872 0.786096256684492
1 0.9166666666666666 0.37967914438502676 0.9198717948717948 0.3850267379679144 0.9198717948717948 0.4117647058823529 0.9166666666666666 0.41711229946524064 0.9038461538461539 0.41711229946524064 0.9006410256410257 0.4117647058823529 0.9006410256410257 0.3850267379679144 0.9038461538461539 0.37967914438502676 0.9134615384615384 0.37967914438502676
1 0.9054054054054053 0.2705593293828588 0.015647226173541966 0.0379732392116293
1 0.8108974358974359 0.0427807486631016 0.8141025641025641 0.0481283422459893 0.8141025641025641 0.06417112299465241 0.8076923076923077 0.0748663101604278 0.7980769230769231 0.0748663101604278 0.7916666666666666 0.06417112299465241 0.7916666666666666 0.053475935828877004 0.7980769230769231 0.0427807486631016 0.8076923076923077 0.0427807486631016
2 0.5897435897435898 0.0427807486631016 0.5993589743589743 0.053475935828877004 0.5993589743589743 0.06951871657754011 0.5961538461538461 0.0748663101604278 0.5865384615384616 0.0748663101604278 0.5833333333333334 0.06951871657754011 0.5833333333333334 0.06417112299465241 0.5801282051282052 0.058823529411764705 0.5801282051282052 0.0481283422459893 0.5833333333333334 0.0427807486631016 0.5865384615384616 0.0427807486631016
2 0.32930298719772405 0.05339986764135372 0.015647226173541966 0.030853256859448813
2 0.1858974358974359 0.0481283422459893 0.19230769230769232 0.06417112299465241 0.19230769230769232 0.0748663101604278 0.1891025641025641 0.08021390374331551 0.1794871794871795 0.08021390374331551 0.1762820512820513 0.0748663101604278 0.1762820512820513 0.058823529411764705 0.1794871794871795 0.058823529411764705 0.18269230769230768 0.053475935828877004
2 0.12179487179487179 0.058823529411764705 0.125 0.06417112299465241 0.13141025641025642 0.06417112299465241 0.13141025641025642 0.0855614973262032 0.1282051282051282 0.09090909090909091 0.1282051282051282 0.0962566844919786 0.125 0.0962566844919786 0.12179487179487179 0.10160427807486631 0.11538461538461539 0.10160427807486631 0.11217948717948718 0.0962566844919786 0.11217948717948718 0.06951871657754011 0.11538461538461539 0.06417112299465241 0.11858974358974358 0.06417112299465241
2 0.02564102564102564 0.1497326203208556 0.02564102564102564 0.13368983957219252 0.028846153846153848 0.12834224598930483 0.038461538461538464 0.12834224598930483 0.04487179487179487 0.1443850267379679 0.041666666666666664 0.1497326203208556 0.028846153846153848 0.1497326203208556
1 0.0641025641025641 0.2727272727272727 0.07051282051282051 0.2727272727272727 0.07371794871794872 0.26737967914438504 0.08333333333333333 0.26737967914438504 0.08653846153846154 0.2727272727272727 0.09294871794871795 0.2727272727272727 0.10256410256410256 0.2887700534759358 0.10256410256410256 0.29411764705882354 0.09615384615384616 0.3048128342245989 0.0673076923076923 0.3048128342245989 0.0641025641025641 0.2994652406417112 0.0641025641025641 0.27807486631016043
1 0.041666666666666664 0.26737967914438504 0.04807692307692308 0.28342245989304815 0.04807692307692308 0.3048128342245989 0.038461538461538464 0.3155080213903743 0.019230769230769232 0.3155080213903743 0.01282051282051282 0.2994652406417112 0.01282051282051282 0.2727272727272727 0.016025641025641024 0.26737967914438504 0.038461538461538464 0.26737967914438504
1 0.10576923076923077 0.8556149732620321 0.10576923076923077 0.8663101604278075 0.09935897435897435 0.8770053475935828 0.09615384615384616 0.893048128342246 0.08012820512820513 0.893048128342246 0.07692307692307693 0.8877005347593583 0.07692307692307693 0.8609625668449198 0.08653846153846154 0.8449197860962567 0.08974358974358974 0.8449197860962567 0.09294871794871795 0.8502673796791443 0.09935897435897435 0.8502673796791443 0.10256410256410256 0.8556149732620321
2 0.7083333333333334 0.8983957219251337 0.7147435897435898 0.8983957219251337 0.717948717948718 0.9037433155080213 0.717948717948718 0.9144385026737968 0.7083333333333334 0.9144385026737968 0.7083333333333334 0.9037433155080213
2 0.7147435897435898 0.93048128342246 0.717948717948718 0.9358288770053476 0.717948717948718 0.9411764705882353 0.7147435897435898 0.946524064171123 0.7083333333333334 0.946524064171123 0.7051282051282052 0.9411764705882353 0.7051282051282052 0.9358288770053476 0.7083333333333334 0.93048128342246 0.7115384615384616 0.93048128342246
2 0.3301282051282051 0.4385026737967914 0.3333333333333333 0.44385026737967914 0.33653846153846156 0.44385026737967914 0.33653846153846156 0.44919786096256686 0.33974358974358976 0.45454545454545453 0.33653846153846156 0.45989304812834225 0.3333333333333333 0.45989304812834225 0.3301282051282051 0.45454545454545453 0.3269230769230769 0.45454545454545453 0.3269230769230769 0.44385026737967914