1 0.7980769230769231 0.5625 0.8012820512820513 0.5703125 0.8108974358974359 0.578125 0.8205128205128205 0.6015625 0.8205128205128205 0.6484375 0.8108974358974359 0.671875 0.8044871794871795 0.671875 0.8012820512820513 0.6796875 0.7980769230769231 0.6796875 0.7948717948717948 0.671875 0.7852564102564102 0.671875 0.782051282051282 0.6640625 0.7788461538461539 0.6640625 0.7724358974358975 0.6484375 0.7724358974358975 0.59375 0.7852564102564102 0.5625 0.7948717948717948 0.5625
1 0.30448717948717946 0.2578125 0.3108974358974359 0.28125 0.3108974358974359 0.3203125 0.3076923076923077 0.328125 0.3076923076923077 0.34375 0.2980769230769231 0.3671875 0.27564102564102566 0.3671875 0.266025641025641 0.34375 0.266025641025641 0.3359375 0.26282051282051283 0.328125 0.26282051282051283 0.28125 0.266025641025641 0.2734375 0.266025641025641 0.265625 0.27564102564102566 0.25 0.2980769230769231 0.25 0.30128205128205127 0.2578125
1 0.5096153846153846 0.0234375 0.5192307692307693 0.046875 0.5192307692307693 0.0546875 0.5224358974358975 0.0625 0.5224358974358975 0.1171875 0.5128205128205128 0.140625 0.5096153846153846 0.140625 0.5064102564102564 0.1484375 0.48717948717948717 0.1484375 0.483974358974359 0.140625 0.4807692307692308 0.140625 0.47115384615384615 0.1171875 0.47115384615384615 0.109375 0.46794871794871795 0.1015625 0.46794871794871795 0.0703125 0.47115384615384615 0.0625 0.47435897435897434 0.0390625 0.4775641025641026 0.03125 0.4807692307692308 0.03125 0.483974358974359 0.0234375 0.5064102564102564 0.0234375
1 0.36538461538461536 0.484375 0.3717948717948718 0.5078125 0.3717948717948718 0.53125 0.3685897435897436 0.5390625 0.3685897435897436 0.546875 0.358974358974359 0.5703125 0.34294871794871795 0.5703125 0.33974358974358976 0.5625 0.33653846153846156 0.5625 0.3269230769230769 0.5390625 0.3269230769230769 0.5078125 0.3301282051282051 0.5 0.3301282051282051 0.4921875 0.33974358974358976 0.46875 0.34935897435897434 0.46875 0.3525641025641026 0.4765625 0.358974358974359 0.4765625 0.36217948717948717 0.484375
1 0.8044871794871795 0.28125 0.8076923076923077 0.2890625 0.8108974358974359 0.2890625 0.8173076923076923 0.3046875 0.8173076923076923 0.3203125 0.8205128205128205 0.328125 0.8205128205128205 0.34375 0.8173076923076923 0.3515625 0.8173076923076923 0.3671875 0.8141025641025641 0.375 0.8141025641025641 0.3828125 0.8076923076923077 0.3984375 0.8012820512820513 0.3984375 0.7980769230769231 0.40625 0.7916666666666666 0.40625 0.7884615384615384 0.3984375 0.782051282051282 0.3984375 0.7724358974358975 0.3828125 0.7724358974358975 0.375 0.7692307692307693 0.3671875 0.7692307692307693 0.3125 0.7788461538461539 0.2890625 0.782051282051282 0.2890625 0.7852564102564102 0.28125 0.8012820512820513 0.28125
1 0.8493589743589743 0.4140625 0.8525641025641025 0.421875 0.8557692307692307 0.421875 0.8557692307692307 0.4296875 0.8589743589743589 0.4375 0.8589743589743589 0.4765625 0.8557692307692307 0.484375 0.8557692307692307 0.4921875 0.842948717948718 0.5234375 0.8237179487179487 0.5234375 0.8205128205128205 0.515625 0.8173076923076923 0.515625 0.8108974358974359 0.5 0.8108974358974359 0.4921875 0.8076923076923077 0.484375 0.8076923076923077 0.46875 0.8108974358974359 0.4609375 0.8108974358974359 0.4453125 0.8173076923076923 0.421875 0.8205128205128205 0.421875 0.8237179487179487 0.4140625 0.8461538461538461 0.4140625
1 0.9102564102564102 0.5234375 0.9102564102564102 0.515625 0.9038461538461539 0.5 0.9038461538461539 0.4609375 0.9102564102564102 0.4375 0.9134615384615384 0.4375 0.9198717948717948 0.421875 0.9262820512820513 0.421875 0.9294871794871795 0.4140625 0.9519230769230769 0.4140625 0.9615384615384616 0.4375 0.9615384615384616 0.484375 0.9583333333333334 0.4921875 0.9551282051282052 0.515625 0.9455128205128205 0.53125 0.9391025641025641 0.53125 0.9358974358974359 0.5390625 0.9262820512820513 0.5390625 0.9230769230769231 0.53125 0.9166666666666666 0.53125 0.9134615384615384 0.5234375
0 0.2564102564102564 0.6015625 0.26282051282051283 0.6171875 0.27564102564102566 0.6171875 0.28525641025641024 0.640625 0.28525641025641024 0.6484375 0.28846153846153844 0.65625 0.28846153846153844 0.6953125 0.28525641025641024 0.703125 0.28205128205128205 0.7265625 0.27884615384615385 0.7265625 0.2692307692307692 0.7421875 0.24358974358974358 0.7421875 0.2403846153846154 0.734375 0.23397435897435898 0.734375 0.22756410256410256 0.71875 0.22756410256410256 0.7109375 0.22435897435897437 0.703125 0.22435897435897437 0.6796875 0.22115384615384615 0.671875 0.22115384615384615 0.6640625 0.22435897435897437 0.65625 0.22435897435897437 0.640625 0.23397435897435898 0.6171875 0.23717948717948717 0.6171875 0.24358974358974358 0.6015625 0.2532051282051282 0.6015625
1 0.8461538461538461 0.328125 0.8461538461538461 0.28125 0.8557692307692307 0.2578125 0.8717948717948718 0.2578125 0.875 0.265625 0.875 0.2734375 0.8782051282051282 0.28125 0.8782051282051282 0.3203125 0.8717948717948718 0.3359375 0.8685897435897436 0.3359375 0.8653846153846154 0.34375 0.8621794871794872 0.34375 0.8589743589743589 0.3359375 0.8525641025641025 0.3359375 0.8493589743589743 0.328125
1 0.8910256410256411 0.3125 0.8974358974358975 0.328125 0.8974358974358975 0.3359375 0.9006410256410257 0.34375 0.9006410256410257 0.375 0.8910256410256411 0.3984375 0.875 0.3984375 0.8717948717948718 0.390625 0.8685897435897436 0.390625 0.8685897435897436 0.3828125 0.8653846153846154 0.375 0.8653846153846154 0.34375 0.8782051282051282 0.3125 0.8878205128205128 0.3125
1 0.7019230769230769 0.65625 0.7083333333333334 0.671875 0.7083333333333334 0.7109375 0.7051282051282052 0.71875 0.7051282051282052 0.7265625 0.6955128205128205 0.7421875 0.6826923076923077 0.7421875 0.6730769230769231 0.71875 0.6730769230769231 0.6796875 0.6826923076923077 0.65625 0.6987179487179487 0.65625
1 0.07051282051282051 0.2890625 0.08012820512820513 0.3125 0.08333333333333333 0.3359375 0.08012820512820513 0.34375 0.07692307692307693 0.3671875 0.07371794871794872 0.3671875 0.0673076923076923 0.3828125 0.04807692307692308 0.3828125 0.038461538461538464 0.359375 0.038461538461538464 0.3359375 0.041666666666666664 0.328125 0.041666666666666664 0.3203125 0.05128205128205128 0.296875 0.05448717948717949 0.296875 0.057692307692307696 0.2890625 0.0673076923076923 0.2890625
1 0.5705128205128205 0.046875 0.5737179487179487 0.0546875 0.5769230769230769 0.0546875 0.5769230769230769 0.0625 0.5801282051282052 0.0703125 0.5801282051282052 0.1171875 0.5705128205128205 0.140625 0.5544871794871795 0.140625 0.5512820512820513 0.1328125 0.5416666666666666 0.125 0.5416666666666666 0.1171875 0.5384615384615384 0.109375 0.5384615384615384 0.09375 0.5416666666666666 0.0859375 0.5416666666666666 0.0703125 0.5512820512820513 0.046875 0.5576923076923077 0.046875 0.5608974358974359 0.0390625 0.5641025641025641 0.0390625 0.5673076923076923 0.046875
1 0.6987179487179487 0.1484375 0.7083333333333334 0.1640625 0.7083333333333334 0.171875 0.7147435897435898 0.1953125 0.7147435897435898 0.203125 0.7115384615384616 0.2109375 0.7115384615384616 0.2265625 0.7051282051282052 0.2421875 0.7019230769230769 0.2421875 0.6987179487179487 0.25 0.6858974358974359 0.25 0.6826923076923077 0.2421875 0.6762820512820513 0.2421875 0.6730769230769231 0.234375 0.6698717948717948 0.234375 0.6602564102564102 0.2109375 0.6602564102564102 0.1796875 0.6634615384615384 0.171875 0.6634615384615384 0.1640625 0.6698717948717948 0.1484375 0.6730769230769231 0.1484375 0.6762820512820513 0.140625 0.6923076923076923 0.140625 0.6955128205128205 0.1484375
1 0.2948717948717949 0.75 0.2980769230769231 0.7578125 0.30128205128205127 0.7578125 0.3076923076923077 0.78125 0.3076923076923077 0.8203125 0.30448717948717946 0.828125 0.30448717948717946 0.8359375 0.30128205128205127 0.8359375 0.2980769230769231 0.84375 0.28205128205128205 0.84375 0.27884615384615385 0.8359375 0.27564102564102566 0.8359375 0.2724358974358974 0.828125 0.2724358974358974 0.8125 0.2692307692307692 0.8046875 0.2724358974358974 0.796875 0.2724358974358974 0.7734375 0.28205128205128205 0.75 0.2916666666666667 0.75
1 0.15064102564102563 0.703125 0.15705128205128205 0.703125 0.16025641025641027 0.6953125 0.16346153846153846 0.6953125 0.16666666666666666 0.703125 0.1762820512820513 0.7109375 0.1762820512820513 0.71875 0.1794871794871795 0.7265625 0.1794871794871795 0.7578125 0.16987179487179488 0.78125 0.15384615384615385 0.78125 0.14423076923076922 0.765625 0.14423076923076922 0.7265625 0.15064102564102563 0.7109375
1 0.1891025641025641 0.84375 0.1891025641025641 0.8515625 0.19230769230769232 0.859375 0.19230769230769232 0.890625 0.18269230769230768 0.9140625 0.1794871794871795 0.9140625 0.1762820512820513 0.921875 0.16666666666666666 0.921875 0.16346153846153846 0.9140625 0.16025641025641027 0.9140625 0.15384615384615385 0.8984375 0.15384615384615385 0.8671875 0.15705128205128205 0.859375 0.15705128205128205 0.8515625 0.16666666666666666 0.8359375 0.18269230769230768 0.8359375 0.1858974358974359 0.84375
1 0.07371794871794872 0.625 0.08012820512820513 0.640625 0.08012820512820513 0.6796875 0.07371794871794872 0.6953125 0.07051282051282051 0.6953125 0.0673076923076923 0.703125 0.05448717948717949 0.703125 0.04807692307692308 0.6875 0.04807692307692308 0.640625 0.057692307692307696 0.6171875 0.0673076923076923 0.6171875 0.07051282051282051 0.625
1 0.7083333333333334 0.7734375 0.7115384615384616 0.78125 0.7115384615384616 0.828125 0.7051282051282052 0.84375 0.6891025641025641 0.84375 0.6826923076923077 0.828125 0.6826923076923077 0.8203125 0.6794871794871795 0.8125 0.6794871794871795 0.796875 0.6826923076923077 0.7890625 0.6826923076923077 0.7734375 0.6858974358974359 0.765625 0.7019230769230769 0.765625 0.7051282051282052 0.7734375
1 0.09935897435897435 0.7265625 0.10256410256410256 0.734375 0.10576923076923077 0.7578125 0.10256410256410256 0.765625 0.10256410256410256 0.7734375 0.09615384615384616 0.7890625 0.08333333333333333 0.7890625 0.08012820512820513 0.78125 0.08012820512820513 0.7421875 0.08653846153846154 0.7265625 0.09615384615384616 0.7265625
1 0.04424307036247335 0.2507662579957356 0.03091684434968017 0.07535980810234541
1 0.08012820512820513 0.15625 0.08333333333333333 0.1640625 0.08653846153846154 0.1640625 0.08653846153846154 0.171875 0.08974358974358974 0.1796875 0.08974358974358974 0.1953125 0.08653846153846154 0.203125 0.08653846153846154 0.2109375 0.08012820512820513 0.2265625 0.0641025641025641 0.2265625 0.060897435897435896 0.21875 0.060897435897435896 0.1875 0.0641025641025641 0.1796875 0.0641025641025641 0.171875 0.0673076923076923 0.1640625 0.07692307692307693 0.15625
1 0.16987179487179488 0.328125 0.1762820512820513 0.34375 0.1762820512820513 0.3828125 0.16987179487179488 0.40625 0.16666666666666666 0.40625 0.16346153846153846 0.4140625 0.15705128205128205 0.4140625 0.15384615384615385 0.421875 0.15064102564102563 0.421875 0.14743589743589744 0.4140625 0.13782051282051283 0.40625 0.13782051282051283 0.3984375 0.1346153846153846 0.390625 0.1346153846153846 0.375 0.13782051282051283 0.3671875 0.13782051282051283 0.359375 0.15064102564102563 0.328125 0.15705128205128205 0.328125 0.16025641025641027 0.3203125 0.16346153846153846 0.3203125 0.16666666666666666 0.328125
1 0.3076923076923077 0.359375 0.3108974358974359 0.3671875 0.3173076923076923 0.3671875 0.32371794871794873 0.390625 0.32371794871794873 0.4140625 0.32051282051282054 0.421875 0.32051282051282054 0.4296875 0.3108974358974359 0.453125 0.30128205128205127 0.453125 0.2980769230769231 0.4453125 0.2948717948717949 0.4453125 0.28846153846153844 0.4296875 0.28846153846153844 0.3984375 0.2916666666666667 0.390625 0.2916666666666667 0.3828125 0.30128205128205127 0.359375 0.30448717948717946 0.359375
2 0.41346153846153844 0.484375 0.41346153846153844 0.4921875 0.4166666666666667 0.5 0.4166666666666667 0.515625 0.41025641025641024 0.53125 0.40384615384615385 0.53125 0.40064102564102566 0.5234375 0.3974358974358974 0.5234375 0.3974358974358974 0.4921875 0.40064102564102566 0.484375 0.41025641025641024 0.484375
2 0.2947761194029851 0.923807302771855 0.02878464818763326 0.07016257995735607
2 0.7147435897435898 0.6328125 0.7243589743589743 0.625 0.7339743589743589 0.640625 0.7339743589743589 0.6640625 0.7307692307692307 0.671875 0.717948717948718 0.671875 0.7147435897435898 0.6640625 0.7147435897435898 0.640625
2 0.7275641025641025 0.6953125 0.7371794871794872 0.7109375 0.7371794871794872 0.734375 0.7307692307692307 0.75 0.7243589743589743 0.75 0.7211538461538461 0.7421875 0.717948717948718 0.7421875 0.7147435897435898 0.71875 0.7211538461538461 0.703125 0.7243589743589743 0.703125
2 0.8971215351812367 0.7406050106609808 0.022388059701492536 0.05716950959488273
2 0.8621794871794872 0.65625 0.8653846153846154 0.6640625 0.8653846153846154 0.703125 0.8621794871794872 0.7109375 0.8461538461538461 0.7109375 0.8397435897435898 0.6953125 0.8397435897435898 0.671875 0.8461538461538461 0.65625 0.8493589743589743 0.65625 0.8525641025641025 0.6484375 0.8557692307692307 0.6484375 0.8589743589743589 0.65625
2 0.9147121535181236 0.7912779850746269 0.02771855010660981 0.06496535181236673
2 0.907051282051282 0.703125 0.907051282051282 0.6953125 0.9038461538461539 0.6875 0.9038461538461539 0.671875 0.9102564102564102 0.65625 0.9198717948717948 0.65625 0.9262820512820513 0.671875 0.9262820512820513 0.6953125 0.9230769230769231 0.703125 0.9198717948717948 0.703125 0.9166666666666666 0.7109375 0.9134615384615384 0.7109375 0.9102564102564102 0.703125
2 0.9519230769230769 0.671875 0.9423076923076923 0.65625 0.9423076923076923 0.640625 0.9487179487179487 0.625 0.9583333333333334 0.625 0.9615384615384616 0.6328125 0.9615384615384616 0.6640625 0.9551282051282052 0.6640625
2 0.8603411513859276 0.6197694562899787 0.02345415778251599 0.05457089552238806
2 0.24358974358974358 0.2890625 0.2467948717948718 0.296875 0.25 0.296875 0.25 0.328125 0.2467948717948718 0.328125 0.24358974358974358 0.3359375 0.23717948717948717 0.3359375 0.23076923076923078 0.3203125 0.23076923076923078 0.3046875 0.23717948717948717 0.2890625 0.2403846153846154 0.2890625
2 0.36217948717948717 0.2265625 0.3685897435897436 0.2421875 0.3685897435897436 0.2578125 0.36217948717948717 0.28125 0.34935897435897434 0.28125 0.34615384615384615 0.2734375 0.34615384615384615 0.234375 0.34935897435897434 0.2265625 0.358974358974359 0.2265625
2 0.33974358974358976 0.3359375 0.34935897435897434 0.3515625 0.34935897435897434 0.375 0.34615384615384615 0.3828125 0.3333333333333333 0.3828125 0.3301282051282051 0.375 0.3301282051282051 0.3515625 0.3333333333333333 0.34375 0.33653846153846156 0.34375
1 0.4371002132196162 0.2650586353944563 0.03411513859275053 0.08835287846481876
1 0.4658848614072495 0.20529051172707888 0.02771855010660981 0.07276119402985075
1 0.740405117270789 0.314432302771855 0.03304904051172708 0.08835287846481876
1 0.8113006396588486 0.12993070362473347 0.04690831556503198 0.08315565031982942
1 0.8397435897435898 0.1875 0.842948717948718 0.1953125 0.8461538461538461 0.1953125 0.8461538461538461 0.203125 0.8525641025641025 0.2265625 0.8525641025641025 0.2578125 0.8397435897435898 0.2890625 0.8269230769230769 0.2890625 0.8237179487179487 0.28125 0.8173076923076923 0.28125 0.8076923076923077 0.2578125 0.8076923076923077 0.2109375 0.8141025641025641 0.1953125 0.8173076923076923 0.1953125 0.8205128205128205 0.1875 0.8365384615384616 0.1875
2 0.6378205128205128 0.7578125 0.6474358974358975 0.78125 0.6474358974358975 0.796875 0.6442307692307693 0.8046875 0.6442307692307693 0.8125 0.6378205128205128 0.828125 0.6314102564102564 0.828125 0.6282051282051282 0.8203125 0.625 0.8203125 0.625 0.8125 0.6217948717948718 0.8046875 0.6217948717948718 0.7890625 0.625 0.78125 0.625 0.7734375 0.6314102564102564 0.7578125 0.6346153846153846 0.7578125
2 0.6185897435897436 0.6796875 0.6282051282051282 0.671875 0.6378205128205128 0.6875 0.6378205128205128 0.703125 0.6346153846153846 0.7109375 0.6346153846153846 0.71875 0.6217948717948718 0.71875 0.6185897435897436 0.7109375 0.6185897435897436 0.6875
2 0.40384615384615385 0.21875 0.40705128205128205 0.2265625 0.40705128205128205 0.25 0.3974358974358974 0.265625 0.38782051282051283 0.25 0.38782051282051283 0.2265625 0.391025641025641 0.21875 0.40064102564102566 0.21875
2 0.22756410256410256 0.4765625 0.22756410256410256 0.4453125 0.23076923076923078 0.4375 0.23397435897435898 0.4375 0.2403846153846154 0.453125 0.2403846153846154 0.46875 0.23397435897435898 0.484375 0.23076923076923078 0.4765625
2 0.6185897435897436 0.1328125 0.6217948717948718 0.140625 0.6217948717948718 0.1484375 0.6153846153846154 0.1640625 0.6121794871794872 0.1640625 0.6089743589743589 0.15625 0.6089743589743589 0.140625 0.6121794871794872 0.1328125 0.6153846153846154 0.1328125
1 0.6442307692307693 0.046875 0.657051282051282 0.078125 0.657051282051282 0.109375 0.6506410256410257 0.1328125 0.6410256410256411 0.1328125 0.6378205128205128 0.140625 0.6346153846153846 0.1328125 0.6314102564102564 0.1328125 0.625 0.1171875 0.625 0.109375 0.6217948717948718 0.1015625 0.6217948717948718 0.0703125 0.6314102564102564 0.046875 0.6410256410256411 0.046875
2 0.7596153846153846 0.53125 0.7692307692307693 0.53125 0.7724358974358975 0.5390625 0.7724358974358975 0.5625 0.7596153846153846 0.5625 0.7596153846153846 0.5546875 0.7564102564102564 0.546875 0.7596153846153846 0.5390625
2 0.17857142857142858 0.18839952025586354 0.024520255863539446 0.059768123667377396
2 0.1891025641025641 0.140625 0.1891025641025641 0.109375 0.19230769230769232 0.1015625 0.20192307692307693 0.1015625 0.20833333333333334 0.1171875 0.20833333333333334 0.1328125 0.20512820512820512 0.140625 0.19230769230769232 0.140625
1 0.15705128205128205 0.0859375 0.16346153846153846 0.1015625 0.16346153846153846 0.1484375 0.15705128205128205 0.1640625 0.15064102564102563 0.1640625 0.14743589743589744 0.15625 0.14423076923076922 0.15625 0.13782051282051283 0.140625 0.13782051282051283 0.125 0.1346153846153846 0.1171875 0.1346153846153846 0.09375 0.13782051282051283 0.0859375 0.15384615384615385 0.0859375
2 0.13141025641025642 0.046875 0.13782051282051283 0.03125 0.14743589743589744 0.03125 0.14743589743589744 0.0546875 0.14423076923076922 0.0625 0.13782051282051283 0.0625 0.1346153846153846 0.0546875
0 0.09935897435897435 0 0.10256410256410256 0.0078125 0.10256410256410256 0.0546875 0.09935897435897435 0.0625 0.09935897435897435 0.078125 0.07371794871794872 0.1484375 0.07051282051282051 0.1484375 0.0673076923076923 0.15625 0.060897435897435896 0.15625 0.057692307692307696 0.1640625 0.041666666666666664 0.1640625 0.038461538461538464 0.15625 0.038461538461538464 0.1484375 0.035256410256410256 0.140625 0.035256410256410256 0.109375 0.038461538461538464 0.1015625 0.038461538461538464 0.0859375 0.04487179487179487 0.0703125 0.04807692307692308 0.046875 0.057692307692307696 0.0234375 0.057692307692307696 0.015625 0.060897435897435896 0.0078125 0.0641025641025641 0.0078125 0.0673076923076923 0 0.09615384615384616 0
2 0.2185501066098081 0.07535980810234541 0.014925373134328358 0.036380597014925374
2 0.875 0.0234375 0.8782051282051282 0.03125 0.8782051282051282 0.046875 0.875 0.046875 0.8717948717948718 0.0546875 0.8653846153846154 0.0390625 0.8653846153846154 0.03125 0.8685897435897436 0.0234375 0.8717948717948718 0.0234375
2 0.8525641025641025 0.0078125 0.8557692307692307 0.015625 0.8557692307692307 0.03125 0.8493589743589743 0.046875 0.8461538461538461 0.046875 0.842948717948718 0.0390625 0.842948717948718 0.015625 0.8461538461538461 0.0078125 0.8493589743589743 0.0078125
2 0.7692307692307693 0.171875 0.7724358974358975 0.1796875 0.7724358974358975 0.203125 0.7692307692307693 0.2109375 0.7692307692307693 0.21875 0.7564102564102564 0.21875 0.7532051282051282 0.2109375 0.7532051282051282 0.1875 0.7564102564102564 0.1796875 0.7660256410256411 0.171875
2 0.7628205128205128 0.234375 0.7692307692307693 0.234375 0.7724358974358975 0.2421875 0.7724358974358975 0.2578125 0.7692307692307693 0.2578125 0.7660256410256411 0.265625 0.7628205128205128 0.265625 0.7628205128205128 0.2578125 0.7596153846153846 0.25 0.7628205128205128 0.2421875
1 0.7340085287846482 0.0896521855010661 0.04157782515991471 0.0857542643923241
1 0.7564102564102564 0.109375 0.7564102564102564 0.1015625 0.7532051282051282 0.09375 0.7532051282051282 0.078125 0.7596153846153846 0.0546875 0.7756410256410257 0.0546875 0.782051282051282 0.0703125 0.782051282051282 0.109375 0.7788461538461539 0.1171875 0.7628205128205128 0.1171875 0.7596153846153846 0.109375
2 0.717948717948718 0.140625 0.7307692307692307 0.140625 0.7339743589743589 0.1484375 0.7339743589743589 0.15625 0.7275641025641025 0.171875 0.717948717948718 0.1640625 0.717948717948718 0.1484375
2 0.8108974358974359 0 0.8301282051282052 0 0.8333333333333334 0.0078125 0.8333333333333334 0.0234375 0.8301282051282052 0.03125 0.8237179487179487 0.03125 0.8205128205128205 0.0234375 0.8141025641025641 0.0234375 0.8108974358974359 0.015625 0.8108974358974359 0.0078125
1 0.5980810234541577 0.5950826226012793 0.03411513859275053 0.08835287846481876
1 0.6474358974358975 0.5 0.6538461538461539 0.5234375 0.6538461538461539 0.5390625 0.6506410256410257 0.546875 0.6506410256410257 0.5546875 0.6474358974358975 0.5546875 0.6442307692307693 0.5625 0.6217948717948718 0.5625 0.6185897435897436 0.5546875 0.6121794871794872 0.5546875 0.6057692307692307 0.53125 0.6089743589743589 0.5078125 0.6153846153846154 0.4921875 0.6185897435897436 0.4921875 0.6217948717948718 0.484375 0.6314102564102564 0.484375 0.6346153846153846 0.4921875 0.6410256410256411 0.4921875 0.6442307692307693 0.5
2 0.3557692307692308 0.140625 0.358974358974359 0.1484375 0.358974358974359 0.1875 0.34935897435897434 0.203125 0.33974358974358976 0.1953125 0.33653846153846156 0.1875 0.3333333333333333 0.1640625 0.34294871794871795 0.140625 0.3525641025641026 0.140625
1 0.375 0.15625 0.375 0.1484375 0.36217948717948717 0.1171875 0.36217948717948717 0.1015625 0.36538461538461536 0.09375 0.36538461538461536 0.0859375 0.3717948717948718 0.0703125 0.3814102564102564 0.0703125 0.38782051282051283 0.09375 0.3942307692307692 0.09375 0.40064102564102566 0.109375 0.40064102564102566 0.125 0.3974358974358974 0.1328125 0.3974358974358974 0.140625 0.391025641025641 0.140625 0.38461538461538464 0.15625 0.3782051282051282 0.15625
2 0.6121794871794872 0.3046875 0.6217948717948718 0.3046875 0.625 0.3125 0.625 0.328125 0.6217948717948718 0.328125 0.6185897435897436 0.3359375 0.6121794871794872 0.3359375 0.6089743589743589 0.328125 0.6089743589743589 0.3203125 0.6121794871794872 0.3125
1 0.7628205128205128 0.3984375 0.7692307692307693 0.4140625 0.7692307692307693 0.4453125 0.7628205128205128 0.46875 0.7467948717948718 0.46875 0.7435897435897436 0.4609375 0.7435897435897436 0.421875 0.75 0.40625 0.7596153846153846 0.3984375
2 0.2916666666666667 0.046875 0.2948717948717949 0.046875 0.2980769230769231 0.0390625 0.30128205128205127 0.0390625 0.30448717948717946 0.046875 0.30448717948717946 0.0703125 0.30128205128205127 0.0703125 0.2980769230769231 0.078125 0.2948717948717949 0.078125 0.2916666666666667 0.0703125 0.2916666666666667 0.0546875
1 0.21794871794871795 0 0.2467948717948718 0 0.2467948717948718 0.0078125 0.24358974358974358 0.015625 0.24358974358974358 0.0390625 0.2403846153846154 0.0390625 0.23717948717948717 0.046875 0.23076923076923078 0.046875 0.22756410256410256 0.0390625 0.22435897435897437 0.0390625 0.21794871794871795 0.0234375 0.21794871794871795 0.0078125
1 0.42948717948717946 0 0.4583333333333333 0 0.4583333333333333 0.0390625 0.44871794871794873 0.0546875 0.4423076923076923 0.0546875 0.4326923076923077 0.0390625 0.42948717948717946 0.03125 0.42948717948717946 0.0078125
2 0.38782051282051283 0.3515625 0.391025641025641 0.359375 0.38782051282051283 0.3828125 0.3814102564102564 0.3828125 0.3782051282051282 0.375 0.3782051282051282 0.359375 0.3814102564102564 0.3515625 0.38461538461538464 0.3515625
2 0.2692307692307692 0.4296875 0.2692307692307692 0.4375 0.2724358974358974 0.4453125 0.2724358974358974 0.4609375 0.2692307692307692 0.46875 0.2564102564102564 0.46875 0.2564102564102564 0.4453125 0.26282051282051283 0.4296875 0.266025641025641 0.4296875
2 0.1955128205128205 0.3125 0.20192307692307693 0.328125 0.1987179487179487 0.3359375 0.1987179487179487 0.34375 0.1955128205128205 0.3515625 0.19230769230769232 0.3515625 0.19230769230769232 0.3203125
1 0.21794871794871795 0.234375 0.22756410256410256 0.2578125 0.22756410256410256 0.28125 0.22435897435897437 0.2890625 0.22435897435897437 0.296875 0.21794871794871795 0.3125 0.20833333333333334 0.3125 0.20512820512820512 0.3046875 0.20192307692307693 0.3046875 0.20192307692307693 0.296875 0.1987179487179487 0.2890625 0.1987179487179487 0.265625 0.20192307692307693 0.2578125 0.20192307692307693 0.25 0.20512820512820512 0.2421875 0.21474358974358973 0.234375
2 0.1762820512820513 0.265625 0.1794871794871795 0.2734375 0.1794871794871795 0.296875 0.17307692307692307 0.3125 0.16987179487179488 0.3125 0.16666666666666666 0.3046875 0.16666666666666666 0.2734375 0.16987179487179488 0.265625 0.17307692307692307 0.265625