1 0.7980769230769231 0.40106951871657753 0.8076923076923077 0.40106951871657753 0.8108974358974359 0.39572192513368987 0.8205128205128205 0.39572192513368987 0.8237179487179487 0.40106951871657753 0.8269230769230769 0.40106951871657753 0.8333333333333334 0.41711229946524064 0.8333333333333334 0.4385026737967914 0.8301282051282052 0.44385026737967914 0.8301282051282052 0.44919786096256686 0.8205128205128205 0.45989304812834225 0.8108974358974359 0.45989304812834225 0.8044871794871795 0.44919786096256686 0.8012820512820513 0.44919786096256686 0.7980769230769231 0.44385026737967914 0.7980769230769231 0.40641711229946526
1 0.7628205128205128 0.5080213903743316 0.7692307692307693 0.5187165775401069 0.7692307692307693 0.5614973262032086 0.7596153846153846 0.5775401069518716 0.7435897435897436 0.5775401069518716 0.7371794871794872 0.5614973262032086 0.7371794871794872 0.5401069518716578 0.7403846153846154 0.5347593582887701 0.7403846153846154 0.5240641711229946 0.7435897435897436 0.5240641711229946 0.7467948717948718 0.5187165775401069 0.75 0.5187165775401069 0.7564102564102564 0.5080213903743316 0.7596153846153846 0.5080213903743316
1 0.7048364153627312 0.6775849871825105 0.03271692745376956 0.05458653136671713
1 0.6970128022759602 0.11391971763488791 0.042674253200568994 0.07119982352180496
1 0.6955128205128205 0.24064171122994651 0.6987179487179487 0.24064171122994651 0.7051282051282052 0.22994652406417113 0.7211538461538461 0.22994652406417113 0.7275641025641025 0.24064171122994651 0.7275641025641025 0.2620320855614973 0.7211538461538461 0.27807486631016043 0.7211538461538461 0.2887700534759358 0.717948717948718 0.2887700534759358 0.7147435897435898 0.29411764705882354 0.6987179487179487 0.29411764705882354 0.6955128205128205 0.2887700534759358 0.6923076923076923 0.2887700534759358 0.6858974358974359 0.27807486631016043 0.6858974358974359 0.25668449197860965 0.6955128205128205 0.24598930481283424
1 0.5224358974358975 0.08021390374331551 0.5224358974358975 0.0855614973262032 0.5256410256410257 0.09090909090909091 0.5256410256410257 0.10695187165775401 0.5192307692307693 0.12299465240641712 0.5 0.12299465240641712 0.4967948717948718 0.11764705882352941 0.4967948717948718 0.09090909090909091 0.5064102564102564 0.0748663101604278 0.5160256410256411 0.0748663101604278 0.5192307692307693 0.08021390374331551
1 0.4583333333333333 0.12834224598930483 0.4775641025641026 0.12834224598930483 0.4807692307692308 0.13368983957219252 0.4807692307692308 0.15508021390374332 0.47435897435897434 0.1657754010695187 0.4551282051282051 0.1657754010695187 0.4519230769230769 0.1497326203208556 0.4583333333333333 0.13368983957219252
1 0.4198717948717949 0.25668449197860965 0.4198717948717949 0.25133689839572193 0.4166666666666667 0.24598930481283424 0.4166666666666667 0.21390374331550802 0.4230769230769231 0.20320855614973263 0.4326923076923077 0.20320855614973263 0.4358974358974359 0.20855614973262032 0.4423076923076923 0.20855614973262032 0.4423076923076923 0.25668449197860965 0.4391025641025641 0.25668449197860965 0.4358974358974359 0.2620320855614973 0.42628205128205127 0.2620320855614973 0.4230769230769231 0.25668449197860965
1 0.6185897435897436 0.48128342245989303 0.6185897435897436 0.48663101604278075 0.625 0.5026737967914439 0.625 0.5133689839572193 0.6153846153846154 0.5401069518716578 0.5961538461538461 0.5401069518716578 0.592948717948718 0.5347593582887701 0.592948717948718 0.5294117647058824 0.5865384615384616 0.5187165775401069 0.5865384615384616 0.48663101604278075 0.5897435897435898 0.48128342245989303 0.592948717948718 0.48128342245989303 0.5961538461538461 0.47593582887700536 0.6121794871794872 0.47593582887700536 0.6153846153846154 0.48128342245989303
0 0.2916666666666667 0.40641711229946526 0.2916666666666667 0.41711229946524064 0.2948717948717949 0.42245989304812837 0.30128205128205127 0.42245989304812837 0.3173076923076923 0.4385026737967914 0.3269230769230769 0.4385026737967914 0.33653846153846156 0.45454545454545453 0.33653846153846156 0.45989304812834225 0.33974358974358976 0.46524064171123 0.33974358974358976 0.48128342245989303 0.33653846153846156 0.48663101604278075 0.33653846153846156 0.49732620320855614 0.32371794871794873 0.5187165775401069 0.32051282051282054 0.5187165775401069 0.3141025641025641 0.5294117647058824 0.3108974358974359 0.5294117647058824 0.2948717948717949 0.5454545454545454 0.27564102564102566 0.5454545454545454 0.2724358974358974 0.5401069518716578 0.266025641025641 0.5401069518716578 0.266025641025641 0.5347593582887701 0.26282051282051283 0.5294117647058824 0.25961538461538464 0.5294117647058824 0.25961538461538464 0.5187165775401069 0.2564102564102564 0.5133689839572193 0.25961538461538464 0.5080213903743316 0.25961538461538464 0.48663101604278075 0.26282051282051283 0.48128342245989303 0.26282051282051283 0.45989304812834225 0.266025641025641 0.45454545454545453 0.266025641025641 0.4385026737967914 0.27564102564102566 0.42245989304812837 0.27884615384615385 0.42245989304812837 0.28525641025641024 0.40641711229946526 0.28846153846153844 0.40641711229946526
1 0.5448717948717948 0.3689839572192513 0.5544871794871795 0.3689839572192513 0.5608974358974359 0.37967914438502676 0.5608974358974359 0.40106951871657753 0.5576923076923077 0.40641711229946526 0.5544871794871795 0.42245989304812837 0.5448717948717948 0.42780748663101603 0.5448717948717948 0.42245989304812837 0.5384615384615384 0.4117647058823529 0.5352564102564102 0.4117647058823529 0.5352564102564102 0.39572192513368987 0.5384615384615384 0.39037433155080214 0.5384615384615384 0.3850267379679144 0.5448717948717948 0.37433155080213903
1 0.6442307692307693 0.22459893048128343 0.6506410256410257 0.23529411764705882 0.6506410256410257 0.26737967914438504 0.6442307692307693 0.27807486631016043 0.6378205128205128 0.27807486631016043 0.6346153846153846 0.28342245989304815 0.6314102564102564 0.28342245989304815 0.6217948717948718 0.2727272727272727 0.6217948717948718 0.26737967914438504 0.6153846153846154 0.25133689839572193 0.6153846153846154 0.24064171122994651 0.6217948717948718 0.22994652406417113 0.6282051282051282 0.22994652406417113 0.6314102564102564 0.22459893048128343 0.6410256410256411 0.22459893048128343
1 0.8541963015647227 0.33226584310175644 0.044096728307254626 0.0759464784232586
1 0.7307692307692307 0.5882352941176471 0.7467948717948718 0.5882352941176471 0.7564102564102564 0.6042780748663101 0.7596153846153846 0.6042780748663101 0.7628205128205128 0.6096256684491979 0.7692307692307693 0.6096256684491979 0.7724358974358975 0.6149732620320856 0.7756410256410257 0.6149732620320856 0.782051282051282 0.6256684491978609 0.782051282051282 0.6363636363636364 0.7788461538461539 0.6417112299465241 0.7756410256410257 0.6417112299465241 0.7692307692307693 0.6524064171122995 0.7692307692307693 0.6577540106951871 0.7660256410256411 0.6631016042780749 0.7403846153846154 0.6631016042780749 0.7371794871794872 0.6577540106951871 0.7371794871794872 0.6470588235294118 0.7339743589743589 0.6417112299465241 0.7307692307692307 0.6417112299465241 0.7243589743589743 0.6256684491978609 0.7243589743589743 0.6096256684491979 0.7307692307692307 0.5935828877005348
1 0.358974358974359 0.5026737967914439 0.3717948717948718 0.5026737967914439 0.375 0.49732620320855614 0.3782051282051282 0.49732620320855614 0.3814102564102564 0.5026737967914439 0.3814102564102564 0.5240641711229946 0.38461538461538464 0.5294117647058824 0.38461538461538464 0.5454545454545454 0.3814102564102564 0.5508021390374331 0.3814102564102564 0.5561497326203209 0.3782051282051282 0.5614973262032086 0.36538461538461536 0.5614973262032086 0.358974358974359 0.5508021390374331 0.3557692307692308 0.5508021390374331 0.3557692307692308 0.5454545454545454 0.3525641025641026 0.5401069518716578 0.3525641025641026 0.5240641711229946 0.358974358974359 0.5080213903743316
1 0.4807692307692308 0.6042780748663101 0.48717948717948717 0.6203208556149733 0.48717948717948717 0.6256684491978609 0.4807692307692308 0.6417112299465241 0.4583333333333333 0.6417112299465241 0.4583333333333333 0.6203208556149733 0.46153846153846156 0.6149732620320856 0.46153846153846156 0.6096256684491979 0.46474358974358976 0.6096256684491979 0.46794871794871795 0.6042780748663101 0.4775641025641026 0.6042780748663101
1 0.5064102564102564 0.6310160427807486 0.5096153846153846 0.6363636363636364 0.5160256410256411 0.6363636363636364 0.5160256410256411 0.6684491978609626 0.5128205128205128 0.6737967914438503 0.4967948717948718 0.6737967914438503 0.4967948717948718 0.6524064171122995 0.4935897435897436 0.6470588235294118 0.4935897435897436 0.6417112299465241 0.5 0.6310160427807486 0.5032051282051282 0.6310160427807486
1 0.7403846153846154 0.18181818181818182 0.7403846153846154 0.17647058823529413 0.7371794871794872 0.1711229946524064 0.7371794871794872 0.1443850267379679 0.7467948717948718 0.12834224598930483 0.7628205128205128 0.12834224598930483 0.7628205128205128 0.13368983957219252 0.7692307692307693 0.1443850267379679 0.7692307692307693 0.1657754010695187 0.7660256410256411 0.1711229946524064 0.7660256410256411 0.17647058823529413 0.7564102564102564 0.18716577540106952 0.7467948717948718 0.18716577540106952 0.7435897435897436 0.18181818181818182
1 0.8237179487179487 0.15508021390374332 0.8269230769230769 0.16042780748663102 0.8301282051282052 0.16042780748663102 0.8365384615384616 0.1711229946524064 0.8365384615384616 0.17647058823529413 0.8397435897435898 0.18181818181818182 0.8397435897435898 0.20320855614973263 0.8301282051282052 0.22994652406417113 0.8205128205128205 0.22994652406417113 0.8173076923076923 0.23529411764705882 0.8108974358974359 0.23529411764705882 0.8076923076923077 0.22994652406417113 0.8076923076923077 0.22459893048128343 0.8012820512820513 0.21390374331550802 0.8012820512820513 0.18181818181818182 0.8076923076923077 0.1711229946524064 0.8108974358974359 0.1711229946524064 0.8173076923076923 0.15508021390374332 0.8205128205128205 0.15508021390374332
1 0.7275641025641025 0.1497326203208556 0.7339743589743589 0.16042780748663102 0.7339743589743589 0.19786096256684493 0.7307692307692307 0.20320855614973263 0.6987179487179487 0.20320855614973263 0.6987179487179487 0.17647058823529413 0.7019230769230769 0.1711229946524064 0.7051282051282052 0.1711229946524064 0.7083333333333334 0.1657754010695187 0.7083333333333334 0.16042780748663102 0.7147435897435898 0.1497326203208556 0.7243589743589743 0.1497326203208556
1 0.26282051282051283 0.20320855614973263 0.26282051282051283 0.19786096256684493 0.25961538461538464 0.1925133689839572 0.25961538461538464 0.1711229946524064 0.26282051282051283 0.1657754010695187 0.26282051282051283 0.15508021390374332 0.2692307692307692 0.1443850267379679 0.2692307692307692 0.13903743315508021 0.2724358974358974 0.13368983957219252 0.28846153846153844 0.13368983957219252 0.2980769230769231 0.1497326203208556 0.2980769230769231 0.15508021390374332 0.30128205128205127 0.16042780748663102 0.30128205128205127 0.18181818181818182 0.28846153846153844 0.20320855614973263 0.266025641025641 0.20320855614973263
1 0.7275641025641025 0.3155080213903743 0.7307692307692307 0.32085561497326204 0.7467948717948718 0.32085561497326204 0.7532051282051282 0.33689839572192515 0.7532051282051282 0.34759358288770054 0.7564102564102564 0.35294117647058826 0.7564102564102564 0.37967914438502676 0.7532051282051282 0.3850267379679144 0.7467948717948718 0.3850267379679144 0.7435897435897436 0.39037433155080214 0.7275641025641025 0.39037433155080214 0.717948717948718 0.36363636363636365 0.717948717948718 0.32085561497326204 0.7211538461538461 0.3155080213903743 0.7243589743589743 0.3155080213903743
1 0.7564102564102564 0.24598930481283424 0.7596153846153846 0.25133689839572193 0.7692307692307693 0.25668449197860965 0.7692307692307693 0.2727272727272727 0.7564102564102564 0.29411764705882354 0.7307692307692307 0.29411764705882354 0.7275641025641025 0.2887700534759358 0.7275641025641025 0.28342245989304815 0.7371794871794872 0.26737967914438504 0.7371794871794872 0.25668449197860965 0.7403846153846154 0.25133689839572193 0.7467948717948718 0.25133689839572193 0.75 0.24598930481283424 0.7532051282051282 0.24598930481283424
1 0.7852564102564102 0.22994652406417113 0.7948717948717948 0.22994652406417113 0.7980769230769231 0.23529411764705882 0.8012820512820513 0.23529411764705882 0.8141025641025641 0.25668449197860965 0.8141025641025641 0.27807486631016043 0.8076923076923077 0.2887700534759358 0.7852564102564102 0.2887700534759358 0.7788461538461539 0.27807486631016043 0.7788461538461539 0.2620320855614973 0.7756410256410257 0.25668449197860965 0.7788461538461539 0.25133689839572193 0.7788461538461539 0.24598930481283424 0.7852564102564102 0.23529411764705882
1 0.36217948717948717 0.3689839572192513 0.36217948717948717 0.37433155080213903 0.36538461538461536 0.37967914438502676 0.3685897435897436 0.37967914438502676 0.3685897435897436 0.39572192513368987 0.36217948717948717 0.4117647058823529 0.34615384615384615 0.4117647058823529 0.34294871794871795 0.40641711229946526 0.33653846153846156 0.40641711229946526 0.33653846153846156 0.37967914438502676 0.34615384615384615 0.36363636363636365 0.3557692307692308 0.36363636363636365 0.358974358974359 0.3689839572192513
1 0.9326923076923077 0.06417112299465241 0.9326923076923077 0.058823529411764705 0.9294871794871795 0.053475935828877004 0.9294871794871795 0.026737967914438502 0.9326923076923077 0.0213903743315508 0.9358974358974359 0.0213903743315508 0.9391025641025641 0.016042780748663103 0.9455128205128205 0.016042780748663103 0.9487179487179487 0.0106951871657754 0.9583333333333334 0.0106951871657754 0.9647435897435898 0.0213903743315508 0.967948717948718 0.0213903743315508 0.967948717948718 0.0427807486631016 0.9583333333333334 0.058823529411764705 0.9551282051282052 0.058823529411764705 0.9519230769230769 0.06417112299465241 0.9358974358974359 0.06417112299465241
1 0.9615384615384616 0.32085561497326204 0.9647435897435898 0.32620320855614976 0.9711538461538461 0.32620320855614976 0.9807692307692307 0.33689839572192515 0.9807692307692307 0.3582887700534759 0.9743589743589743 0.3689839572192513 0.9743589743589743 0.37433155080213903 0.9583333333333334 0.37433155080213903 0.9551282051282052 0.3689839572192513 0.9519230769230769 0.3689839572192513 0.9455128205128205 0.3582887700534759 0.9455128205128205 0.35294117647058826 0.9423076923076923 0.34759358288770054 0.9423076923076923 0.33689839572192515 0.9487179487179487 0.32620320855614976 0.9583333333333334 0.32085561497326204
1 0.5874822190611665 0.9410243342131888 0.03413940256045519 0.06407984116962445
1 0.4583333333333333 0.44385026737967914 0.4583333333333333 0.4385026737967914 0.4551282051282051 0.43315508021390375 0.4551282051282051 0.4117647058823529 0.4583333333333333 0.40641711229946526 0.46794871794871795 0.40641711229946526 0.47435897435897434 0.41711229946524064 0.47435897435897434 0.42245989304812837 0.4775641025641026 0.42780748663101603 0.47435897435897434 0.44385026737967914 0.47115384615384615 0.44385026737967914 0.46794871794871795 0.44919786096256686 0.46474358974358976 0.44919786096256686 0.46153846153846156 0.44385026737967914
1 0.592948717948718 0.1497326203208556 0.5993589743589743 0.16042780748663102 0.5993589743589743 0.1711229946524064 0.592948717948718 0.18181818181818182 0.592948717948718 0.18716577540106952 0.5769230769230769 0.18716577540106952 0.5737179487179487 0.18181818181818182 0.5737179487179487 0.16042780748663102 0.5801282051282052 0.1497326203208556 0.5897435897435898 0.1497326203208556
2 0.25 0.11229946524064172 0.2532051282051282 0.11764705882352941 0.2532051282051282 0.12834224598930483 0.2467948717948718 0.13903743315508021 0.24358974358974358 0.13368983957219252 0.24358974358974358 0.11764705882352941 0.2467948717948718 0.11764705882352941
2 0.22115384615384615 0.10695187165775401 0.23397435897435898 0.10695187165775401 0.23717948717948717 0.11229946524064172 0.23717948717948717 0.12299465240641712 0.23397435897435898 0.12834224598930483 0.22756410256410256 0.12834224598930483 0.22115384615384615 0.11764705882352941 0.22115384615384615 0.11229946524064172
2 0.2773826458036985 0.08069313332471227 0.017069701280227594 0.028479929408721977
2 0.2948717948717949 0.0427807486631016 0.30128205128205127 0.053475935828877004 0.30128205128205127 0.06417112299465241 0.2948717948717949 0.0748663101604278 0.28525641025641024 0.0748663101604278 0.27884615384615385 0.058823529411764705 0.27884615384615385 0.0481283422459893 0.28205128205128205 0.0427807486631016 0.2916666666666667 0.0427807486631016
2 0.44551282051282054 0.5775401069518716 0.4551282051282051 0.5775401069518716 0.4551282051282051 0.6042780748663101 0.44551282051282054 0.6042780748663101 0.44551282051282054 0.5828877005347594
1 0.6891025641025641 0.8181818181818182 0.6923076923076923 0.8235294117647058 0.6955128205128205 0.8235294117647058 0.6955128205128205 0.839572192513369 0.6923076923076923 0.8449197860962567 0.6891025641025641 0.8449197860962567 0.6826923076923077 0.8556149732620321 0.6826923076923077 0.8716577540106952 0.6794871794871795 0.8770053475935828 0.6666666666666666 0.8770053475935828 0.6634615384615384 0.8716577540106952 0.6602564102564102 0.8716577540106952 0.6602564102564102 0.839572192513369 0.6698717948717948 0.8235294117647058 0.6730769230769231 0.8235294117647058 0.6762820512820513 0.8181818181818182 0.6858974358974359 0.8181818181818182
1 0.5384615384615384 0.2887700534759358 0.5384615384615384 0.28342245989304815 0.5352564102564102 0.27807486631016043 0.5352564102564102 0.26737967914438504 0.5448717948717948 0.25133689839572193 0.5608974358974359 0.25133689839572193 0.5608974358974359 0.25668449197860965 0.5641025641025641 0.2620320855614973 0.5641025641025641 0.28342245989304815 0.5544871794871795 0.29411764705882354 0.5512820512820513 0.2887700534759358 0.5416666666666666 0.2887700534759358
2 0.6794871794871795 0.22994652406417113 0.6826923076923077 0.23529411764705882 0.6826923076923077 0.24598930481283424 0.6794871794871795 0.25133689839572193 0.6794871794871795 0.2620320855614973 0.6762820512820513 0.2620320855614973 0.6730769230769231 0.26737967914438504 0.6634615384615384 0.26737967914438504 0.6602564102564102 0.2620320855614973 0.6602564102564102 0.22994652406417113 0.6634615384615384 0.22459893048128343 0.6730769230769231 0.22459893048128343 0.6762820512820513 0.22994652406417113
1 0.7617354196301565 0.21478613429077825 0.03271692745376956 0.05458653136671713
1 0.41346153846153844 0.40106951871657753 0.4166666666666667 0.40641711229946526 0.4166666666666667 0.42245989304812837 0.41346153846153844 0.42780748663101603 0.41346153846153844 0.43315508021390375 0.3942307692307692 0.43315508021390375 0.38461538461538464 0.41711229946524064 0.38461538461538464 0.40641711229946526 0.38782051282051283 0.40106951871657753 0.41025641025641024 0.40106951871657753
1 0.4230769230769231 0.12299465240641712 0.42628205128205127 0.12834224598930483 0.4358974358974359 0.13368983957219252 0.4423076923076923 0.1443850267379679 0.4423076923076923 0.15508021390374332 0.4391025641025641 0.16042780748663102 0.4391025641025641 0.1657754010695187 0.4326923076923077 0.1657754010695187 0.42948717948717946 0.1711229946524064 0.42628205128205127 0.1657754010695187 0.41025641025641024 0.1657754010695187 0.40384615384615385 0.15508021390374332 0.40384615384615385 0.13368983957219252 0.41025641025641024 0.12299465240641712 0.4198717948717949 0.12299465240641712
1 0.6538461538461539 0.053475935828877004 0.6538461538461539 0.0748663101604278 0.6442307692307693 0.0855614973262032 0.6346153846153846 0.0855614973262032 0.6314102564102564 0.08021390374331551 0.6282051282051282 0.08021390374331551 0.6282051282051282 0.06951871657754011 0.6378205128205128 0.053475935828877004 0.6410256410256411 0.053475935828877004 0.6442307692307693 0.0481283422459893 0.6474358974358975 0.0481283422459893 0.6506410256410257 0.053475935828877004
1 0.6955128205128205 0.026737967914438502 0.7051282051282052 0.0427807486631016 0.7051282051282052 0.053475935828877004 0.7019230769230769 0.058823529411764705 0.6987179487179487 0.058823529411764705 0.6923076923076923 0.06951871657754011 0.6826923076923077 0.06951871657754011 0.6826923076923077 0.06417112299465241 0.6794871794871795 0.058823529411764705 0.6794871794871795 0.0481283422459893 0.6826923076923077 0.0427807486631016 0.6826923076923077 0.0374331550802139 0.6891025641025641 0.026737967914438502 0.6923076923076923 0.026737967914438502
2 0.5961538461538461 0.2192513368983957 0.5961538461538461 0.22459893048128343 0.5993589743589743 0.22994652406417113 0.592948717948718 0.24064171122994651 0.5865384615384616 0.24064171122994651 0.5833333333333334 0.23529411764705882 0.5833333333333334 0.22994652406417113 0.5897435897435898 0.2192513368983957 0.592948717948718 0.2192513368983957
1 0.34615384615384615 0.8983957219251337 0.34935897435897434 0.9037433155080213 0.3525641025641026 0.8983957219251337 0.358974358974359 0.9090909090909091 0.358974358974359 0.9144385026737968 0.36217948717948717 0.9197860962566845 0.358974358974359 0.9251336898395722 0.36217948717948717 0.93048128342246 0.36217948717948717 0.9572192513368984 0.3557692307692308 0.9679144385026738 0.34615384615384615 0.9679144385026738 0.34294871794871795 0.9625668449197861 0.33974358974358976 0.9625668449197861 0.3333333333333333 0.9518716577540107 0.3333333333333333 0.9144385026737968 0.33974358974358976 0.9037433155080213 0.34294871794871795 0.9037433155080213
1 0.2532051282051282 0.7593582887700535 0.26282051282051283 0.7754010695187166 0.26282051282051283 0.7914438502673797 0.25961538461538464 0.7914438502673797 0.25 0.8074866310160428 0.2403846153846154 0.8074866310160428 0.23076923076923078 0.7914438502673797 0.23076923076923078 0.7754010695187166 0.2403846153846154 0.7593582887700535 0.25 0.7593582887700535
1 0.35135135135135137 0.6930116156122349 0.03698435277382646 0.061706513718897626
1 0.3883357041251778 0.6467317303230616 0.03129445234708393 0.059333186268170794
2 0.41346153846153844 0.5614973262032086 0.4230769230769231 0.5721925133689839 0.4230769230769231 0.5935828877005348 0.4198717948717949 0.5989304812834224 0.41346153846153844 0.5989304812834224 0.41346153846153844 0.5882352941176471 0.41025641025641024 0.5828877005347594 0.40384615384615385 0.5828877005347594 0.40384615384615385 0.5668449197860963 0.40705128205128205 0.5614973262032086 0.41025641025641024 0.5614973262032086
2 0.5576923076923077 0.5347593582887701 0.5608974358974359 0.5347593582887701 0.5705128205128205 0.5240641711229946 0.5801282051282052 0.5240641711229946 0.5801282051282052 0.5294117647058824 0.5833333333333334 0.5347593582887701 0.5833333333333334 0.5401069518716578 0.5769230769230769 0.5561497326203209 0.5641025641025641 0.5561497326203209 0.5576923076923077 0.5454545454545454 0.5576923076923077 0.5401069518716578
1 0.5641025641025641 0.0962566844919786 0.5673076923076923 0.0962566844919786 0.5737179487179487 0.0855614973262032 0.5769230769230769 0.0855614973262032 0.5865384615384616 0.06951871657754011 0.6025641025641025 0.06951871657754011 0.6057692307692307 0.0748663101604278 0.6057692307692307 0.10160427807486631 0.592948717948718 0.12299465240641712 0.5897435897435898 0.12299465240641712 0.5801282051282052 0.13368983957219252 0.5641025641025641 0.13368983957219252 0.5608974358974359 0.12834224598930483 0.5608974358974359 0.12299465240641712 0.5641025641025641 0.11764705882352941 0.5641025641025641 0.10160427807486631
1 0.8974358974358975 0.6417112299465241 0.9006410256410257 0.6470588235294118 0.9038461538461539 0.6470588235294118 0.9102564102564102 0.6577540106951871 0.9102564102564102 0.6898395721925134 0.9038461538461539 0.7005347593582888 0.8942307692307693 0.7005347593582888 0.8782051282051282 0.679144385026738 0.8782051282051282 0.6631016042780749 0.875 0.6577540106951871 0.875 0.6470588235294118 0.8814102564102564 0.6363636363636364 0.8846153846153846 0.6363636363636364 0.8878205128205128 0.6417112299465241 0.8942307692307693 0.6417112299465241
1 0.8685897435897436 0.45989304812834225 0.8782051282051282 0.47058823529411764 0.8782051282051282 0.49732620320855614 0.875 0.5026737967914439 0.875 0.5080213903743316 0.8717948717948718 0.5080213903743316 0.8685897435897436 0.5133689839572193 0.8493589743589743 0.5133689839572193 0.8461538461538461 0.5080213903743316 0.842948717948718 0.5080213903743316 0.8365384615384616 0.49732620320855614 0.8365384615384616 0.4919786096256685 0.8333333333333334 0.48663101604278075 0.8333333333333334 0.47058823529411764 0.8365384615384616 0.46524064171123 0.8365384615384616 0.45989304812834225 0.8461538461538461 0.44385026737967914 0.8493589743589743 0.44385026737967914 0.8525641025641025 0.44919786096256686 0.8589743589743589 0.44919786096256686 0.8653846153846154 0.45989304812834225
1 0.7403846153846154 0.43315508021390375 0.7435897435897436 0.43315508021390375 0.7467948717948718 0.42780748663101603 0.7564102564102564 0.42780748663101603 0.7660256410256411 0.44385026737967914 0.7660256410256411 0.47058823529411764 0.7564102564102564 0.48663101604278075 0.7467948717948718 0.4919786096256685 0.7371794871794872 0.48128342245989303 0.7371794871794872 0.44919786096256686 0.7403846153846154 0.44385026737967914 0.7403846153846154 0.4385026737967914
2 0.8271692745376956 0.7950646959934886 0.029871977240398292 0.04271989411308297
2 0.8012820512820513 0.8342245989304813 0.8044871794871795 0.8342245989304813 0.8076923076923077 0.8288770053475936 0.8173076923076923 0.8288770053475936 0.8205128205128205 0.8342245989304813 0.8205128205128205 0.8556149732620321 0.8173076923076923 0.8609625668449198 0.8173076923076923 0.8663101604278075 0.8044871794871795 0.8663101604278075 0.8012820512820513 0.8609625668449198 0.8012820512820513 0.839572192513369
2 0.6217948717948718 0.8021390374331551 0.625 0.8021390374331551 0.6282051282051282 0.7967914438502673 0.6378205128205128 0.7967914438502673 0.6378205128205128 0.8074866310160428 0.6314102564102564 0.8235294117647058 0.6217948717948718 0.8235294117647058 0.6185897435897436 0.8181818181818182 0.6185897435897436 0.8128342245989305 0.6217948717948718 0.8074866310160428
1 0.4230769230769231 0.3422459893048128 0.42628205128205127 0.34759358288770054 0.42948717948717946 0.34759358288770054 0.42948717948717946 0.35294117647058826 0.4358974358974359 0.3689839572192513 0.4358974358974359 0.39037433155080214 0.4326923076923077 0.39572192513368987 0.4230769230769231 0.39572192513368987 0.4198717948717949 0.39037433155080214 0.40705128205128205 0.39037433155080214 0.40384615384615385 0.3850267379679144 0.40384615384615385 0.37967914438502676 0.40705128205128205 0.37433155080213903 0.41025641025641024 0.3582887700534759 0.41346153846153844 0.3582887700534759 0.4198717948717949 0.34759358288770054
1 0.2724358974358974 0.7112299465240641 0.2916666666666667 0.7112299465240641 0.2916666666666667 0.7165775401069518 0.2948717948717949 0.7219251336898396 0.2948717948717949 0.732620320855615 0.28846153846153844 0.7486631016042781 0.27564102564102566 0.7486631016042781 0.27564102564102566 0.7379679144385026 0.2724358974358974 0.732620320855615 0.2724358974358974 0.7165775401069518
1 0.21794871794871795 0.2887700534759358 0.22115384615384615 0.29411764705882354 0.22115384615384615 0.3155080213903743 0.21474358974358973 0.32620320855614976 0.20192307692307693 0.32620320855614976 0.19230769230769232 0.31016042780748665 0.19230769230769232 0.2994652406417112 0.20192307692307693 0.28342245989304815 0.21153846153846154 0.28342245989304815 0.21474358974358973 0.2887700534759358
1 0.20833333333333334 0.2192513368983957 0.20833333333333334 0.22459893048128343 0.21474358974358973 0.23529411764705882 0.21474358974358973 0.24064171122994651 0.20512820512820512 0.25668449197860965 0.20192307692307693 0.25668449197860965 0.1987179487179487 0.2620320855614973 0.1794871794871795 0.2620320855614973 0.1762820512820513 0.25668449197860965 0.1762820512820513 0.22994652406417113 0.19230769230769232 0.21390374331550802 0.20192307692307693 0.21390374331550802 0.20512820512820512 0.2192513368983957
1 0.2361308677098151 0.06526650489498786 0.02844950213371266 0.04509322156380981
1 0.08108108108108109 0.8888111302971985 0.03129445234708393 0.05458653136671713
2 0.36538461538461536 0.32620320855614976 0.3685897435897436 0.3315508021390374 0.3685897435897436 0.35294117647058826 0.34935897435897434 0.35294117647058826 0.34935897435897434 0.33689839572192515 0.3525641025641026 0.33689839572192515 0.358974358974359 0.32620320855614976 0.36217948717948717 0.32620320855614976
1 0.6081081081081081 0.282425966636493 0.03271692745376956 0.056959858817443955
1 0.4775641025641026 0.6684491978609626 0.48717948717948717 0.679144385026738 0.49038461538461536 0.6951871657754011 0.483974358974359 0.7058823529411765 0.47435897435897434 0.7058823529411765 0.47115384615384615 0.7112299465240641 0.46794871794871795 0.7058823529411765 0.46474358974358976 0.7058823529411765 0.46153846153846156 0.6898395721925134 0.46474358974358976 0.6844919786096256 0.46474358974358976 0.679144385026738 0.47115384615384615 0.6684491978609626 0.47435897435897434 0.6684491978609626
1 0.8269230769230769 0.6684491978609626 0.8333333333333334 0.679144385026738 0.8333333333333334 0.7005347593582888 0.8237179487179487 0.7112299465240641 0.8205128205128205 0.7112299465240641 0.8076923076923077 0.6898395721925134 0.8076923076923077 0.679144385026738 0.8173076923076923 0.6631016042780749 0.8205128205128205 0.6631016042780749 0.8237179487179487 0.6684491978609626
1 0.7083333333333334 0.44919786096256686 0.717948717948718 0.45989304812834225 0.717948717948718 0.48128342245989303 0.7147435897435898 0.48663101604278075 0.7147435897435898 0.4919786096256685 0.7115384615384616 0.4919786096256685 0.7083333333333334 0.49732620320855614 0.6987179487179487 0.49732620320855614 0.6891025641025641 0.48663101604278075 0.6891025641025641 0.45989304812834225 0.6955128205128205 0.44919786096256686 0.7051282051282052 0.44919786096256686
1 0.07681365576102418 0.4900921185750907 0.04551920341394026 0.06882649607107812
1 0.33974358974358976 0.026737967914438502 0.34935897435897434 0.0374331550802139 0.34935897435897434 0.058823529411764705 0.34615384615384615 0.06417112299465241 0.34615384615384615 0.0748663101604278 0.34294871794871795 0.08021390374331551 0.3301282051282051 0.08021390374331551 0.32371794871794873 0.06951871657754011 0.32371794871794873 0.0427807486631016 0.3333333333333333 0.026737967914438502 0.33653846153846156 0.026737967914438502
2 0.3285917496443812 0.17325290390305872 0.03129445234708393 0.04271989411308297
2 0.38782051282051283 0.19786096256684493 0.38782051282051283 0.18716577540106952 0.3974358974358974 0.1711229946524064 0.40705128205128205 0.1711229946524064 0.40705128205128205 0.20320855614973263 0.3942307692307692 0.20320855614973263 0.391025641025641 0.19786096256684493
2 0.40384615384615385 0.3155080213903743 0.40705128205128205 0.32085561497326204 0.40705128205128205 0.32620320855614976 0.40064102564102566 0.3422459893048128 0.391025641025641 0.3422459893048128 0.38461538461538464 0.3315508021390374 0.3814102564102564 0.3315508021390374 0.3814102564102564 0.32085561497326204 0.38782051282051283 0.31016042780748665 0.3974358974358974 0.31016042780748665 0.40064102564102566 0.3155080213903743
1 0.7339743589743589 0.7112299465240641 0.7467948717948718 0.7112299465240641 0.7467948717948718 0.7165775401069518 0.75 0.7219251336898396 0.75 0.7433155080213903 0.7467948717948718 0.7486631016042781 0.7307692307692307 0.7486631016042781 0.7275641025641025 0.732620320855615 0.7339743589743589 0.7165775401069518
1 0.8333333333333334 0.5187165775401069 0.8461538461538461 0.5401069518716578 0.8461538461538461 0.5614973262032086 0.8397435897435898 0.5721925133689839 0.8365384615384616 0.5721925133689839 0.8333333333333334 0.5775401069518716 0.8301282051282052 0.5775401069518716 0.8205128205128205 0.5668449197860963 0.8205128205128205 0.5454545454545454 0.8237179487179487 0.5401069518716578 0.8237179487179487 0.5240641711229946 0.8269230769230769 0.5187165775401069 0.8301282051282052 0.5187165775401069
1 0.8878205128205128 0.10695187165775401 0.8910256410256411 0.11229946524064172 0.8910256410256411 0.13903743315508021 0.8814102564102564 0.15508021390374332 0.8685897435897436 0.15508021390374332 0.8621794871794872 0.1443850267379679 0.8621794871794872 0.11229946524064172 0.8653846153846154 0.11229946524064172 0.8685897435897436 0.10695187165775401 0.8846153846153846 0.10695187165775401
1 0.16666666666666666 0.5026737967914439 0.17307692307692307 0.5026737967914439 0.1762820512820513 0.49732620320855614 0.1794871794871795 0.49732620320855614 0.18269230769230768 0.5026737967914439 0.1891025641025641 0.5026737967914439 0.1891025641025641 0.5294117647058824 0.1858974358974359 0.5294117647058824 0.18269230769230768 0.5347593582887701 0.16987179487179488 0.5347593582887701 0.16666666666666666 0.5294117647058824 0.16666666666666666 0.5080213903743316
1 0.125 0.0962566844919786 0.1282051282051282 0.0962566844919786 0.13782051282051283 0.0855614973262032 0.14743589743589744 0.0855614973262032 0.15064102564102563 0.09090909090909091 0.15064102564102563 0.10160427807486631 0.15705128205128205 0.11229946524064172 0.15705128205128205 0.13368983957219252 0.14423076923076922 0.15508021390374332 0.1346153846153846 0.15508021390374332 0.1282051282051282 0.1443850267379679 0.125 0.1443850267379679 0.12179487179487179 0.13903743315508021 0.12179487179487179 0.10695187165775401 0.125 0.10160427807486631
1 0.2948717948717949 0.8181818181818182 0.30128205128205127 0.8342245989304813 0.30128205128205127 0.8502673796791443 0.2980769230769231 0.8556149732620321 0.27564102564102566 0.8556149732620321 0.27564102564102566 0.8288770053475936 0.28205128205128205 0.8181818181818182 0.2916666666666667 0.8181818181818182
2 0.9153627311522049 0.33226584310175644 0.02702702702702703 0.04271989411308297
2 0.9134615384615384 0.2192513368983957 0.9166666666666666 0.2192513368983957 0.9198717948717948 0.21390374331550802 0.9294871794871795 0.21390374331550802 0.9326923076923077 0.2192513368983957 0.9326923076923077 0.23529411764705882 0.9230769230769231 0.24598930481283424 0.9166666666666666 0.24598930481283424 0.9134615384615384 0.24064171122994651 0.9134615384615384 0.22459893048128343
2 0.7802275960170697 0.4188922950532858 0.01849217638691323 0.040346566662356136
2 0.7788461538461539 0.44919786096256686 0.7948717948717948 0.44919786096256686 0.7948717948717948 0.48128342245989303 0.782051282051282 0.48128342245989303 0.7756410256410257 0.46524064171123 0.7756410256410257 0.45989304812834225 0.7788461538461539 0.45454545454545453
2 0.17307692307692307 0.6577540106951871 0.1858974358974359 0.6577540106951871 0.1858974358974359 0.6631016042780749 0.1891025641025641 0.6684491978609626 0.1891025641025641 0.679144385026738 0.18269230769230768 0.6898395721925134 0.17307692307692307 0.6898395721925134 0.16987179487179488 0.6844919786096256 0.16987179487179488 0.6684491978609626 0.17307692307692307 0.6631016042780749
2 0.20192307692307693 0.7540106951871658 0.20512820512820512 0.7593582887700535 0.20833333333333334 0.7593582887700535 0.20833333333333334 0.7754010695187166 0.20512820512820512 0.7807486631016043 0.1987179487179487 0.7807486631016043 0.19230769230769232 0.7700534759358288 0.19230769230769232 0.7593582887700535 0.1955128205128205 0.7540106951871658 0.1987179487179487 0.7540106951871658
2 0.16025641025641027 0.8449197860962567 0.16346153846153846 0.8502673796791443 0.16346153846153846 0.8556149732620321 0.16666666666666666 0.8609625668449198 0.16987179487179488 0.8609625668449198 0.16987179487179488 0.8663101604278075 0.17307692307692307 0.8716577540106952 0.16987179487179488 0.8770053475935828 0.16987179487179488 0.8823529411764706 0.16666666666666666 0.8823529411764706 0.16346153846153846 0.8877005347593583 0.15705128205128205 0.8877005347593583 0.14743589743589744 0.8770053475935828 0.14743589743589744 0.8556149732620321 0.15384615384615385 0.8449197860962567 0.15705128205128205 0.8449197860962567
2 0.06401137980085349 0.633678429344064 0.02275960170697013 0.04271989411308297
2 0.16666666666666666 0.37967914438502676 0.16666666666666666 0.39572192513368987 0.16346153846153846 0.39572192513368987 0.16025641025641027 0.40106951871657753 0.15384615384615385 0.40106951871657753 0.15064102564102563 0.39572192513368987 0.15064102564102563 0.3850267379679144 0.15384615384615385 0.37967914438502676 0.16346153846153846 0.37967914438502676
2 0.1593172119487909 0.4616121891663687 0.02275960170697013 0.04509322156380981
2 0.5608974358974359 0.8449197860962567 0.5641025641025641 0.8449197860962567 0.5705128205128205 0.8342245989304813 0.5801282051282052 0.8342245989304813 0.5801282051282052 0.8502673796791443 0.5769230769230769 0.8556149732620321 0.5705128205128205 0.8556149732620321 0.5673076923076923 0.8609625668449198 0.5608974358974359 0.8609625668449198 0.5608974358974359 0.8502673796791443
2 0.6730769230769231 0.5401069518716578 0.6762820512820513 0.5454545454545454 0.6762820512820513 0.5614973262032086 0.6698717948717948 0.5614973262032086 0.6698717948717948 0.5454545454545454
1 0.860597439544808 0.1898661960581465 0.02844950213371266 0.0522132039159903
1 0.8685897435897436 0.5294117647058824 0.8717948717948718 0.5294117647058824 0.875 0.5240641711229946 0.8846153846153846 0.5240641711229946 0.8878205128205128 0.5294117647058824 0.8878205128205128 0.5401069518716578 0.8910256410256411 0.5454545454545454 0.9006410256410257 0.5347593582887701 0.9038461538461539 0.5347593582887701 0.907051282051282 0.5401069518716578 0.907051282051282 0.5614973262032086 0.9006410256410257 0.5721925133689839 0.8942307692307693 0.5721925133689839 0.8910256410256411 0.5775401069518716 0.8814102564102564 0.5775401069518716 0.8782051282051282 0.5721925133689839 0.875 0.5721925133689839 0.875 0.5668449197860963 0.8717948717948718 0.5614973262032086 0.8685897435897436 0.5614973262032086 0.8685897435897436 0.5561497326203209 0.8653846153846154 0.5508021390374331 0.8653846153846154 0.5401069518716578 0.8685897435897436 0.5347593582887701
1 0.6538461538461539 0.5508021390374331 0.6666666666666666 0.5721925133689839 0.6666666666666666 0.5989304812834224 0.6634615384615384 0.6042780748663101 0.6538461538461539 0.6042780748663101 0.6506410256410257 0.6096256684491979 0.6346153846153846 0.5882352941176471 0.6346153846153846 0.5668449197860963 0.6314102564102564 0.5614973262032086 0.6314102564102564 0.5561497326203209 0.6378205128205128 0.5454545454545454 0.6474358974358975 0.5454545454545454 0.6506410256410257 0.5508021390374331
1 0.6730769230769231 0.3850267379679144 0.6730769230769231 0.41711229946524064 0.6698717948717948 0.42245989304812837 0.6698717948717948 0.43315508021390375 0.6474358974358975 0.43315508021390375 0.6474358974358975 0.42780748663101603 0.6442307692307693 0.42245989304812837 0.6442307692307693 0.4117647058823529 0.6474358974358975 0.40641711229946526 0.6474358974358975 0.39572192513368987 0.6538461538461539 0.3850267379679144 0.6698717948717948 0.3850267379679144
1 0.49038461538461536 0.3155080213903743 0.5 0.32620320855614976 0.5 0.34759358288770054 0.49038461538461536 0.36363636363636365 0.47435897435897434 0.36363636363636365 0.46794871794871795 0.35294117647058826 0.46474358974358976 0.35294117647058826 0.46474358974358976 0.32085561497326204 0.46794871794871795 0.32085561497326204 0.47115384615384615 0.3155080213903743 0.48717948717948717 0.3155080213903743
1 0.23397435897435898 0.34759358288770054 0.23717948717948717 0.35294117647058826 0.2403846153846154 0.35294117647058826 0.2467948717948718 0.3689839572192513 0.2467948717948718 0.37433155080213903 0.2403846153846154 0.3850267379679144 0.22435897435897437 0.3850267379679144 0.21794871794871795 0.37433155080213903 0.21794871794871795 0.35294117647058826 0.22115384615384615 0.34759358288770054 0.23076923076923078 0.34759358288770054
1 0.5288461538461539 0.3155080213903743 0.5352564102564102 0.3155080213903743 0.5384615384615384 0.31016042780748665 0.5480769230769231 0.31016042780748665 0.5576923076923077 0.32085561497326204 0.5576923076923077 0.3422459893048128 0.5512820512820513 0.35294117647058826 0.5448717948717948 0.35294117647058826 0.5416666666666666 0.3582887700534759 0.532051282051282 0.3582887700534759 0.5288461538461539 0.35294117647058826 0.5288461538461539 0.32085561497326204
1 0.7852564102564102 0.5454545454545454 0.7916666666666666 0.5561497326203209 0.7916666666666666 0.5721925133689839 0.7948717948717948 0.5775401069518716 0.7948717948717948 0.5882352941176471 0.7916666666666666 0.5935828877005348 0.7916666666666666 0.5989304812834224 0.7852564102564102 0.5989304812834224 0.782051282051282 0.6042780748663101 0.7788461538461539 0.6042780748663101 0.7724358974358975 0.5935828877005348 0.7756410256410257 0.5882352941176471 0.7756410256410257 0.5775401069518716 0.7788461538461539 0.5721925133689839 0.7756410256410257 0.5668449197860963 0.7756410256410257 0.5614973262032086 0.7788461538461539 0.5561497326203209 0.7788461538461539 0.5508021390374331 0.782051282051282 0.5508021390374331
1 0.7980769230769231 0.5133689839572193 0.8012820512820513 0.5187165775401069 0.8108974358974359 0.5240641711229946 0.8108974358974359 0.5294117647058824 0.8141025641025641 0.5347593582887701 0.8141025641025641 0.5508021390374331 0.8044871794871795 0.5614973262032086 0.8012820512820513 0.5614973262032086 0.7948717948717948 0.5508021390374331 0.7852564102564102 0.5508021390374331 0.782051282051282 0.5347593582887701 0.7852564102564102 0.5294117647058824 0.7852564102564102 0.5240641711229946 0.7916666666666666 0.5240641711229946 0.7948717948717948 0.5187165775401069
2 0.44871794871794873 0.8716577540106952 0.4519230769230769 0.8770053475935828 0.4551282051282051 0.8770053475935828 0.4551282051282051 0.8983957219251337 0.4519230769230769 0.8983957219251337 0.44871794871794873 0.9037433155080213 0.44551282051282054 0.8983957219251337 0.44551282051282054 0.893048128342246 0.4423076923076923 0.8877005347593583 0.4391025641025641 0.8877005347593583 0.4391025641025641 0.8770053475935828 0.4423076923076923 0.8716577540106952 0.44551282051282054 0.8716577540106952
2 0.5288461538461539 0.4385026737967914 0.5352564102564102 0.44919786096256686 0.5352564102564102 0.45989304812834225 0.5288461538461539 0.47593582887700536 0.5224358974358975 0.47593582887700536 0.5192307692307693 0.47058823529411764 0.5192307692307693 0.44385026737967914 0.5224358974358975 0.4385026737967914 0.5256410256410257 0.4385026737967914
2 0.5128205128205128 0.27807486631016043 0.5160256410256411 0.28342245989304815 0.5160256410256411 0.2994652406417112 0.5096153846153846 0.31016042780748665 0.5 0.31016042780748665 0.4967948717948718 0.3048128342245989 0.4967948717948718 0.2887700534759358 0.5 0.28342245989304815 0.5096153846153846 0.27807486631016043
2 0.49038461538461536 0.8235294117647058 0.49038461538461536 0.8449197860962567 0.48717948717948717 0.8502673796791443 0.4807692307692308 0.8502673796791443 0.4775641025641026 0.8449197860962567 0.4775641025641026 0.8288770053475936 0.48717948717948717 0.8235294117647058
2 0.23076923076923078 0.7112299465240641 0.23397435897435898 0.7112299465240641 0.23717948717948717 0.7058823529411765 0.2467948717948718 0.7112299465240641 0.2467948717948718 0.7272727272727273 0.24358974358974358 0.732620320855615 0.23076923076923078 0.732620320855615 0.23076923076923078 0.7165775401069518
1 0.20512820512820512 0.5508021390374331 0.20512820512820512 0.5347593582887701 0.21474358974358973 0.5187165775401069 0.21474358974358973 0.5133689839572193 0.21794871794871795 0.5080213903743316 0.22115384615384615 0.5080213903743316 0.22756410256410256 0.5187165775401069 0.22756410256410256 0.5401069518716578 0.22115384615384615 0.5508021390374331 0.20833333333333334 0.5508021390374331
1 0.6088193456614509 0.613505146012886 0.025604551920341397 0.049839876465263465
1 0.8974358974358975 0.7754010695187166 0.907051282051282 0.7914438502673797 0.907051282051282 0.8074866310160428 0.9038461538461539 0.8128342245989305 0.9038461538461539 0.8235294117647058 0.9006410256410257 0.8288770053475936 0.8910256410256411 0.8288770053475936 0.8878205128205128 0.8235294117647058 0.8814102564102564 0.8235294117647058 0.8782051282051282 0.8181818181818182 0.8782051282051282 0.786096256684492 0.8846153846153846 0.7754010695187166 0.8942307692307693 0.7754010695187166
1 0.9326923076923077 0.6737967914438503 0.9358974358974359 0.679144385026738 0.9358974358974359 0.7272727272727273 0.9294871794871795 0.7379679144385026 0.9134615384615384 0.7379679144385026 0.907051282051282 0.7272727272727273 0.907051282051282 0.6951871657754011 0.9166666666666666 0.679144385026738 0.9230769230769231 0.679144385026738 0.9262820512820513 0.6737967914438503 0.9294871794871795 0.6737967914438503
2 0.3108974358974359 0.7058823529411765 0.3108974358974359 0.7005347593582888 0.3173076923076923 0.6898395721925134 0.32051282051282054 0.6898395721925134 0.32051282051282054 0.7058823529411765 0.3141025641025641 0.7058823529411765
2 0.3141025641025641 0.6417112299465241 0.3173076923076923 0.6470588235294118 0.3173076923076923 0.6524064171122995 0.32051282051282054 0.6577540106951871 0.32371794871794873 0.6524064171122995 0.3269230769230769 0.6577540106951871 0.3269230769230769 0.6631016042780749 0.32371794871794873 0.6684491978609626 0.3141025641025641 0.6684491978609626 0.3076923076923077 0.6577540106951871 0.3076923076923077 0.6470588235294118 0.3108974358974359 0.6470588235294118
2 0.30128205128205127 0.7967914438502673 0.3076923076923077 0.7967914438502673 0.3108974358974359 0.8021390374331551 0.3108974358974359 0.8128342245989305 0.3076923076923077 0.8181818181818182 0.30448717948717946 0.8181818181818182 0.30128205128205127 0.8128342245989305 0.30128205128205127 0.8021390374331551
2 0.5782361308677099 0.4046523303489248 0.015647226173541966 0.040346566662356136
2 0.6089743589743589 0.32085561497326204 0.6153846153846154 0.3315508021390374 0.6153846153846154 0.33689839572192515 0.6089743589743589 0.34759358288770054 0.6057692307692307 0.34759358288770054 0.5993589743589743 0.33689839572192515 0.5993589743589743 0.32620320855614976 0.6025641025641025 0.32085561497326204 0.6057692307692307 0.32085561497326204
2 0.6692745376955903 0.35599911760902475 0.021337126600284497 0.04271989411308297
2 0.6442307692307693 0.48663101604278075 0.6474358974358975 0.48663101604278075 0.6538461538461539 0.47593582887700536 0.657051282051282 0.47593582887700536 0.657051282051282 0.48663101604278075 0.6506410256410257 0.49732620320855614 0.6442307692307693 0.49732620320855614 0.6442307692307693 0.4919786096256685
2 0.6642958748221907 0.5114520656316321 0.017069701280227594 0.021359947056541484
2 0.47510668563300146 0.7523448018804056 0.01422475106685633 0.0379732392116293
2 0.5769230769230769 0.053475935828877004 0.5801282051282052 0.058823529411764705 0.5801282051282052 0.06951871657754011 0.5769230769230769 0.0748663101604278 0.5769230769230769 0.08021390374331551 0.5576923076923077 0.08021390374331551 0.5576923076923077 0.058823529411764705 0.5673076923076923 0.0481283422459893 0.5705128205128205 0.0481283422459893 0.5737179487179487 0.053475935828877004
2 0.8814102564102564 0.22994652406417113 0.8846153846153846 0.23529411764705882 0.8846153846153846 0.24598930481283424 0.8814102564102564 0.25133689839572193 0.875 0.25133689839572193 0.8717948717948718 0.24598930481283424 0.8717948717948718 0.23529411764705882 0.875 0.22994652406417113 0.8782051282051282 0.22994652406417113
2 0.9038461538461539 0.24064171122994651 0.9038461538461539 0.24598930481283424 0.907051282051282 0.25133689839572193 0.9038461538461539 0.25668449197860965 0.8974358974358975 0.25668449197860965 0.8942307692307693 0.25133689839572193 0.8942307692307693 0.24598930481283424 0.8974358974358975 0.24064171122994651 0.9006410256410257 0.24064171122994651
1 0.3301282051282051 0.5775401069518716 0.33974358974358976 0.5721925133689839 0.34935897435897434 0.5882352941176471 0.34935897435897434 0.6149732620320856 0.34615384615384615 0.6203208556149733 0.3333333333333333 0.6203208556149733 0.3269230769230769 0.6042780748663101 0.3269230769230769 0.5882352941176471 0.3301282051282051 0.5828877005347594
1 0.7628205128205128 0.786096256684492 0.7692307692307693 0.7967914438502673 0.7692307692307693 0.8074866310160428 0.7628205128205128 0.8181818181818182 0.7596153846153846 0.8181818181818182 0.7564102564102564 0.8235294117647058 0.75 0.8235294117647058 0.7435897435897436 0.8128342245989305 0.7435897435897436 0.7914438502673797 0.7467948717948718 0.7914438502673797 0.75 0.786096256684492 0.7596153846153846 0.786096256684492
2 0.6187766714082503 0.7357315097253178 0.008534850640113797 0.014239964704360989
2 0.6194879089615932 0.710811571492686 0.00995732574679943 0.01661329215508782
2 0.6955128205128205 0.7486631016042781 0.6987179487179487 0.7540106951871658 0.6987179487179487 0.7700534759358288 0.6955128205128205 0.7754010695187166 0.6858974358974359 0.7647058823529411 0.6858974358974359 0.7540106951871658 0.6891025641025641 0.7486631016042781 0.6923076923076923 0.7486631016042781
1 0.7019230769230769 0.5668449197860963 0.7051282051282052 0.5721925133689839 0.7051282051282052 0.5775401069518716 0.7115384615384616 0.5882352941176471 0.7115384615384616 0.5989304812834224 0.7083333333333334 0.6042780748663101 0.7083333333333334 0.6096256684491979 0.7019230769230769 0.6203208556149733 0.6794871794871795 0.6203208556149733 0.6730769230769231 0.6096256684491979 0.6730769230769231 0.5989304812834224 0.6762820512820513 0.5935828877005348 0.6762820512820513 0.5882352941176471 0.6794871794871795 0.5882352941176471 0.6826923076923077 0.5828877005347594 0.6826923076923077 0.5775401069518716 0.6891025641025641 0.5668449197860963 0.6987179487179487 0.5668449197860963
1 0.7115384615384616 0.40641711229946526 0.7275641025641025 0.40641711229946526 0.7339743589743589 0.41711229946524064 0.7339743589743589 0.42245989304812837 0.7275641025641025 0.43315508021390375 0.7243589743589743 0.43315508021390375 0.7147435897435898 0.44385026737967914 0.7083333333333334 0.43315508021390375 0.7083333333333334 0.41711229946524064 0.7115384615384616 0.4117647058823529
1 0.7660256410256411 0.3582887700534759 0.7788461538461539 0.3582887700534759 0.7884615384615384 0.37433155080213903 0.782051282051282 0.3850267379679144 0.7788461538461539 0.3850267379679144 0.7756410256410257 0.39037433155080214 0.7628205128205128 0.39037433155080214 0.7596153846153846 0.3850267379679144 0.7596153846153846 0.37433155080213903 0.7660256410256411 0.36363636363636365
1 0.11217948717948718 0.786096256684492 0.11538461538461539 0.786096256684492 0.11858974358974358 0.7807486631016043 0.1346153846153846 0.7807486631016043 0.1346153846153846 0.7914438502673797 0.14423076923076922 0.8021390374331551 0.14423076923076922 0.8288770053475936 0.13782051282051283 0.839572192513369 0.1282051282051282 0.839572192513369 0.125 0.8342245989304813 0.11538461538461539 0.8342245989304813 0.11217948717948718 0.8288770053475936 0.11217948717948718 0.8181818181818182 0.10897435897435898 0.8128342245989305 0.10897435897435898 0.7967914438502673 0.11217948717948718 0.7914438502673797
1 0.09294871794871795 0.37967914438502676 0.09615384615384616 0.3850267379679144 0.09615384615384616 0.4117647058823529 0.09294871794871795 0.41711229946524064 0.08012820512820513 0.41711229946524064 0.07692307692307693 0.4117647058823529 0.07692307692307693 0.3850267379679144 0.08012820512820513 0.37967914438502676 0.08974358974358974 0.37967914438502676
1 0.08974358974358974 0.28342245989304815 0.08974358974358974 0.25668449197860965 0.09294871794871795 0.25133689839572193 0.09615384615384616 0.25133689839572193 0.09935897435897435 0.25668449197860965 0.09935897435897435 0.28342245989304815 0.09615384615384616 0.2887700534759358 0.09294871794871795 0.28342245989304815
1 0.1987179487179487 0.0427807486631016 0.20512820512820512 0.053475935828877004 0.20512820512820512 0.06417112299465241 0.1987179487179487 0.0748663101604278 0.1891025641025641 0.0748663101604278 0.18269230769230768 0.06417112299465241 0.18269230769230768 0.0481283422459893 0.1858974358974359 0.0427807486631016 0.1955128205128205 0.0427807486631016
2 0.41346153846153844 0.0427807486631016 0.4166666666666667 0.0481283422459893 0.4166666666666667 0.058823529411764705 0.41025641025641024 0.0748663101604278 0.40064102564102566 0.0748663101604278 0.3974358974358974 0.06951871657754011 0.3974358974358974 0.053475935828877004 0.40064102564102566 0.0481283422459893 0.41025641025641024 0.0427807486631016
2 0.6634615384615384 0.0427807486631016 0.6730769230769231 0.0427807486631016 0.6762820512820513 0.0481283422459893 0.6762820512820513 0.058823529411764705 0.6730769230769231 0.06417112299465241 0.6666666666666666 0.06417112299465241 0.6634615384615384 0.058823529411764705 0.6634615384615384 0.0481283422459893
2 0.8108974358974359 0.0481283422459893 0.8173076923076923 0.058823529411764705 0.8205128205128205 0.058823529411764705 0.8205128205128205 0.0748663101604278 0.8173076923076923 0.08021390374331551 0.8076923076923077 0.08021390374331551 0.8044871794871795 0.0748663101604278 0.8044871794871795 0.06417112299465241 0.8076923076923077 0.058823529411764705 0.8076923076923077 0.053475935828877004
2 0.875 0.058823529411764705 0.8846153846153846 0.06951871657754011 0.8846153846153846 0.0962566844919786 0.8814102564102564 0.10160427807486631 0.875 0.10160427807486631 0.8717948717948718 0.0962566844919786 0.8685897435897436 0.0962566844919786 0.8685897435897436 0.09090909090909091 0.8653846153846154 0.0855614973262032 0.8653846153846154 0.06417112299465241 0.8717948717948718 0.06417112299465241
2 0.9519230769230769 0.1443850267379679 0.9583333333333334 0.12834224598930483 0.967948717948718 0.12834224598930483 0.9711538461538461 0.13368983957219252 0.9711538461538461 0.1497326203208556 0.9551282051282052 0.1497326203208556
1 0.9132290184921765 0.28598595781258324 0.042674253200568994 0.04509322156380981
1 0.9807692307692307 0.26737967914438504 0.9839743589743589 0.2727272727272727 0.9839743589743589 0.2994652406417112 0.9775641025641025 0.3155080213903743 0.9583333333333334 0.3155080213903743 0.9487179487179487 0.3048128342245989 0.9487179487179487 0.28342245989304815 0.9551282051282052 0.26737967914438504 0.9775641025641025 0.26737967914438504
1 0.8910256410256411 0.8556149732620321 0.9102564102564102 0.8449197860962567 0.9198717948717948 0.8609625668449198 0.9198717948717948 0.8877005347593583 0.9166666666666666 0.893048128342246 0.9006410256410257 0.893048128342246 0.9006410256410257 0.8877005347593583 0.8974358974358975 0.8823529411764706 0.8974358974358975 0.8770053475935828 0.8910256410256411 0.8663101604278075 0.8910256410256411 0.8609625668449198
2 0.28846153846153844 0.8983957219251337 0.28846153846153844 0.9144385026737968 0.27884615384615385 0.9144385026737968 0.27884615384615385 0.9037433155080213 0.28205128205128205 0.8983957219251337 0.28525641025641024 0.8983957219251337
2 0.28846153846153844 0.93048128342246 0.2916666666666667 0.9358288770053476 0.2916666666666667 0.9411764705882353 0.28846153846153844 0.946524064171123 0.28205128205128205 0.946524064171123 0.27884615384615385 0.9411764705882353 0.27884615384615385 0.9358288770053476 0.28205128205128205 0.93048128342246 0.28525641025641024 0.93048128342246
2 0.6666666666666666 0.4385026737967914 0.6698717948717948 0.44385026737967914 0.6698717948717948 0.45454545454545453 0.6602564102564102 0.45989304812834225 0.657051282051282 0.45454545454545453 0.6602564102564102 0.44919786096256686 0.6602564102564102 0.44385026737967914 0.6634615384615384 0.44385026737967914