2 0.46474358974358976 0.4222222222222222 0.47115384615384615 0.42962962962962964 0.47115384615384615 0.43333333333333335 0.46474358974358976 0.44074074074074077 0.46153846153846156 0.44074074074074077 0.4551282051282051 0.43333333333333335 0.4551282051282051 0.42592592592592593 0.4583333333333333 0.4222222222222222 0.46153846153846156 0.4222222222222222
2 0.47435897435897434 0.45925925925925926 0.483974358974359 0.45555555555555555 0.49038461538461536 0.4666666666666667 0.49038461538461536 0.4703703703703704 0.483974358974359 0.4777777777777778 0.4775641025641026 0.4777777777777778 0.47435897435897434 0.4740740740740741 0.47435897435897434 0.46296296296296297
2 0.5 0.4740740740740741 0.5096153846153846 0.4740740740740741 0.5128205128205128 0.4777777777777778 0.5128205128205128 0.4888888888888889 0.5096153846153846 0.4925925925925926 0.5032051282051282 0.4925925925925926 0.4967948717948718 0.48518518518518516 0.4967948717948718 0.48148148148148145 0.5 0.4777777777777778
2 0.3622291021671827 0.43556931544547645 0.018575851393188854 0.02325421396628827
2 0.3057275541795666 0.24595803233574134 0.017027863777089782 0.02325421396628827
2 0.4551282051282051 0.21851851851851853 0.46474358974358976 0.21851851851851853 0.46794871794871795 0.2222222222222222 0.46794871794871795 0.23333333333333334 0.46474358974358976 0.23703703703703705 0.4551282051282051 0.23703703703703705 0.4519230769230769 0.23333333333333334 0.4519230769230769 0.22592592592592592 0.4551282051282051 0.2222222222222222
2 0.5064102564102564 0.10740740740740741 0.5096153846153846 0.1111111111111111 0.5128205128205128 0.1111111111111111 0.5128205128205128 0.12222222222222222 0.5096153846153846 0.1259259259259259 0.5064102564102564 0.1259259259259259 0.5032051282051282 0.12222222222222222 0.5032051282051282 0.1111111111111111
2 0.5576923076923077 0.1259259259259259 0.5608974358974359 0.12962962962962962 0.5608974358974359 0.14074074074074075 0.5576923076923077 0.14444444444444443 0.5480769230769231 0.14074074074074075 0.5480769230769231 0.12962962962962962 0.5512820512820513 0.1259259259259259 0.5544871794871795 0.1259259259259259
2 0.5781733746130031 0.30051599587203304 0.02012383900928793 0.02146542827657379
2 0.3557692307692308 0.3814814814814815 0.358974358974359 0.3851851851851852 0.358974358974359 0.3962962962962963 0.34615384615384615 0.3962962962962963 0.34615384615384615 0.3851851851851852 0.34935897435897434 0.3814814814814815 0.3525641025641026 0.3814814814814815
2 0.7724358974358975 0.3962962962962963 0.7756410256410257 0.4 0.7756410256410257 0.4074074074074074 0.7692307692307693 0.4148148148148148 0.7628205128205128 0.4074074074074074 0.7628205128205128 0.4 0.7660256410256411 0.3962962962962963 0.7692307692307693 0.3962962962962963
2 0.4620743034055728 0.3810113519091847 0.02012383900928793 0.025042999656002752
2 0.4807692307692308 0.7148148148148148 0.48717948717948717 0.7222222222222222 0.48717948717948717 0.7333333333333333 0.483974358974359 0.737037037037037 0.47115384615384615 0.737037037037037 0.46794871794871795 0.7333333333333333 0.46794871794871795 0.7296296296296296 0.47115384615384615 0.725925925925926 0.47115384615384615 0.7185185185185186 0.47435897435897434 0.7148148148148148 0.4775641025641026 0.7148148148148148
2 0.6666666666666666 0.7518518518518519 0.6698717948717948 0.7555555555555555 0.6698717948717948 0.762962962962963 0.6666666666666666 0.7666666666666667 0.6602564102564102 0.7666666666666667 0.657051282051282 0.762962962962963 0.657051282051282 0.7555555555555555 0.6602564102564102 0.7518518518518519 0.6634615384615384 0.7518518518518519
2 0.6741486068111455 0.7790161678706571 0.017027863777089782 0.019676642586859305
2 0.6858974358974359 0.7851851851851852 0.6955128205128205 0.7851851851851852 0.6987179487179487 0.7888888888888889 0.6987179487179487 0.7962962962962963 0.6955128205128205 0.7962962962962963 0.6923076923076923 0.8 0.6891025641025641 0.8 0.6826923076923077 0.7925925925925926 0.6858974358974359 0.7888888888888889
2 0.7211538461538461 0.774074074074074 0.7307692307692307 0.774074074074074 0.7307692307692307 0.7851851851851852 0.7275641025641025 0.7888888888888889 0.7243589743589743 0.7888888888888889 0.717948717948718 0.7814814814814814 0.7211538461538461 0.7777777777777778
2 0.5 0.7555555555555555 0.5064102564102564 0.7555555555555555 0.5096153846153846 0.7592592592592593 0.5096153846153846 0.7666666666666667 0.5064102564102564 0.7703703703703704 0.5032051282051282 0.7703703703703704 0.5 0.7666666666666667 0.5 0.7592592592592593
2 0.47115384615384615 0.762962962962963 0.4775641025641026 0.762962962962963 0.4807692307692308 0.7666666666666667 0.4807692307692308 0.774074074074074 0.47435897435897434 0.7814814814814814 0.46794871794871795 0.774074074074074 0.46794871794871795 0.7703703703703704 0.47115384615384615 0.7666666666666667
2 0.4551282051282051 0.7666666666666667 0.4583333333333333 0.7703703703703704 0.4583333333333333 0.7814814814814814 0.4519230769230769 0.7814814814814814 0.44871794871794873 0.7777777777777778 0.44871794871794873 0.774074074074074 0.4519230769230769 0.7703703703703704
2 0.4230769230769231 0.7703703703703704 0.4230769230769231 0.7814814814814814 0.4166666666666667 0.7814814814814814 0.41346153846153844 0.7777777777777778 0.41346153846153844 0.774074074074074 0.4166666666666667 0.7703703703703704 0.4198717948717949 0.7703703703703704
2 0.391025641025641 0.7703703703703704 0.40064102564102566 0.7703703703703704 0.40064102564102566 0.774074074074074 0.40384615384615385 0.7777777777777778 0.40384615384615385 0.7814814814814814 0.3974358974358974 0.7888888888888889 0.391025641025641 0.7814814814814814 0.391025641025641 0.774074074074074
2 0.4166666666666667 0.7333333333333333 0.4198717948717949 0.737037037037037 0.4198717948717949 0.7481481481481481 0.41346153846153844 0.7555555555555555 0.40064102564102566 0.7555555555555555 0.3974358974358974 0.7518518518518519 0.3974358974358974 0.7481481481481481 0.40064102564102566 0.7444444444444445 0.40064102564102566 0.737037037037037 0.40384615384615385 0.7333333333333333 0.41346153846153844 0.7333333333333333
2 0.09133126934984521 0.5294805641554867 0.021671826625386997 0.02146542827657379
2 0.13622291021671826 0.6153422772617819 0.01238390092879257 0.014310285517715859
2 0.17307692307692307 0.5333333333333333 0.17307692307692307 0.5444444444444444 0.16666666666666666 0.5444444444444444 0.16346153846153846 0.5407407407407407 0.16346153846153846 0.5370370370370371 0.16666666666666666 0.5333333333333333 0.16987179487179488 0.5333333333333333
2 0.25851393188854493 0.5545235638114895 0.01238390092879257 0.014310285517715859
2 0.34935897435897434 0.7296296296296296 0.3525641025641026 0.7333333333333333 0.3525641025641026 0.7407407407407407 0.34935897435897434 0.7444444444444445 0.34294871794871795 0.7444444444444445 0.34294871794871795 0.737037037037037 0.33974358974358976 0.7333333333333333 0.34294871794871795 0.7296296296296296 0.34615384615384615 0.7296296296296296
2 0.4198717948717949 0.9259259259259259 0.4198717948717949 0.937037037037037 0.41025641025641024 0.937037037037037 0.41025641025641024 0.9296296296296296 0.41346153846153844 0.9259259259259259 0.4166666666666667 0.9259259259259259
2 0.32739938080495357 0.9730994152046785 0.013931888544891642 0.017887856897144824
2 0.1858974358974359 0.8518518518518519 0.1891025641025641 0.8555555555555555 0.1891025641025641 0.8666666666666667 0.18269230769230768 0.8666666666666667 0.18269230769230768 0.8555555555555555
2 0.19230769230769232 0.7777777777777778 0.20192307692307693 0.7777777777777778 0.20512820512820512 0.7814814814814814 0.20512820512820512 0.7851851851851852 0.20192307692307693 0.7888888888888889 0.19230769230769232 0.7888888888888889 0.19230769230769232 0.7814814814814814
2 0.1891025641025641 0.8111111111111111 0.19230769230769232 0.8148148148148148 0.19230769230769232 0.8222222222222222 0.18269230769230768 0.8222222222222222 0.18269230769230768 0.8148148148148148 0.1858974358974359 0.8148148148148148
2 0.20192307692307693 0.7185185185185186 0.20512820512820512 0.7222222222222222 0.20512820512820512 0.725925925925926 0.1987179487179487 0.7333333333333333 0.1955128205128205 0.7333333333333333 0.19230769230769232 0.7296296296296296 0.19230769230769232 0.7222222222222222 0.1955128205128205 0.7185185185185186 0.1987179487179487 0.7185185185185186
2 0.32371794871794873 0.40370370370370373 0.3269230769230769 0.4074074074074074 0.3269230769230769 0.4111111111111111 0.32371794871794873 0.4111111111111111 0.32051282051282054 0.4148148148148148 0.3173076923076923 0.4148148148148148 0.3141025641025641 0.4111111111111111 0.3141025641025641 0.4074074074074074 0.3173076923076923 0.40370370370370373 0.32051282051282054 0.40370370370370373
2 0.19230769230769232 0.28888888888888886 0.20512820512820512 0.28888888888888886 0.20512820512820512 0.3 0.19230769230769232 0.3 0.19230769230769232 0.29259259259259257
2 0.16666666666666666 0.28888888888888886 0.1762820512820513 0.28888888888888886 0.1794871794871795 0.29259259259259257 0.1794871794871795 0.2962962962962963 0.1762820512820513 0.3 0.16666666666666666 0.3 0.16666666666666666 0.29259259259259257
2 0.1794871794871795 0.3074074074074074 0.1858974358974359 0.3074074074074074 0.1891025641025641 0.3111111111111111 0.1891025641025641 0.31851851851851853 0.1858974358974359 0.32222222222222224 0.1794871794871795 0.32222222222222224 0.1762820512820513 0.31851851851851853 0.1762820512820513 0.3148148148148148 0.1794871794871795 0.3111111111111111
2 0.22435897435897437 0.3074074074074074 0.23076923076923078 0.3074074074074074 0.23076923076923078 0.31851851851851853 0.22435897435897437 0.31851851851851853 0.22435897435897437 0.3111111111111111
2 0.2120743034055728 0.203921568627451 0.01238390092879257 0.014310285517715859
2 0.2948717948717949 0.5444444444444444 0.30448717948717946 0.5407407407407407 0.3108974358974359 0.5481481481481482 0.3108974358974359 0.5592592592592592 0.30448717948717946 0.5666666666666667 0.2980769230769231 0.5666666666666667 0.2916666666666667 0.5592592592592592 0.2916666666666667 0.5518518518518518 0.2948717948717949 0.5481481481481482
2 0.23684210526315788 0.8371517027863777 0.018575851393188854 0.017887856897144824
2 0.20833333333333334 0.8962962962962963 0.21474358974358973 0.9037037037037037 0.21474358974358973 0.9111111111111111 0.20512820512820512 0.9259259259259259 0.1955128205128205 0.9259259259259259 0.19230769230769232 0.9222222222222223 0.19230769230769232 0.9037037037037037 0.1955128205128205 0.9 0.20512820512820512 0.8962962962962963
2 0.3974358974358974 0.8222222222222222 0.40705128205128205 0.8296296296296296 0.40705128205128205 0.8481481481481481 0.40064102564102566 0.8555555555555555 0.3942307692307692 0.8555555555555555 0.3814102564102564 0.8444444444444444 0.3814102564102564 0.837037037037037 0.38461538461538464 0.8333333333333334 0.38461538461538464 0.8296296296296296 0.391025641025641 0.8222222222222222 0.3942307692307692 0.8222222222222222
2 0.7852564102564102 0.6037037037037037 0.7884615384615384 0.6074074074074074 0.7916666666666666 0.6074074074074074 0.7916666666666666 0.6111111111111112 0.7948717948717948 0.6148148148148148 0.7948717948717948 0.6296296296296297 0.7916666666666666 0.6296296296296297 0.7884615384615384 0.6333333333333333 0.7756410256410257 0.6333333333333333 0.7724358974358975 0.6296296296296297 0.7724358974358975 0.6148148148148148 0.7756410256410257 0.6111111111111112 0.7756410256410257 0.6074074074074074 0.7788461538461539 0.6037037037037037 0.782051282051282 0.6037037037037037
2 0.6965944272445821 0.33450292397660825 0.02476780185758514 0.028620571035431717
2 0.8320433436532508 0.21554867561059513 0.017027863777089782 0.019676642586859305
2 0.8012820512820513 0.24814814814814815 0.8076923076923077 0.24074074074074073 0.8173076923076923 0.24074074074074073 0.8173076923076923 0.24814814814814815 0.8141025641025641 0.2518518518518518 0.8044871794871795 0.2518518518518518
2 0.4807692307692308 0.21851851851851853 0.48717948717948717 0.21851851851851853 0.48717948717948717 0.2222222222222222 0.49038461538461536 0.22592592592592592 0.49038461538461536 0.23333333333333334 0.48717948717948717 0.23703703703703705 0.4807692307692308 0.23703703703703705 0.4775641025641026 0.23333333333333334 0.4775641025641026 0.22592592592592592 0.4807692307692308 0.2222222222222222
2 0.49038461538461536 0.32592592592592595 0.4935897435897436 0.32592592592592595 0.4967948717948718 0.32222222222222224 0.5064102564102564 0.32592592592592595 0.5064102564102564 0.337037037037037 0.5032051282051282 0.337037037037037 0.5 0.34074074074074073 0.5 0.34444444444444444 0.4967948717948718 0.34444444444444444 0.4935897435897436 0.34074074074074073 0.49038461538461536 0.3296296296296296
2 0.8237179487179487 0.8814814814814815 0.8397435897435898 0.8814814814814815 0.8397435897435898 0.8925925925925926 0.8365384615384616 0.8962962962962963 0.8269230769230769 0.8962962962962963 0.8237179487179487 0.8925925925925926 0.8237179487179487 0.8851851851851852
2 0.8461538461538461 0.9 0.8525641025641025 0.9111111111111111 0.8525641025641025 0.9222222222222223 0.8493589743589743 0.9222222222222223 0.8461538461538461 0.9259259259259259 0.8333333333333334 0.9259259259259259 0.8269230769230769 0.9185185185185185 0.8269230769230769 0.9074074074074074 0.8333333333333334 0.9 0.842948717948718 0.9
2 0.8012820512820513 0.9 0.8044871794871795 0.8962962962962963 0.8044871794871795 0.8925925925925926 0.8076923076923077 0.8888888888888888 0.8108974358974359 0.8888888888888888 0.8173076923076923 0.9 0.8173076923076923 0.9148148148148149 0.8076923076923077 0.9148148148148149 0.8044871794871795 0.9037037037037037
2 0.7948717948717948 0.8074074074074075 0.7980769230769231 0.8111111111111111 0.7980769230769231 0.8148148148148148 0.7916666666666666 0.825925925925926 0.782051282051282 0.825925925925926 0.7788461538461539 0.8222222222222222 0.7788461538461539 0.8111111111111111 0.782051282051282 0.8074074074074075 0.7916666666666666 0.8074074074074075
2 0.5641025641025641 0.8111111111111111 0.5673076923076923 0.8148148148148148 0.5705128205128205 0.8148148148148148 0.5705128205128205 0.8296296296296296 0.5673076923076923 0.8333333333333334 0.5673076923076923 0.837037037037037 0.5512820512820513 0.837037037037037 0.5512820512820513 0.8333333333333334 0.5480769230769231 0.8296296296296296 0.5480769230769231 0.8222222222222222 0.5512820512820513 0.8185185185185185 0.5512820512820513 0.8148148148148148 0.5608974358974359 0.8111111111111111
2 0.5480769230769231 0.9074074074074074 0.5512820512820513 0.9111111111111111 0.5512820512820513 0.9222222222222223 0.5448717948717948 0.9296296296296296 0.5416666666666666 0.9296296296296296 0.532051282051282 0.9185185185185185 0.532051282051282 0.9111111111111111 0.5352564102564102 0.9074074074074074 0.5448717948717948 0.9074074074074074
2 0.3525641025641026 0.8851851851851852 0.358974358974359 0.8925925925925926 0.358974358974359 0.9 0.3557692307692308 0.9037037037037037 0.3557692307692308 0.9074074074074074 0.33974358974358976 0.9074074074074074 0.33653846153846156 0.9037037037037037 0.33653846153846156 0.8888888888888888 0.33974358974358976 0.8851851851851852 0.34935897435897434 0.8851851851851852
2 0.3557692307692308 0.7703703703703704 0.36217948717948717 0.7703703703703704 0.36538461538461536 0.774074074074074 0.36538461538461536 0.7814814814814814 0.3557692307692308 0.7814814814814814 0.3557692307692308 0.774074074074074
2 0.3685897435897436 0.4777777777777778 0.375 0.48518518518518516 0.375 0.4925925925925926 0.3685897435897436 0.5 0.36538461538461536 0.5 0.36538461538461536 0.4962962962962963 0.36217948717948717 0.4925925925925926 0.36217948717948717 0.48518518518518516 0.36538461538461536 0.48148148148148145
2 0.23839009287925697 0.17619539043687651 0.021671826625386997 0.02325421396628827
2 0.125 0.4888888888888889 0.1282051282051282 0.4925925925925926 0.13141025641025642 0.4925925925925926 0.13141025641025642 0.5 0.1282051282051282 0.5 0.125 0.5037037037037037 0.11538461538461539 0.5037037037037037 0.11538461538461539 0.4925925925925926 0.11858974358974358 0.4888888888888889 0.12179487179487179 0.4888888888888889
2 0.10897435897435898 0.43333333333333335 0.11858974358974358 0.43333333333333335 0.125 0.4444444444444444 0.125 0.44814814814814813 0.12179487179487179 0.44814814814814813 0.11858974358974358 0.45185185185185184 0.10897435897435898 0.4444444444444444 0.10897435897435898 0.43703703703703706
2 0.17801857585139322 0.5607843137254902 0.015479876160990714 0.016099071207430343
1 0.16025641025641027 0.5518518518518518 0.16666666666666666 0.562962962962963 0.16346153846153846 0.5666666666666667 0.16025641025641027 0.5777777777777777 0.15064102564102563 0.5777777777777777 0.14743589743589744 0.5740740740740741 0.14743589743589744 0.562962962962963 0.15064102564102563 0.5592592592592592 0.15064102564102563 0.5555555555555556 0.15384615384615385 0.5518518518518518 0.15705128205128205 0.5518518518518518
1 0.1282051282051282 0.5518518518518518 0.1282051282051282 0.5740740740740741 0.125 0.5777777777777777 0.11538461538461539 0.5777777777777777 0.11217948717948718 0.5740740740740741 0.11217948717948718 0.5555555555555556 0.11538461538461539 0.5518518518518518 0.125 0.5518518518518518
1 0.27564102564102566 0.7777777777777778 0.28205128205128205 0.7777777777777778 0.28525641025641024 0.7814814814814814 0.28846153846153844 0.7814814814814814 0.30448717948717946 0.8037037037037037 0.30448717948717946 0.8148148148148148 0.2980769230769231 0.8222222222222222 0.2948717948717949 0.8222222222222222 0.28525641025641024 0.8296296296296296 0.27564102564102566 0.8296296296296296 0.27564102564102566 0.825925925925926 0.2692307692307692 0.8148148148148148 0.2692307692307692 0.7925925925925926 0.27564102564102566 0.7814814814814814
1 0.22756410256410256 0.7703703703703704 0.23076923076923078 0.7703703703703704 0.23397435897435898 0.7666666666666667 0.25 0.7666666666666667 0.266025641025641 0.7814814814814814 0.266025641025641 0.8074074074074075 0.2564102564102564 0.8185185185185185 0.23076923076923078 0.8185185185185185 0.22435897435897437 0.8111111111111111 0.22435897435897437 0.7814814814814814 0.22756410256410256 0.7777777777777778 0.22756410256410256 0.774074074074074
1 0.5833333333333334 0.6925925925925925 0.5897435897435898 0.7 0.5897435897435898 0.7222222222222222 0.5833333333333334 0.7296296296296296 0.5801282051282052 0.7407407407407407 0.5769230769230769 0.7407407407407407 0.5705128205128205 0.7481481481481481 0.5512820512820513 0.7481481481481481 0.5416666666666666 0.737037037037037 0.5416666666666666 0.7333333333333333 0.5384615384615384 0.7296296296296296 0.5384615384615384 0.7037037037037037 0.5480769230769231 0.6888888888888889 0.5480769230769231 0.6851851851851852 0.5576923076923077 0.6777777777777778 0.5673076923076923 0.6777777777777778 0.5705128205128205 0.6814814814814815 0.5705128205128205 0.6888888888888889 0.5737179487179487 0.6925925925925925 0.5801282051282052 0.6925925925925925
1 0.9519230769230769 0.8148148148148148 0.967948717948718 0.8296296296296296 0.967948717948718 0.8592592592592593 0.9615384615384616 0.8666666666666667 0.9326923076923077 0.8666666666666667 0.9230769230769231 0.8555555555555555 0.9230769230769231 0.8407407407407408 0.9262820512820513 0.837037037037037 0.9262820512820513 0.8333333333333334 0.9358974358974359 0.8222222222222222 0.9391025641025641 0.8222222222222222 0.9455128205128205 0.8148148148148148 0.9487179487179487 0.8148148148148148
1 0.6955128205128205 0.8444444444444444 0.6987179487179487 0.8481481481481481 0.7051282051282052 0.8481481481481481 0.7147435897435898 0.8555555555555555 0.7147435897435898 0.8592592592592593 0.717948717948718 0.8629629629629629 0.717948717948718 0.8814814814814815 0.7147435897435898 0.8851851851851852 0.6891025641025641 0.8851851851851852 0.6826923076923077 0.8777777777777778 0.6826923076923077 0.8740740740740741 0.6794871794871795 0.8703703703703703 0.6794871794871795 0.8629629629629629 0.6826923076923077 0.8592592592592593 0.6826923076923077 0.8518518518518519 0.6891025641025641 0.8444444444444444 0.6923076923076923 0.8444444444444444
1 0.7051282051282052 0.11481481481481481 0.7083333333333334 0.11851851851851852 0.7115384615384616 0.11481481481481481 0.7275641025641025 0.11481481481481481 0.7371794871794872 0.12962962962962962 0.7371794871794872 0.15925925925925927 0.7339743589743589 0.16296296296296298 0.7339743589743589 0.16666666666666666 0.7243589743589743 0.17777777777777778 0.7019230769230769 0.17777777777777778 0.6987179487179487 0.17407407407407408 0.6891025641025641 0.17037037037037037 0.6826923076923077 0.16296296296296298 0.6826923076923077 0.15555555555555556 0.6794871794871795 0.15185185185185185 0.6794871794871795 0.13703703703703704 0.6826923076923077 0.13333333333333333 0.6826923076923077 0.12962962962962962 0.6923076923076923 0.11851851851851852 0.7019230769230769 0.11481481481481481
1 0.6089743589743589 0.12962962962962962 0.6121794871794872 0.13333333333333333 0.6121794871794872 0.15925925925925927 0.6089743589743589 0.16296296296296298 0.5897435897435898 0.16296296296296298 0.5897435897435898 0.15925925925925927 0.5865384615384616 0.15555555555555556 0.5865384615384616 0.13333333333333333 0.5897435897435898 0.12962962962962962 0.6057692307692307 0.12962962962962962
1 0.30448717948717946 0.3111111111111111 0.3076923076923077 0.3148148148148148 0.3141025641025641 0.3148148148148148 0.3173076923076923 0.31851851851851853 0.3173076923076923 0.32592592592592595 0.32051282051282054 0.3296296296296296 0.32051282051282054 0.3592592592592593 0.3141025641025641 0.37037037037037035 0.28846153846153844 0.37037037037037035 0.28205128205128205 0.362962962962963 0.28205128205128205 0.3592592592592593 0.27564102564102566 0.34814814814814815 0.27564102564102566 0.32592592592592595 0.27884615384615385 0.32592592592592595 0.28846153846153844 0.3148148148148148 0.2948717948717949 0.3148148148148148 0.2980769230769231 0.3111111111111111 0.30128205128205127 0.3111111111111111
1 0.30448717948717946 0.07777777777777778 0.3269230769230769 0.07777777777777778 0.3301282051282051 0.08148148148148149 0.3333333333333333 0.08148148148148149 0.33974358974358976 0.09259259259259259 0.33974358974358976 0.1037037037037037 0.34294871794871795 0.10740740740740741 0.34294871794871795 0.11851851851851852 0.33653846153846156 0.1259259259259259 0.33653846153846156 0.12962962962962962 0.3333333333333333 0.12962962962962962 0.3301282051282051 0.13333333333333333 0.3301282051282051 0.13703703703703704 0.3141025641025641 0.13703703703703704 0.30448717948717946 0.1259259259259259 0.30448717948717946 0.12222222222222222 0.2980769230769231 0.1111111111111111 0.2980769230769231 0.08518518518518518 0.30128205128205127 0.08518518518518518 0.30448717948717946 0.08148148148148149
1 0.36538461538461536 0.05185185185185185 0.3814102564102564 0.06296296296296296 0.3814102564102564 0.07777777777777778 0.3782051282051282 0.08148148148148149 0.375 0.08148148148148149 0.3717948717948718 0.08518518518518518 0.3717948717948718 0.08888888888888889 0.3685897435897436 0.08888888888888889 0.36538461538461536 0.09259259259259259 0.34615384615384615 0.09259259259259259 0.33653846153846156 0.08518518518518518 0.33653846153846156 0.05925925925925926 0.34615384615384615 0.05185185185185185 0.36217948717948717 0.05185185185185185
1 0.05128205128205128 0.21851851851851853 0.07051282051282051 0.21851851851851853 0.07371794871794872 0.2222222222222222 0.08012820512820513 0.2222222222222222 0.08974358974358974 0.23703703703703705 0.08974358974358974 0.25555555555555554 0.08653846153846154 0.25925925925925924 0.08012820512820513 0.25925925925925924 0.07692307692307693 0.26296296296296295 0.0641025641025641 0.26296296296296295 0.060897435897435896 0.25925925925925924 0.05448717948717949 0.25925925925925924 0.05128205128205128 0.25555555555555554 0.04807692307692308 0.25555555555555554 0.04807692307692308 0.2518518518518518 0.04487179487179487 0.24814814814814815 0.04487179487179487 0.24074074074074073 0.04807692307692308 0.23703703703703705 0.04807692307692308 0.22592592592592592 0.05128205128205128 0.2222222222222222
1 0.2778637770897833 0.6725834193326454 0.04489164086687306 0.05366357069143447
1 0.4967948717948718 0.8407407407407408 0.5064102564102564 0.8518518518518519 0.5064102564102564 0.8703703703703703 0.5096153846153846 0.8740740740740741 0.5096153846153846 0.8962962962962963 0.4967948717948718 0.8962962962962963 0.49038461538461536 0.8888888888888888 0.4807692307692308 0.8851851851851852 0.4807692307692308 0.8814814814814815 0.4775641025641026 0.8777777777777778 0.4775641025641026 0.8555555555555555 0.49038461538461536 0.8407407407407408 0.4935897435897436 0.8407407407407408
2 0.44040247678018574 0.2844169246646027 0.029411764705882356 0.032198142414860687
2 0.6648606811145511 0.23075335397316823 0.017027863777089782 0.02146542827657379
2 0.532051282051282 0.24814814814814815 0.5416666666666666 0.24814814814814815 0.5448717948717948 0.2518518518518518 0.5448717948717948 0.25555555555555554 0.5416666666666666 0.25925925925925924 0.532051282051282 0.25925925925925924 0.532051282051282 0.2518518518518518
2 0.49038461538461536 0.27037037037037037 0.4935897435897436 0.2740740740740741 0.4935897435897436 0.2814814814814815 0.49038461538461536 0.2851851851851852 0.4807692307692308 0.2851851851851852 0.4807692307692308 0.2740740740740741 0.483974358974359 0.27037037037037037 0.48717948717948717 0.27037037037037037
2 0.5448717948717948 0.3037037037037037 0.5448717948717948 0.3074074074074074 0.5480769230769231 0.3111111111111111 0.5448717948717948 0.3148148148148148 0.5448717948717948 0.31851851851851853 0.5384615384615384 0.31851851851851853 0.5352564102564102 0.3148148148148148 0.5352564102564102 0.3074074074074074 0.5384615384615384 0.3037037037037037 0.5416666666666666 0.3037037037037037
2 0.33746130030959753 0.6394908840729274 0.021671826625386997 0.03398692810457517
2 0.32051282051282054 0.6037037037037037 0.32371794871794873 0.6074074074074074 0.32371794871794873 0.6148148148148148 0.3141025641025641 0.6259259259259259 0.3076923076923077 0.6259259259259259 0.30448717948717946 0.6222222222222222 0.30448717948717946 0.6111111111111112 0.3076923076923077 0.6111111111111112 0.3141025641025641 0.6037037037037037 0.3173076923076923 0.6037037037037037
2 0.40705128205128205 0.3592592592592593 0.40705128205128205 0.362962962962963 0.41346153846153844 0.37037037037037035 0.41346153846153844 0.3814814814814815 0.40705128205128205 0.3888888888888889 0.3974358974358974 0.3888888888888889 0.3942307692307692 0.3851851851851852 0.391025641025641 0.3851851851851852 0.3814102564102564 0.37407407407407406 0.3814102564102564 0.36666666666666664 0.38461538461538464 0.36666666666666664 0.391025641025641 0.35555555555555557 0.40064102564102566 0.35555555555555557 0.40384615384615385 0.3592592592592593
2 0.813467492260062 0.5840385276917786 0.032507739938080496 0.030409356725146202
2 0.8119195046439629 0.7799105607155142 0.032507739938080496 0.032198142414860687
2 0.16346153846153846 0.7555555555555555 0.16346153846153846 0.7518518518518519 0.16025641025641027 0.7481481481481481 0.16025641025641027 0.7407407407407407 0.16346153846153846 0.737037037037037 0.17307692307692307 0.737037037037037 0.1762820512820513 0.7407407407407407 0.1762820512820513 0.7518518518518519 0.17307692307692307 0.7555555555555555 0.16666666666666666 0.7555555555555555
2 0.21904024767801858 0.6224974200206399 0.02321981424148607 0.028620571035431717
2 0.10576923076923077 0.18888888888888888 0.11217948717948718 0.1962962962962963 0.11217948717948718 0.2074074074074074 0.10576923076923077 0.21481481481481482 0.09615384615384616 0.2111111111111111 0.09615384615384616 0.2074074074074074 0.09294871794871795 0.2037037037037037 0.09294871794871795 0.1962962962962963 0.09935897435897435 0.18888888888888888 0.10256410256410256 0.18888888888888888
2 0.2128482972136223 0.37653938768489853 0.02321981424148607 0.019676642586859305
2 0.22058823529411767 0.34613003095975237 0.032507739938080496 0.030409356725146202
2 0.04807692307692308 0.4925925925925926 0.05128205128205128 0.4925925925925926 0.05448717948717949 0.4888888888888889 0.0641025641025641 0.4888888888888889 0.07051282051282051 0.4962962962962963 0.07051282051282051 0.5037037037037037 0.0673076923076923 0.5074074074074074 0.0673076923076923 0.5111111111111111 0.060897435897435896 0.5111111111111111 0.057692307692307696 0.5148148148148148 0.04807692307692308 0.5148148148148148 0.04487179487179487 0.5111111111111111 0.04487179487179487 0.5 0.04807692307692308 0.4962962962962963
2 0.3557692307692308 0.6888888888888889 0.36217948717948717 0.6962962962962963 0.36217948717948717 0.7111111111111111 0.3525641025641026 0.7185185185185186 0.34935897435897434 0.7185185185185186 0.34294871794871795 0.7111111111111111 0.34615384615384615 0.6925925925925925 0.34935897435897434 0.6888888888888889 0.3525641025641026 0.6888888888888889
2 0.6282051282051282 0.3 0.6346153846153846 0.3074074074074074 0.6346153846153846 0.32592592592592595 0.6314102564102564 0.3296296296296296 0.6314102564102564 0.3333333333333333 0.6282051282051282 0.3333333333333333 0.625 0.337037037037037 0.6153846153846154 0.3296296296296296 0.6153846153846154 0.3074074074074074 0.6217948717948718 0.3 0.625 0.3
1 0.836687306501548 0.19050567595459236 0.032507739938080496 0.03398692810457517
2 0.5705128205128205 0.3333333333333333 0.5737179487179487 0.337037037037037 0.5737179487179487 0.35185185185185186 0.5641025641025641 0.3592592592592593 0.5608974358974359 0.3592592592592593 0.5512820512820513 0.35185185185185186 0.5512820512820513 0.34074074074074073 0.5576923076923077 0.3333333333333333 0.5673076923076923 0.3333333333333333
2 0.6826923076923077 0.5592592592592592 0.6987179487179487 0.562962962962963 0.7051282051282052 0.5703703703703704 0.7051282051282052 0.5851851851851851 0.7019230769230769 0.5888888888888889 0.6858974358974359 0.5888888888888889 0.6794871794871795 0.5814814814814815 0.6794871794871795 0.5666666666666667 0.6826923076923077 0.562962962962963
1 0.9134615384615384 0.2037037037037037 0.9230769230769231 0.2111111111111111 0.9230769230769231 0.22962962962962963 0.9102564102564102 0.24074074074074073 0.9006410256410257 0.24074074074074073 0.8974358974358975 0.23703703703703705 0.8942307692307693 0.23703703703703705 0.8942307692307693 0.23333333333333334 0.8910256410256411 0.22962962962962963 0.8910256410256411 0.21851851851851853 0.8942307692307693 0.21481481481481482 0.8942307692307693 0.2074074074074074 0.9038461538461539 0.2 0.907051282051282 0.2 0.9102564102564102 0.2037037037037037
2 0.5160256410256411 0.22592592592592592 0.5192307692307693 0.22962962962962963 0.5192307692307693 0.24074074074074073 0.5096153846153846 0.2518518518518518 0.4935897435897436 0.2518518518518518 0.49038461538461536 0.24814814814814815 0.49038461538461536 0.24444444444444444 0.4935897435897436 0.24074074074074073 0.4935897435897436 0.23703703703703705 0.5032051282051282 0.22592592592592592 0.5128205128205128 0.22592592592592592
1 0.6057692307692307 0.5444444444444444 0.6089743589743589 0.5481481481481482 0.6089743589743589 0.5740740740740741 0.6057692307692307 0.5777777777777777 0.6057692307692307 0.5814814814814815 0.5961538461538461 0.5925925925925926 0.5769230769230769 0.5925925925925926 0.5737179487179487 0.5888888888888889 0.5705128205128205 0.5888888888888889 0.5641025641025641 0.5814814814814815 0.5641025641025641 0.5777777777777777 0.5608974358974359 0.5740740740740741 0.5608974358974359 0.5666666666666667 0.5641025641025641 0.562962962962963 0.5641025641025641 0.5555555555555556 0.5673076923076923 0.5518518518518518 0.5769230769230769 0.5518518518518518 0.5801282051282052 0.5481481481481482 0.5897435897435898 0.5481481481481482 0.592948717948718 0.5444444444444444 0.6025641025641025 0.5444444444444444
2 0.4326923076923077 0.5888888888888889 0.4326923076923077 0.6037037037037037 0.42948717948717946 0.6074074074074074 0.4230769230769231 0.6074074074074074 0.4166666666666667 0.6 0.4166666666666667 0.5962962962962963 0.4198717948717949 0.5925925925925926 0.42948717948717946 0.5888888888888889
2 0.5737179487179487 0.6185185185185185 0.5737179487179487 0.6296296296296297 0.5673076923076923 0.6296296296296297 0.5673076923076923 0.6259259259259259 0.5641025641025641 0.6222222222222222 0.5673076923076923 0.6185185185185185 0.5705128205128205 0.6185185185185185
2 0.5608974358974359 0.6370370370370371 0.5673076923076923 0.6370370370370371 0.5705128205128205 0.6407407407407407 0.5705128205128205 0.6444444444444445 0.5673076923076923 0.6481481481481481 0.5608974358974359 0.6481481481481481 0.5608974358974359 0.6407407407407407
2 0.6538461538461539 0.6444444444444445 0.657051282051282 0.6481481481481481 0.657051282051282 0.6518518518518519 0.6506410256410257 0.662962962962963 0.6410256410256411 0.662962962962963 0.6378205128205128 0.6592592592592592 0.6378205128205128 0.6555555555555556 0.6474358974358975 0.6444444444444445 0.6506410256410257 0.6444444444444445
2 0.6586687306501549 0.8952872377020984 0.010835913312693499 0.019676642586859305
2 0.6602564102564102 0 0.6602564102564102 0.018518518518518517 0.657051282051282 0.022222222222222223 0.6410256410256411 0.022222222222222223 0.6378205128205128 0.018518518518518517 0.6378205128205128 0.007407407407407408 0.6410256410256411 0.003703703703703704 0.6442307692307693 0.003703703703703704 0.6474358974358975 0 0.657051282051282 0
1 0.6826923076923077 0.03333333333333333 0.6955128205128205 0.03333333333333333 0.7051282051282052 0.044444444444444446 0.7051282051282052 0.05555555555555555 0.6987179487179487 0.06296296296296296 0.6987179487179487 0.06666666666666667 0.6955128205128205 0.07037037037037037 0.6826923076923077 0.07037037037037037 0.6730769230769231 0.05555555555555555 0.6730769230769231 0.04814814814814815 0.6826923076923077 0.037037037037037035
1 0.855263157894737 0.29246646026831785 0.032507739938080496 0.03756449948400413
2 0.7693498452012384 0.8756105951152391 0.018575851393188854 0.026831785345717236
1 0.7692307692307693 0.1259259259259259 0.7724358974358975 0.12962962962962962 0.7788461538461539 0.12962962962962962 0.7852564102564102 0.13703703703703704 0.7852564102564102 0.15185185185185185 0.782051282051282 0.15555555555555556 0.782051282051282 0.15925925925925927 0.7724358974358975 0.17037037037037037 0.7564102564102564 0.17037037037037037 0.75 0.15925925925925927 0.75 0.13703703703703704 0.7564102564102564 0.12962962962962962 0.7660256410256411 0.1259259259259259
2 0.30128205128205127 0.48148148148148145 0.30128205128205127 0.4703703703703704 0.30448717948717946 0.4666666666666667 0.3076923076923077 0.4666666666666667 0.3076923076923077 0.4703703703703704 0.3108974358974359 0.4740740740740741 0.3108974358974359 0.48148148148148145 0.30448717948717946 0.48148148148148145
2 0.266025641025641 0.9074074074074074 0.266025641025641 0.9111111111111111 0.2692307692307692 0.9148148148148149 0.2692307692307692 0.9259259259259259 0.26282051282051283 0.9333333333333333 0.2564102564102564 0.9333333333333333 0.2532051282051282 0.9296296296296296 0.2532051282051282 0.9185185185185185 0.2564102564102564 0.9148148148148149 0.2564102564102564 0.9111111111111111 0.25961538461538464 0.9074074074074074 0.26282051282051283 0.9074074074074074
1 0.15384615384615385 0.6444444444444445 0.15705128205128205 0.6444444444444445 0.16025641025641027 0.6407407407407407 0.16666666666666666 0.6407407407407407 0.16987179487179488 0.6370370370370371 0.1794871794871795 0.6370370370370371 0.1794871794871795 0.6444444444444445 0.18269230769230768 0.6481481481481481 0.18269230769230768 0.6592592592592592 0.17307692307692307 0.6666666666666666 0.16025641025641027 0.6666666666666666 0.15384615384615385 0.6592592592592592 0.15384615384615385 0.6481481481481481
1 0.7291021671826626 0.27368421052631575 0.04024767801857586 0.04650842793257654
1 0.9198717948717948 0.1037037037037037 0.9230769230769231 0.10740740740740741 0.9262820512820513 0.10740740740740741 0.9358974358974359 0.12222222222222222 0.9358974358974359 0.14444444444444443 0.9391025641025641 0.14814814814814814 0.9391025641025641 0.15925925925925927 0.9358974358974359 0.16296296296296298 0.9166666666666666 0.16296296296296298 0.8974358974358975 0.14074074074074075 0.8974358974358975 0.13703703703703704 0.8942307692307693 0.13333333333333333 0.8942307692307693 0.11481481481481481 0.8974358974358975 0.1111111111111111 0.8974358974358975 0.10740740740740741 0.9166666666666666 0.10740740740740741
1 0.9006410256410257 0.6222222222222222 0.9038461538461539 0.6222222222222222 0.907051282051282 0.6185185185185185 0.9166666666666666 0.6185185185185185 0.9230769230769231 0.6259259259259259 0.9230769230769231 0.6370370370370371 0.9198717948717948 0.6407407407407407 0.9198717948717948 0.6481481481481481 0.9102564102564102 0.6555555555555556 0.9006410256410257 0.6555555555555556 0.8942307692307693 0.6481481481481481 0.8910256410256411 0.6481481481481481 0.8910256410256411 0.6370370370370371 0.9006410256410257 0.6259259259259259
2 0.6442307692307693 0.46296296296296297 0.6506410256410257 0.46296296296296297 0.6538461538461539 0.4666666666666667 0.6538461538461539 0.4740740740740741 0.6506410256410257 0.4777777777777778 0.6442307692307693 0.4777777777777778 0.6442307692307693 0.4666666666666667
2 0.7756410256410257 0.5518518518518518 0.782051282051282 0.5518518518518518 0.782051282051282 0.5666666666666667 0.7756410256410257 0.5666666666666667 0.7724358974358975 0.562962962962963 0.7756410256410257 0.5592592592592592 0.7756410256410257 0.5555555555555556
2 0.8685897435897436 0.45555555555555555 0.8717948717948718 0.45925925925925926 0.8717948717948718 0.4703703703703704 0.8621794871794872 0.4703703703703704 0.8621794871794872 0.46296296296296297 0.8653846153846154 0.45925925925925926
2 0.3877708978328174 0.22717578259373924 0.013931888544891642 0.014310285517715859
2 0.3782051282051282 0.24074074074074073 0.38782051282051283 0.24074074074074073 0.38782051282051283 0.24814814814814815 0.3782051282051282 0.24814814814814815 0.3782051282051282 0.24444444444444444
2 0.4179566563467492 0.2343309253525972 0.01238390092879257 0.010732714138286895
2 0.4280185758513932 0.252218782249742 0.013931888544891642 0.017887856897144824
2 0.3668730650154799 0.20571035431716547 0.01238390092879257 0.014310285517715859
2 0.41099071207430343 0.4167870657034744 0.010835913312693499 0.010732714138286895
2 0.483974358974359 0.6148148148148148 0.48717948717948717 0.6185185185185185 0.4807692307692308 0.6296296296296297 0.46794871794871795 0.6296296296296297 0.46794871794871795 0.6222222222222222 0.47115384615384615 0.6185185185185185 0.4807692307692308 0.6148148148148148
2 0.6880804953560372 0.9722050223598212 0.02012383900928793 0.019676642586859305
1 0.9807692307692307 0.7296296296296296 0.9807692307692307 0.7333333333333333 0.9839743589743589 0.737037037037037 0.9839743589743589 0.7481481481481481 0.9743589743589743 0.762962962962963 0.967948717948718 0.762962962962963 0.9615384615384616 0.7555555555555555 0.9615384615384616 0.7481481481481481 0.9583333333333334 0.7444444444444445 0.9583333333333334 0.7333333333333333 0.9615384615384616 0.7296296296296296 0.9775641025641025 0.7296296296296296
2 0.5611455108359134 0.37564499484004127 0.010835913312693499 0.014310285517715859
2 0.5719814241486069 0.3935328517371861 0.010835913312693499 0.014310285517715859
2 0.5503095975232198 0.44004127966976264 0.010835913312693499 0.014310285517715859
2 0.5480769230769231 0.45555555555555555 0.5544871794871795 0.45555555555555555 0.5576923076923077 0.45925925925925926 0.5576923076923077 0.4666666666666667 0.5544871794871795 0.4703703703703704 0.5480769230769231 0.4703703703703704 0.5480769230769231 0.45925925925925926
2 0.6091331269349846 0.4015823873409013 0.007739938080495357 0.012521499828001376
2 0.6217948717948718 0.4074074074074074 0.6217948717948718 0.4222222222222222 0.6153846153846154 0.4222222222222222 0.6121794871794872 0.4185185185185185 0.6121794871794872 0.4111111111111111 0.6185897435897436 0.4111111111111111
2 0.7275641025641025 0.362962962962963 0.7339743589743589 0.362962962962963 0.7371794871794872 0.36666666666666664 0.7371794871794872 0.37037037037037035 0.7339743589743589 0.37407407407407406 0.7275641025641025 0.37407407407407406 0.7275641025641025 0.36666666666666664
2 0.7948717948717948 0.5 0.7980769230769231 0.4962962962962963 0.8076923076923077 0.4962962962962963 0.8076923076923077 0.5074074074074074 0.8012820512820513 0.5074074074074074 0.7980769230769231 0.5037037037037037
2 0.3622291021671827 0.9498452012383902 0.01238390092879257 0.017887856897144824
2 0.41346153846153844 0.43703703703703706 0.4166666666666667 0.44074074074074077 0.4198717948717949 0.44074074074074077 0.4198717948717949 0.44814814814814813 0.4166666666666667 0.44814814814814813 0.41346153846153844 0.45185185185185184 0.41025641025641024 0.45185185185185184 0.40384615384615385 0.4444444444444444 0.40384615384615385 0.44074074074074077 0.40705128205128205 0.43703703703703706 0.41025641025641024 0.43703703703703706
2 0.3942307692307692 0.45185185185185184 0.3942307692307692 0.4703703703703704 0.3814102564102564 0.4703703703703704 0.3814102564102564 0.45555555555555555 0.391025641025641 0.45185185185185184
2 0.41025641025641024 0.5 0.4166666666666667 0.5 0.4198717948717949 0.5037037037037037 0.4166666666666667 0.5148148148148148 0.41025641025641024 0.5074074074074074 0.41025641025641024 0.5037037037037037
2 0.5096153846153846 0.4111111111111111 0.5192307692307693 0.4111111111111111 0.5192307692307693 0.4185185185185185 0.5128205128205128 0.42592592592592593 0.5128205128205128 0.42962962962962964 0.5096153846153846 0.42962962962962964 0.5064102564102564 0.43333333333333335 0.5 0.43333333333333335 0.4967948717948718 0.42962962962962964 0.4967948717948718 0.42592592592592593 0.5096153846153846 0.4148148148148148
1 0.5384615384615384 0.5148148148148148 0.5544871794871795 0.5148148148148148 0.5576923076923077 0.5185185185185185 0.5673076923076923 0.5222222222222223 0.5737179487179487 0.5296296296296297 0.5737179487179487 0.5333333333333333 0.5801282051282052 0.5444444444444444 0.5705128205128205 0.5518518518518518 0.5416666666666666 0.5518518518518518 0.5384615384615384 0.5481481481481482 0.5352564102564102 0.5481481481481482 0.5352564102564102 0.5259259259259259 0.5384615384615384 0.5222222222222223 0.5384615384615384 0.5185185185185185
1 0.9551282051282052 0.25925925925925924 0.9647435897435898 0.27037037037037037 0.9647435897435898 0.2740740740740741 0.967948717948718 0.2777777777777778 0.967948717948718 0.28888888888888886 0.9615384615384616 0.2962962962962963 0.9551282051282052 0.2962962962962963 0.9519230769230769 0.3 0.9358974358974359 0.3 0.9326923076923077 0.2962962962962963 0.9262820512820513 0.2962962962962963 0.9230769230769231 0.29259259259259257 0.9230769230769231 0.2814814814814815 0.9262820512820513 0.2777777777777778 0.9262820512820513 0.2740740740740741 0.9358974358974359 0.26296296296296295 0.9391025641025641 0.26296296296296295 0.9423076923076923 0.25925925925925924 0.9519230769230769 0.25925925925925924
1 0.748452012383901 0.3175094599243206 0.03560371517027864 0.04471964224286206
1 0.44551282051282054 0.6074074074074074 0.4519230769230769 0.6185185185185185 0.4519230769230769 0.6259259259259259 0.44551282051282054 0.6333333333333333 0.44871794871794873 0.6370370370370371 0.44871794871794873 0.6444444444444445 0.4423076923076923 0.6518518518518519 0.41346153846153844 0.6518518518518519 0.41025641025641024 0.6481481481481481 0.40384615384615385 0.6481481481481481 0.3974358974358974 0.6370370370370371 0.3974358974358974 0.6222222222222222 0.40064102564102566 0.6185185185185185 0.40064102564102566 0.6148148148148148 0.40384615384615385 0.6111111111111112 0.40384615384615385 0.6037037037037037 0.40705128205128205 0.6 0.4166666666666667 0.6 0.4166666666666667 0.6074074074074074 0.4198717948717949 0.6111111111111112 0.4358974358974359 0.6111111111111112 0.4391025641025641 0.6074074074074074 0.4423076923076923 0.6074074074074074
2 0.31114551083591335 0.8711386308909529 0.015479876160990714 0.025042999656002752
2 0.3333333333333333 0.8518518518518519 0.34294871794871795 0.8518518518518519 0.34294871794871795 0.8592592592592593 0.33974358974358976 0.8629629629629629 0.3333333333333333 0.8629629629629629 0.3301282051282051 0.8592592592592593 0.3333333333333333 0.8555555555555555
2 0.3041795665634675 0.8443068455452357 0.02321981424148607 0.025042999656002752
2 0.14743589743589744 0.7851851851851852 0.15705128205128205 0.7851851851851852 0.16346153846153846 0.7925925925925926 0.16346153846153846 0.8 0.16025641025641027 0.8037037037037037 0.15384615384615385 0.8037037037037037 0.15064102564102563 0.8 0.14743589743589744 0.8 0.14743589743589744 0.7888888888888889
2 0.13141025641025642 0.7555555555555555 0.13782051282051283 0.7555555555555555 0.14102564102564102 0.7592592592592593 0.14102564102564102 0.7666666666666667 0.13782051282051283 0.7703703703703704 0.13141025641025642 0.7703703703703704 0.13141025641025642 0.7666666666666667 0.1282051282051282 0.762962962962963 0.13141025641025642 0.7592592592592593
2 0.12179487179487179 0.7703703703703704 0.1282051282051282 0.7814814814814814 0.125 0.7925925925925926 0.11538461538461539 0.7925925925925926 0.11538461538461539 0.7888888888888889 0.11217948717948718 0.7851851851851852 0.11217948717948718 0.774074074074074 0.11538461538461539 0.7703703703703704 0.11858974358974358 0.7703703703703704
2 0.1955128205128205 0.9444444444444444 0.20192307692307693 0.9444444444444444 0.20512820512820512 0.9407407407407408 0.20833333333333334 0.9407407407407408 0.21153846153846154 0.9444444444444444 0.21153846153846154 0.9555555555555556 0.20192307692307693 0.9629629629629629 0.1987179487179487 0.9629629629629629 0.1955128205128205 0.9592592592592593 0.1955128205128205 0.9481481481481482
2 0.2948717948717949 0.937037037037037 0.2948717948717949 0.9333333333333333 0.2916666666666667 0.9296296296296296 0.2916666666666667 0.9222222222222223 0.2948717948717949 0.9185185185185185 0.30448717948717946 0.9185185185185185 0.3076923076923077 0.9222222222222223 0.3076923076923077 0.9333333333333333 0.30128205128205127 0.9407407407407408 0.2980769230769231 0.937037037037037
2 0.09935897435897435 0.9407407407407408 0.09935897435897435 0.9296296296296296 0.10256410256410256 0.9259259259259259 0.11858974358974358 0.9259259259259259 0.12179487179487179 0.9296296296296296 0.12179487179487179 0.937037037037037 0.11858974358974358 0.9407407407407408 0.10256410256410256 0.9407407407407408
2 0.15705128205128205 0.9777777777777777 0.16025641025641027 0.9814814814814815 0.16025641025641027 0.9888888888888889 0.15705128205128205 0.9925925925925926 0.15705128205128205 0.9962962962962963 0.15064102564102563 0.9962962962962963 0.14743589743589744 0.9925925925925926 0.14743589743589744 0.9814814814814815 0.15064102564102563 0.9777777777777777 0.15384615384615385 0.9777777777777777
2 0.2546439628482972 0.8469900240798074 0.010835913312693499 0.012521499828001376
2 0.27564102564102566 0.8740740740740741 0.27564102564102566 0.8666666666666667 0.27884615384615385 0.8629629629629629 0.28525641025641024 0.8629629629629629 0.28525641025641024 0.8703703703703703 0.28205128205128205 0.8740740740740741 0.27884615384615385 0.8740740740740741
1 0.6331269349845201 0.7092535259717923 0.04024767801857586 0.03756449948400413
2 0.532051282051282 0.16666666666666666 0.532051282051282 0.16296296296296298 0.5384615384615384 0.15555555555555556 0.5480769230769231 0.15555555555555556 0.5512820512820513 0.15925925925925927 0.5448717948717948 0.17037037037037037 0.5384615384615384 0.17037037037037037 0.5352564102564102 0.16666666666666666
2 0.532051282051282 0.17777777777777778 0.5352564102564102 0.17777777777777778 0.5384615384615384 0.17407407407407408 0.5416666666666666 0.17407407407407408 0.5448717948717948 0.17777777777777778 0.5448717948717948 0.18888888888888888 0.532051282051282 0.18888888888888888 0.532051282051282 0.1814814814814815
2 0.5192307692307693 0.18518518518518517 0.5224358974358975 0.18888888888888888 0.5224358974358975 0.1962962962962963 0.5128205128205128 0.1962962962962963 0.5096153846153846 0.1925925925925926 0.5096153846153846 0.18888888888888888 0.5128205128205128 0.18518518518518517 0.5160256410256411 0.18518518518518517
2 0.5705128205128205 0.21481481481481482 0.5769230769230769 0.2222222222222222 0.5769230769230769 0.23333333333333334 0.5673076923076923 0.23333333333333334 0.5641025641025641 0.22962962962962963 0.5641025641025641 0.21851851851851853 0.5673076923076923 0.21851851851851853
2 0.544891640866873 0.09927760577915377 0.01238390092879257 0.016099071207430343
1 0.47115384615384615 0.07777777777777778 0.47435897435897434 0.08148148148148149 0.47435897435897434 0.1 0.46474358974358976 0.10740740740740741 0.4519230769230769 0.10740740740740741 0.44551282051282054 0.1 0.44551282051282054 0.0962962962962963 0.4423076923076923 0.09259259259259259 0.4423076923076923 0.08518518518518518 0.44871794871794873 0.07407407407407407 0.4583333333333333 0.07407407407407407 0.46153846153846156 0.07777777777777778 0.46794871794871795 0.07777777777777778
1 0.7980769230769231 0.15185185185185185 0.7980769230769231 0.14814814814814814 0.7948717948717948 0.14444444444444443 0.7948717948717948 0.13703703703703704 0.7980769230769231 0.13333333333333333 0.7980769230769231 0.12962962962962962 0.8108974358974359 0.11851851851851852 0.8205128205128205 0.11851851851851852 0.8237179487179487 0.12222222222222222 0.8301282051282052 0.12222222222222222 0.8397435897435898 0.13703703703703704 0.8397435897435898 0.15185185185185185 0.8365384615384616 0.15555555555555556 0.8301282051282052 0.15555555555555556 0.8205128205128205 0.16296296296296298 0.8108974358974359 0.16296296296296298 0.8076923076923077 0.15925925925925927 0.8044871794871795 0.15925925925925927 0.8044871794871795 0.15555555555555556 0.8012820512820513 0.15185185185185185
2 0.7756410256410257 0.05185185185185185 0.7788461538461539 0.05555555555555555 0.7788461538461539 0.06666666666666667 0.7756410256410257 0.07037037037037037 0.7724358974358975 0.06666666666666667 0.7692307692307693 0.06666666666666667 0.7692307692307693 0.06296296296296296 0.7660256410256411 0.05925925925925926 0.7660256410256411 0.05555555555555555 0.7692307692307693 0.05185185185185185 0.7724358974358975 0.05185185185185185
2 0.7884615384615384 0.09259259259259259 0.8076923076923077 0.09259259259259259 0.8076923076923077 0.0962962962962963 0.8108974358974359 0.1 0.8108974358974359 0.1111111111111111 0.8044871794871795 0.1111111111111111 0.8012820512820513 0.11481481481481481 0.7916666666666666 0.11481481481481481 0.7884615384615384 0.1111111111111111 0.7852564102564102 0.1111111111111111 0.7852564102564102 0.1 0.7884615384615384 0.0962962962962963
2 0.8668730650154799 0.22002063983488132 0.018575851393188854 0.02146542827657379
2 0.9647435897435898 0.42962962962962964 0.967948717948718 0.43333333333333335 0.967948717948718 0.44074074074074077 0.9583333333333334 0.44074074074074077 0.9551282051282052 0.43703703703703706 0.9551282051282052 0.43333333333333335 0.9583333333333334 0.42962962962962964 0.9615384615384616 0.42962962962962964
2 0.9775641025641025 0.3925925925925926 0.9775641025641025 0.40370370370370373 0.9711538461538461 0.40370370370370373 0.967948717948718 0.4 0.967948717948718 0.3962962962962963 0.9711538461538461 0.3925925925925926 0.9743589743589743 0.3925925925925926
2 0.9287925696594428 0.37564499484004127 0.01238390092879257 0.014310285517715859
2 0.868421052631579 0.34970760233918136 0.015479876160990714 0.016099071207430343
2 0.9551282051282052 0.22962962962962963 0.967948717948718 0.22962962962962963 0.967948717948718 0.24074074074074073 0.9647435897435898 0.24444444444444444 0.9583333333333334 0.24444444444444444 0.9551282051282052 0.24074074074074073 0.9551282051282052 0.23333333333333334
2 0.782051282051282 0.2037037037037037 0.782051282051282 0.2 0.7852564102564102 0.1962962962962963 0.7948717948717948 0.1962962962962963 0.7948717948717948 0.2037037037037037 0.7916666666666666 0.2074074074074074 0.7884615384615384 0.2074074074074074 0.7852564102564102 0.2037037037037037
2 0.8044871794871795 0.2037037037037037 0.8076923076923077 0.2074074074074074 0.8076923076923077 0.21481481481481482 0.8012820512820513 0.21481481481481482 0.7980769230769231 0.21851851851851853 0.7916666666666666 0.21851851851851853 0.7884615384615384 0.21481481481481482 0.7980769230769231 0.2037037037037037 0.8012820512820513 0.2037037037037037
2 0.8141025641025641 0.5518518518518518 0.8269230769230769 0.5518518518518518 0.8269230769230769 0.5592592592592592 0.8141025641025641 0.5592592592592592 0.8141025641025641 0.5555555555555556
2 0.9551282051282052 0.45185185185185184 0.9583333333333334 0.45185185185185184 0.9615384615384616 0.45555555555555555 0.9615384615384616 0.46296296296296297 0.9583333333333334 0.4666666666666667 0.9583333333333334 0.4703703703703704 0.9551282051282052 0.4703703703703704 0.9519230769230769 0.4666666666666667 0.9519230769230769 0.45925925925925926 0.9551282051282052 0.45555555555555555
2 0.8269230769230769 0.2851851851851852 0.8269230769230769 0.28888888888888886 0.8301282051282052 0.29259259259259257 0.8301282051282052 0.2962962962962963 0.8269230769230769 0.3 0.8205128205128205 0.3 0.8173076923076923 0.2962962962962963 0.8173076923076923 0.28888888888888886 0.8205128205128205 0.2851851851851852 0.8237179487179487 0.2851851851851852
2 0.8974358974358975 0.25925925925925924 0.9102564102564102 0.25925925925925924 0.9134615384615384 0.26296296296296295 0.9134615384615384 0.27037037037037037 0.907051282051282 0.2777777777777778 0.9038461538461539 0.2777777777777778 0.8974358974358975 0.27037037037037037 0.8974358974358975 0.26296296296296295
1 0.875 0.6370370370370371 0.8782051282051282 0.6481481481481481 0.875 0.6518518518518519 0.8717948717948718 0.662962962962963 0.8685897435897436 0.6666666666666666 0.8621794871794872 0.6666666666666666 0.8525641025641025 0.674074074074074 0.8493589743589743 0.6703703703703704 0.8397435897435898 0.6666666666666666 0.8365384615384616 0.662962962962963 0.8365384615384616 0.6555555555555556 0.8493589743589743 0.6370370370370371 0.8717948717948718 0.6370370370370371
1 0.9294871794871795 0.6962962962962963 0.9294871794871795 0.6814814814814815 0.9326923076923077 0.6777777777777778 0.9326923076923077 0.674074074074074 0.9423076923076923 0.6666666666666666 0.9519230769230769 0.6666666666666666 0.9519230769230769 0.6703703703703704 0.9551282051282052 0.674074074074074 0.9551282051282052 0.6962962962962963 0.9519230769230769 0.7 0.9358974358974359 0.7 0.9326923076923077 0.6962962962962963
2 0.5769230769230769 0.7851851851851852 0.5833333333333334 0.7851851851851852 0.5865384615384616 0.7888888888888889 0.5865384615384616 0.7962962962962963 0.5801282051282052 0.7962962962962963 0.5769230769230769 0.7925925925925926 0.5769230769230769 0.7888888888888889
2 0.163312693498452 0.37922256621947026 0.026315789473684213 0.025042999656002752
2 0.19230769230769232 0.3814814814814815 0.19230769230769232 0.3851851851851852 0.1955128205128205 0.3888888888888889 0.1955128205128205 0.3962962962962963 0.17307692307692307 0.3962962962962963 0.17307692307692307 0.3888888888888889 0.18269230769230768 0.37777777777777777 0.1858974358974359 0.37777777777777777 0.1891025641025641 0.3814814814814815
2 0.3846749226006192 0.5348469212246302 0.02012383900928793 0.02146542827657379
1 0.6217948717948718 0.05925925925925926 0.6314102564102564 0.06666666666666667 0.6314102564102564 0.07037037037037037 0.6346153846153846 0.07407407407407407 0.6346153846153846 0.08518518518518518 0.6282051282051282 0.09259259259259259 0.6217948717948718 0.09259259259259259 0.6185897435897436 0.0962962962962963 0.6121794871794872 0.0962962962962963 0.6025641025641025 0.08518518518518518 0.6025641025641025 0.08148148148148149 0.5961538461538461 0.07037037037037037 0.5961538461538461 0.06666666666666667 0.5993589743589743 0.06296296296296296 0.6121794871794872 0.06296296296296296 0.6153846153846154 0.05925925925925926 0.6185897435897436 0.05925925925925926
1 0.0673076923076923 0.6296296296296297 0.07051282051282051 0.6333333333333333 0.07051282051282051 0.6444444444444445 0.0641025641025641 0.6518518518518519 0.04807692307692308 0.6518518518518519 0.04487179487179487 0.6481481481481481 0.04487179487179487 0.6259259259259259 0.04807692307692308 0.6222222222222222 0.057692307692307696 0.6222222222222222 0.0641025641025641 0.6296296296296297
1 0.38312693498452016 0.9230134158926729 0.041795665634674926 0.032198142414860687
1 0.10576923076923077 0.8111111111111111 0.125 0.8111111111111111 0.1282051282051282 0.8148148148148148 0.1282051282051282 0.8296296296296296 0.125 0.8296296296296296 0.12179487179487179 0.8333333333333334 0.10897435897435898 0.8333333333333334 0.10576923076923077 0.8296296296296296 0.10576923076923077 0.8148148148148148
1 0.2692307692307692 0.9666666666666667 0.2724358974358974 0.9703703703703703 0.2724358974358974 0.9814814814814815 0.27564102564102566 0.9851851851851852 0.27564102564102566 0.9888888888888889 0.2724358974358974 0.9925925925925926 0.25961538461538464 0.9925925925925926 0.2564102564102564 0.9888888888888889 0.2564102564102564 0.9777777777777777 0.25961538461538464 0.9740740740740741 0.25961538461538464 0.9703703703703703 0.26282051282051283 0.9666666666666667 0.266025641025641 0.9666666666666667
2 0.5641025641025641 0.937037037037037 0.5673076923076923 0.9407407407407408 0.5673076923076923 0.9481481481481482 0.5576923076923077 0.9481481481481482 0.5544871794871795 0.9444444444444444 0.5576923076923077 0.9407407407407408 0.5608974358974359 0.9407407407407408
2 0.9134615384615384 0.7666666666666667 0.9230769230769231 0.7666666666666667 0.9230769230769231 0.7777777777777778 0.9166666666666666 0.7777777777777778 0.9134615384615384 0.774074074074074 0.9134615384615384 0.7703703703703704
2 0.7532051282051282 0.45555555555555555 0.7532051282051282 0.4666666666666667 0.75 0.4703703703703704 0.7403846153846154 0.4703703703703704 0.7371794871794872 0.4666666666666667 0.7371794871794872 0.45925925925925926 0.7403846153846154 0.45555555555555555 0.75 0.45555555555555555
2 0.33974358974358976 0.15185185185185185 0.34294871794871795 0.15185185185185185 0.34615384615384615 0.14814814814814814 0.3557692307692308 0.15185185185185185 0.3557692307692308 0.15925925925925927 0.3525641025641026 0.16296296296296298 0.33974358974358976 0.16296296296296298 0.33974358974358976 0.15555555555555556
2 0.3606811145510836 0.23343653250773994 0.009287925696594427 0.012521499828001376
2 0.3942307692307692 0.3111111111111111 0.40064102564102566 0.3111111111111111 0.40064102564102566 0.32222222222222224 0.3942307692307692 0.32222222222222224 0.3942307692307692 0.3148148148148148
2 0.3333333333333333 0.26666666666666666 0.33974358974358976 0.26666666666666666 0.33974358974358976 0.2777777777777778 0.3333333333333333 0.2777777777777778 0.3333333333333333 0.27037037037037037
1 0.4583333333333333 0.32222222222222224 0.46474358974358976 0.3296296296296296 0.46474358974358976 0.337037037037037 0.46153846153846156 0.34074074074074073 0.4551282051282051 0.34074074074074073 0.4519230769230769 0.34444444444444444 0.4423076923076923 0.34444444444444444 0.4391025641025641 0.34074074074074073 0.4326923076923077 0.34074074074074073 0.42948717948717946 0.337037037037037 0.42948717948717946 0.3148148148148148 0.4358974358974359 0.3074074074074074 0.44551282051282054 0.3074074074074074 0.4551282051282051 0.32222222222222224
2 0.8653846153846154 0.562962962962963 0.8717948717948718 0.5740740740740741 0.8717948717948718 0.5777777777777777 0.8685897435897436 0.5814814814814815 0.8589743589743589 0.5814814814814815 0.8557692307692307 0.5777777777777777 0.8557692307692307 0.5666666666666667 0.8589743589743589 0.562962962962963 0.8621794871794872 0.562962962962963
2 0.8653846153846154 0.5407407407407407 0.8653846153846154 0.5592592592592592 0.8589743589743589 0.5666666666666667 0.8493589743589743 0.5666666666666667 0.8461538461538461 0.5555555555555556 0.8493589743589743 0.5518518518518518 0.8493589743589743 0.5444444444444444 0.8525641025641025 0.5407407407407407 0.8621794871794872 0.5407407407407407
1 0.4674922600619196 0.5035431716546268 0.027863777089783284 0.04829721362229103