0 0.8108974358974359 0.7268041237113402 0.8205128205128205 0.7422680412371134 0.8205128205128205 0.7835051546391752 0.8173076923076923 0.788659793814433 0.8173076923076923 0.7989690721649485 0.8141025641025641 0.8041237113402062 0.8141025641025641 0.8144329896907216 0.8108974358974359 0.8195876288659794 0.8108974358974359 0.8247422680412371 0.8044871794871795 0.8350515463917526 0.7788461538461539 0.8350515463917526 0.7756410256410257 0.8298969072164949 0.7724358974358975 0.8298969072164949 0.7660256410256411 0.8195876288659794 0.7660256410256411 0.8144329896907216 0.7628205128205128 0.8092783505154639 0.7628205128205128 0.7783505154639175 0.7660256410256411 0.7731958762886598 0.7660256410256411 0.7628865979381443 0.7692307692307693 0.7577319587628866 0.7724358974358975 0.7422680412371134 0.782051282051282 0.7268041237113402 0.7852564102564102 0.7268041237113402 0.7884615384615384 0.7216494845360825 0.8044871794871795 0.7216494845360825 0.8076923076923077 0.7268041237113402
0 0.3549738219895288 0.2281858908619852 0.058638743455497376 0.11282992389485616
0 0.6025641025641025 0.06701030927835051 0.6089743589743589 0.08247422680412371 0.6089743589743589 0.1134020618556701 0.5833333333333334 0.15463917525773196 0.5801282051282052 0.15463917525773196 0.5705128205128205 0.16494845360824742 0.532051282051282 0.16494845360824742 0.5224358974358975 0.15463917525773196 0.5224358974358975 0.13917525773195877 0.5352564102564102 0.11855670103092783 0.5352564102564102 0.1134020618556701 0.5384615384615384 0.10824742268041238 0.5416666666666666 0.09278350515463918 0.5448717948717948 0.08762886597938144 0.5544871794871795 0.08762886597938144 0.5641025641025641 0.07216494845360824 0.5673076923076923 0.07216494845360824 0.5705128205128205 0.06701030927835051 0.5769230769230769 0.06701030927835051 0.5801282051282052 0.061855670103092786 0.5961538461538461 0.061855670103092786 0.5993589743589743 0.06701030927835051
0 0.34921465968586385 0.4892103416635181 0.05549738219895289 0.10946186646515897
1 0.21780104712041884 0.07409726345333838 0.033507853403141365 0.07072920602364118
1 0.40064102564102566 0.8144329896907216 0.40384615384615385 0.8195876288659794 0.40384615384615385 0.8608247422680413 0.3942307692307692 0.8762886597938144 0.38461538461538464 0.8762886597938144 0.3814102564102564 0.8711340206185567 0.3782051282051282 0.8711340206185567 0.3717948717948718 0.8608247422680413 0.3717948717948718 0.8247422680412371 0.3782051282051282 0.8092783505154639 0.3942307692307692 0.8092783505154639 0.3974358974358974 0.8144329896907216
1 0.41346153846153844 0.9329896907216495 0.4230769230769231 0.9484536082474226 0.4230769230769231 0.9536082474226805 0.42628205128205127 0.9587628865979382 0.42628205128205127 0.9896907216494846 0.4230769230769231 0.9948453608247423 0.391025641025641 0.9948453608247423 0.38782051282051283 0.9896907216494846 0.38782051282051283 0.9536082474226805 0.40064102564102566 0.9329896907216495 0.41025641025641024 0.9329896907216495
1 0.6314102564102564 0.7680412371134021 0.6378205128205128 0.7783505154639175 0.6378205128205128 0.7835051546391752 0.6410256410256411 0.788659793814433 0.6410256410256411 0.8144329896907216 0.6346153846153846 0.8298969072164949 0.6121794871794872 0.8298969072164949 0.6057692307692307 0.8195876288659794 0.6057692307692307 0.8144329896907216 0.6025641025641025 0.8092783505154639 0.6025641025641025 0.788659793814433 0.6057692307692307 0.7835051546391752 0.6057692307692307 0.7783505154639175 0.6153846153846154 0.7628865979381443 0.625 0.7628865979381443 0.6282051282051282 0.7680412371134021
1 0.4198717948717949 0.33505154639175255 0.4230769230769231 0.3402061855670103 0.42628205128205127 0.3402061855670103 0.4326923076923077 0.35051546391752575 0.4326923076923077 0.37628865979381443 0.42948717948717946 0.38144329896907214 0.42948717948717946 0.3917525773195876 0.4198717948717949 0.4072164948453608 0.41025641025641024 0.4072164948453608 0.40064102564102566 0.3917525773195876 0.40064102564102566 0.3711340206185567 0.40384615384615385 0.36597938144329895 0.40384615384615385 0.35051546391752575 0.40705128205128205 0.34536082474226804 0.40705128205128205 0.3402061855670103 0.4166666666666667 0.33505154639175255
1 0.40064102564102566 0.42783505154639173 0.40705128205128205 0.4381443298969072 0.40705128205128205 0.4690721649484536 0.40064102564102566 0.4793814432989691 0.38461538461538464 0.4793814432989691 0.375 0.4639175257731959 0.375 0.4484536082474227 0.3782051282051282 0.44329896907216493 0.3814102564102564 0.42783505154639173 0.38461538461538464 0.422680412371134 0.3942307692307692 0.422680412371134 0.3974358974358974 0.42783505154639173
1 0.2980769230769231 0.12371134020618557 0.30448717948717946 0.13917525773195877 0.30448717948717946 0.15979381443298968 0.30128205128205127 0.16494845360824742 0.30128205128205127 0.17010309278350516 0.2948717948717949 0.18041237113402062 0.27884615384615385 0.18041237113402062 0.2724358974358974 0.16494845360824742 0.27884615384615385 0.13402061855670103 0.28525641025641024 0.12371134020618557 0.2948717948717949 0.12371134020618557
1 0.3141025641025641 0.9020618556701031 0.32371794871794873 0.9123711340206185 0.32371794871794873 0.9484536082474226 0.3141025641025641 0.9639175257731959 0.3108974358974359 0.9639175257731959 0.3076923076923077 0.9587628865979382 0.2980769230769231 0.9536082474226805 0.2980769230769231 0.9484536082474226 0.2948717948717949 0.9432989690721649 0.2948717948717949 0.9175257731958762 0.2980769230769231 0.9123711340206185 0.2980769230769231 0.9072164948453608 0.30128205128205127 0.9020618556701031 0.3108974358974359 0.9020618556701031
1 0.9006410256410257 0.6855670103092784 0.9038461538461539 0.6907216494845361 0.907051282051282 0.6907216494845361 0.907051282051282 0.6958762886597938 0.9134615384615384 0.7061855670103093 0.9134615384615384 0.7371134020618557 0.907051282051282 0.7474226804123711 0.8910256410256411 0.7474226804123711 0.8878205128205128 0.7422680412371134 0.8782051282051282 0.7371134020618557 0.8782051282051282 0.7319587628865979 0.875 0.7268041237113402 0.875 0.6958762886597938 0.8814102564102564 0.6855670103092784 0.8974358974358975 0.6855670103092784
1 0.7460732984293194 0.45216170993684895 0.040837696335078534 0.06904517730879257
1 0.9471204188481676 0.31154531224699084 0.04712041884816754 0.07409726345333838
1 0.8108974358974359 0 0.8141025641025641 0.005154639175257732 0.8141025641025641 0.020618556701030927 0.8108974358974359 0.02577319587628866 0.8108974358974359 0.030927835051546393 0.8012820512820513 0.041237113402061855 0.7788461538461539 0.041237113402061855 0.7692307692307693 0.02577319587628866 0.7692307692307693 0.005154639175257732 0.7724358974358975 0 0.8076923076923077 0
1 0.46794871794871795 0.3865979381443299 0.4775641025641026 0.4020618556701031 0.4775641025641026 0.42783505154639173 0.46474358974358976 0.4536082474226804 0.44871794871794873 0.4536082474226804 0.44551282051282054 0.4484536082474227 0.4423076923076923 0.4484536082474227 0.4423076923076923 0.44329896907216493 0.4391025641025641 0.4381443298969072 0.4391025641025641 0.422680412371134 0.4423076923076923 0.4175257731958763 0.4423076923076923 0.4072164948453608 0.44871794871794873 0.39690721649484534 0.44871794871794873 0.3917525773195876 0.4519230769230769 0.3917525773195876 0.4551282051282051 0.3865979381443299 0.46474358974358976 0.3865979381443299
1 0.1955128205128205 0 0.1955128205128205 0.030927835051546393 0.1891025641025641 0.041237113402061855 0.1891025641025641 0.04639175257731959 0.1858974358974359 0.05154639175257732 0.18269230769230768 0.05154639175257732 0.17307692307692307 0.061855670103092786 0.16346153846153846 0.061855670103092786 0.15705128205128205 0.05154639175257732 0.15384615384615385 0.03608247422680412 0.15064102564102563 0.030927835051546393 0.15064102564102563 0.015463917525773196 0.15705128205128205 0 0.19230769230769232 0
1 0.13782051282051283 0.9278350515463918 0.13782051282051283 0.9742268041237113 0.13141025641025642 0.9845360824742269 0.11858974358974358 0.9845360824742269 0.11538461538461539 0.979381443298969 0.11217948717948718 0.979381443298969 0.11217948717948718 0.9742268041237113 0.10897435897435898 0.9690721649484536 0.10897435897435898 0.9381443298969072 0.11538461538461539 0.9278350515463918 0.11858974358974358 0.9278350515463918 0.12179487179487179 0.9226804123711341 0.13141025641025642 0.9226804123711341 0.1346153846153846 0.9278350515463918
1 0.7544502617801048 0.8984293193717278 0.04502617801047121 0.06904517730879257
1 0.8301282051282052 0.711340206185567 0.8333333333333334 0.711340206185567 0.8397435897435898 0.7010309278350515 0.8557692307692307 0.7010309278350515 0.8621794871794872 0.711340206185567 0.8621794871794872 0.7164948453608248 0.8653846153846154 0.7216494845360825 0.8653846153846154 0.7474226804123711 0.8621794871794872 0.7525773195876289 0.8621794871794872 0.7577319587628866 0.8557692307692307 0.7680412371134021 0.8461538461538461 0.7680412371134021 0.842948717948718 0.7628865979381443 0.8365384615384616 0.7628865979381443 0.8333333333333334 0.7577319587628866 0.8333333333333334 0.7525773195876289 0.8301282051282052 0.7474226804123711 0.8269230769230769 0.7474226804123711 0.8269230769230769 0.7216494845360825 0.8301282051282052 0.7164948453608248
1 0.8910256410256411 0.5309278350515464 0.8910256410256411 0.5360824742268041 0.8942307692307693 0.5412371134020618 0.8942307692307693 0.5721649484536082 0.8910256410256411 0.5773195876288659 0.8910256410256411 0.5824742268041238 0.8846153846153846 0.5927835051546392 0.8685897435897436 0.5927835051546392 0.8621794871794872 0.5824742268041238 0.8589743589743589 0.5824742268041238 0.8525641025641025 0.5670103092783505 0.8525641025641025 0.5515463917525774 0.8557692307692307 0.5463917525773195 0.8557692307692307 0.5412371134020618 0.8589743589743589 0.5360824742268041 0.8621794871794872 0.5360824742268041 0.8685897435897436 0.5257731958762887 0.8846153846153846 0.5257731958762887 0.8878205128205128 0.5309278350515464
1 0.5384615384615384 0.7577319587628866 0.5416666666666666 0.7628865979381443 0.5512820512820513 0.7680412371134021 0.5512820512820513 0.8041237113402062 0.5480769230769231 0.8092783505154639 0.5480769230769231 0.8144329896907216 0.5416666666666666 0.8247422680412371 0.5384615384615384 0.8247422680412371 0.5352564102564102 0.8298969072164949 0.5224358974358975 0.8298969072164949 0.5192307692307693 0.8247422680412371 0.5160256410256411 0.8247422680412371 0.5160256410256411 0.8195876288659794 0.5128205128205128 0.8144329896907216 0.5128205128205128 0.7835051546391752 0.5160256410256411 0.7783505154639175 0.5160256410256411 0.7731958762886598 0.5256410256410257 0.7577319587628866 0.5352564102564102 0.7577319587628866
1 0.9455128205128205 0.39690721649484534 0.9583333333333334 0.4175257731958763 0.9583333333333334 0.4329896907216495 0.9551282051282052 0.4381443298969072 0.9551282051282052 0.44329896907216493 0.9455128205128205 0.4587628865979381 0.9294871794871795 0.4587628865979381 0.9230769230769231 0.4484536082474227 0.9198717948717948 0.4484536082474227 0.9134615384615384 0.4329896907216495 0.9134615384615384 0.422680412371134 0.9166666666666666 0.4175257731958763 0.9166666666666666 0.41237113402061853 0.9262820512820513 0.39690721649484534 0.9423076923076923 0.39690721649484534
1 0.9166666666666666 0.4639175257731959 0.9230769230769231 0.4742268041237113 0.9230769230769231 0.5 0.9198717948717948 0.5051546391752577 0.9198717948717948 0.5103092783505154 0.9102564102564102 0.520618556701031 0.9006410256410257 0.520618556701031 0.8942307692307693 0.5103092783505154 0.8942307692307693 0.4793814432989691 0.8974358974358975 0.4742268041237113 0.8974358974358975 0.4690721649484536 0.9006410256410257 0.4690721649484536 0.9038461538461539 0.4639175257731959 0.9134615384615384 0.4639175257731959
1 0.7403846153846154 0.5309278350515464 0.75 0.5412371134020618 0.75 0.5773195876288659 0.7467948717948718 0.5824742268041238 0.7243589743589743 0.5824742268041238 0.717948717948718 0.5670103092783505 0.717948717948718 0.5515463917525774 0.7211538461538461 0.5463917525773195 0.7211538461538461 0.5412371134020618 0.7275641025641025 0.5309278350515464 0.7371794871794872 0.5309278350515464
1 0.7528795811518325 0.6146704809197387 0.039790575916230364 0.06062503373454958
2 0.25654450261780104 0.6609812705780752 0.02094240837696335 0.03536460301182059
2 0.30448717948717946 0.5824742268041238 0.3076923076923077 0.5876288659793815 0.3108974358974359 0.5876288659793815 0.3108974358974359 0.6030927835051546 0.30448717948717946 0.6134020618556701 0.2980769230769231 0.6134020618556701 0.2916666666666667 0.6030927835051546 0.2916666666666667 0.5927835051546392 0.2980769230769231 0.5824742268041238 0.30128205128205127 0.5824742268041238
2 0.2869109947643979 0.6273006962811033 0.02094240837696335 0.031996545582123385
2 0.2724358974358974 0.5876288659793815 0.27564102564102566 0.5927835051546392 0.27564102564102566 0.6134020618556701 0.2692307692307692 0.6237113402061856 0.25961538461538464 0.6185567010309279 0.25961538461538464 0.5979381443298969 0.266025641025641 0.5876288659793815 0.2692307692307692 0.5876288659793815
2 0.33821989528795815 0.8066497544124791 0.02094240837696335 0.033680574296971987
2 0.22435897435897437 0.5103092783505154 0.23076923076923078 0.520618556701031 0.23076923076923078 0.5360824742268041 0.22756410256410256 0.5412371134020618 0.21474358974358973 0.5412371134020618 0.21474358974358973 0.5360824742268041 0.21153846153846154 0.5309278350515464 0.21153846153846154 0.520618556701031 0.21794871794871795 0.5103092783505154 0.22115384615384615 0.5103092783505154
1 0.2532051282051282 0.5567010309278351 0.25961538461538464 0.5670103092783505 0.25961538461538464 0.5773195876288659 0.2564102564102564 0.5824742268041238 0.2564102564102564 0.5876288659793815 0.25 0.5979381443298969 0.23397435897435898 0.5979381443298969 0.22756410256410256 0.5876288659793815 0.22756410256410256 0.5773195876288659 0.23076923076923078 0.5721649484536082 0.23076923076923078 0.5670103092783505 0.23717948717948717 0.5567010309278351 0.2403846153846154 0.5567010309278351 0.24358974358974358 0.5515463917525774 0.2467948717948718 0.5515463917525774 0.25 0.5567010309278351
1 0.10256410256410256 0.5 0.11217948717948718 0.5154639175257731 0.11217948717948718 0.520618556701031 0.11538461538461539 0.5257731958762887 0.11538461538461539 0.5412371134020618 0.11217948717948718 0.5463917525773195 0.11217948717948718 0.5515463917525774 0.10576923076923077 0.5618556701030928 0.09935897435897435 0.5618556701030928 0.09615384615384616 0.5670103092783505 0.08653846153846154 0.5618556701030928 0.08012820512820513 0.5515463917525774 0.08012820512820513 0.520618556701031 0.08974358974358974 0.5051546391752577 0.09935897435897435 0.5
1 0.6198952879581152 0.5826739353376154 0.05235602094240838 0.07409726345333838
2 0.5961538461538461 0.6752577319587629 0.5961538461538461 0.654639175257732 0.5993589743589743 0.6494845360824743 0.6089743589743589 0.6494845360824743 0.6153846153846154 0.6649484536082474 0.6121794871794872 0.6701030927835051 0.6121794871794872 0.6752577319587629 0.6089743589743589 0.6752577319587629 0.6057692307692307 0.6804123711340206 0.6025641025641025 0.6804123711340206 0.5993589743589743 0.6752577319587629
1 0.5136125654450262 0.5818319209801911 0.0387434554973822 0.06230906244939818
1 0.4583333333333333 0.28350515463917525 0.46153846153846156 0.28865979381443296 0.46794871794871795 0.28865979381443296 0.47435897435897434 0.30412371134020616 0.47435897435897434 0.3247422680412371 0.46794871794871795 0.33505154639175255 0.46474358974358976 0.33505154639175255 0.46153846153846156 0.3402061855670103 0.4423076923076923 0.3402061855670103 0.4391025641025641 0.33505154639175255 0.4358974358974359 0.33505154639175255 0.42948717948717946 0.3247422680412371 0.42948717948717946 0.29896907216494845 0.4326923076923077 0.29381443298969073 0.4326923076923077 0.28865979381443296 0.4358974358974359 0.28865979381443296 0.4391025641025641 0.28350515463917525 0.4551282051282051 0.28350515463917525
2 0.3036649214659686 0.4934204134506396 0.02094240837696335 0.03704863172666919
2 0.7628205128205128 0.4020618556701031 0.7628205128205128 0.38144329896907214 0.7660256410256411 0.37628865979381443 0.7756410256410257 0.37628865979381443 0.7788461538461539 0.38144329896907214 0.7788461538461539 0.4020618556701031 0.7756410256410257 0.4020618556701031 0.7724358974358975 0.4072164948453608 0.7692307692307693 0.4072164948453608 0.7660256410256411 0.4020618556701031
2 0.8408376963350787 0.2290279052194095 0.02094240837696335 0.033680574296971987
1 0.26282051282051283 0.7783505154639175 0.2692307692307692 0.788659793814433 0.2692307692307692 0.8195876288659794 0.26282051282051283 0.8298969072164949 0.24358974358974358 0.8298969072164949 0.23717948717948717 0.8144329896907216 0.23717948717948717 0.7989690721649485 0.24358974358974358 0.788659793814433 0.24358974358974358 0.7835051546391752 0.2467948717948718 0.7835051546391752 0.25 0.7783505154639175 0.25961538461538464 0.7783505154639175
1 0.2980769230769231 0.7268041237113402 0.30448717948717946 0.7371134020618557 0.30448717948717946 0.7422680412371134 0.3076923076923077 0.7474226804123711 0.3076923076923077 0.7525773195876289 0.30448717948717946 0.7577319587628866 0.30448717948717946 0.7680412371134021 0.30128205128205127 0.7680412371134021 0.2980769230769231 0.7731958762886598 0.28205128205128205 0.7731958762886598 0.27884615384615385 0.7680412371134021 0.27884615384615385 0.7577319587628866 0.27564102564102566 0.7525773195876289 0.27884615384615385 0.7371134020618557 0.28525641025641024 0.7268041237113402 0.2948717948717949 0.7268041237113402
1 0.2724358974358974 0.6855670103092784 0.27564102564102566 0.6907216494845361 0.27884615384615385 0.6907216494845361 0.27884615384615385 0.6958762886597938 0.28525641025641024 0.7061855670103093 0.28525641025641024 0.7164948453608248 0.28205128205128205 0.7216494845360825 0.28205128205128205 0.7268041237113402 0.27564102564102566 0.7371134020618557 0.266025641025641 0.7371134020618557 0.2564102564102564 0.7268041237113402 0.2564102564102564 0.7010309278350515 0.25961538461538464 0.6958762886597938 0.25961538461538464 0.6907216494845361 0.2692307692307692 0.6855670103092784
2 0.281151832460733 0.6702434285097426 0.02198952879581152 0.03704863172666919
2 0.15064102564102563 0.845360824742268 0.15384615384615385 0.845360824742268 0.15705128205128205 0.8402061855670103 0.16666666666666666 0.845360824742268 0.16666666666666666 0.8608247422680413 0.16025641025641027 0.8711340206185567 0.15705128205128205 0.8711340206185567 0.15064102564102563 0.8608247422680413 0.15064102564102563 0.8505154639175257
1 0.15705128205128205 0.865979381443299 0.16346153846153846 0.8762886597938144 0.16666666666666666 0.8762886597938144 0.16666666666666666 0.9020618556701031 0.16346153846153846 0.9072164948453608 0.16346153846153846 0.9123711340206185 0.15705128205128205 0.9226804123711341 0.14743589743589744 0.9226804123711341 0.13782051282051283 0.9123711340206185 0.13782051282051283 0.8814432989690721 0.14423076923076922 0.8711340206185567 0.15384615384615385 0.865979381443299
1 0.17539267015706805 0.6879257300156528 0.032460732984293195 0.058941005019700975
1 0.23397435897435898 0.6804123711340206 0.2403846153846154 0.6907216494845361 0.2403846153846154 0.7216494845360825 0.23717948717948717 0.7268041237113402 0.21794871794871795 0.7268041237113402 0.21153846153846154 0.7164948453608248 0.21153846153846154 0.7010309278350515 0.21474358974358973 0.6958762886597938 0.21474358974358973 0.6907216494845361 0.22115384615384615 0.6804123711340206 0.23076923076923078 0.6804123711340206
2 0.05448717948717949 0.9123711340206185 0.05448717948717949 0.8917525773195877 0.057692307692307696 0.8865979381443299 0.0673076923076923 0.8865979381443299 0.07051282051282051 0.8917525773195877 0.07051282051282051 0.9072164948453608 0.0673076923076923 0.9123711340206185 0.057692307692307696 0.9123711340206185
2 0.022435897435897436 0.9072164948453608 0.019230769230769232 0.8917525773195877 0.02564102564102564 0.8814432989690721 0.035256410256410256 0.8814432989690721 0.038461538461538464 0.8865979381443299 0.038461538461538464 0.9020618556701031 0.03205128205128205 0.9123711340206185 0.028846153846153848 0.9123711340206185 0.02564102564102564 0.9072164948453608
1 0.8044871794871795 0.6494845360824743 0.8076923076923077 0.654639175257732 0.8108974358974359 0.654639175257732 0.8173076923076923 0.6701030927835051 0.8173076923076923 0.6958762886597938 0.8076923076923077 0.711340206185567 0.7948717948717948 0.711340206185567 0.7852564102564102 0.6958762886597938 0.7852564102564102 0.6649484536082474 0.7884615384615384 0.6597938144329897 0.7884615384615384 0.654639175257732 0.7916666666666666 0.6494845360824743 0.8012820512820513 0.6494845360824743
1 0.9391025641025641 0.7268041237113402 0.9423076923076923 0.7319587628865979 0.9455128205128205 0.7319587628865979 0.9551282051282052 0.7474226804123711 0.9551282051282052 0.7783505154639175 0.9519230769230769 0.7835051546391752 0.9262820512820513 0.7835051546391752 0.9230769230769231 0.7783505154639175 0.9198717948717948 0.7783505154639175 0.9198717948717948 0.7731958762886598 0.9166666666666666 0.7680412371134021 0.9166666666666666 0.7422680412371134 0.9230769230769231 0.7319587628865979 0.9294871794871795 0.7319587628865979 0.9326923076923077 0.7268041237113402 0.9358974358974359 0.7268041237113402
1 0.4775641025641026 0.18556701030927836 0.483974358974359 0.1958762886597938 0.483974358974359 0.21649484536082475 0.4807692307692308 0.22164948453608246 0.4807692307692308 0.2268041237113402 0.47435897435897434 0.23711340206185566 0.47115384615384615 0.23711340206185566 0.46794871794871795 0.2422680412371134 0.4583333333333333 0.2422680412371134 0.4551282051282051 0.23711340206185566 0.4519230769230769 0.23711340206185566 0.44551282051282054 0.2268041237113402 0.44551282051282054 0.20103092783505155 0.4519230769230769 0.18556701030927836 0.47435897435897434 0.18556701030927836
1 0.34615384615384615 0.36082474226804123 0.34935897435897434 0.36597938144329895 0.3557692307692308 0.36597938144329895 0.36217948717948717 0.38144329896907214 0.36217948717948717 0.4020618556701031 0.358974358974359 0.4072164948453608 0.358974358974359 0.41237113402061853 0.3557692307692308 0.41237113402061853 0.34935897435897434 0.422680412371134 0.33974358974358976 0.422680412371134 0.3301282051282051 0.41237113402061853 0.3301282051282051 0.3865979381443299 0.3333333333333333 0.38144329896907214 0.3333333333333333 0.37628865979381443 0.33974358974358976 0.36597938144329895 0.34294871794871795 0.36597938144329895
1 0.38461538461538464 0.35051546391752575 0.391025641025641 0.36082474226804123 0.391025641025641 0.36597938144329895 0.3942307692307692 0.3711340206185567 0.3942307692307692 0.3917525773195876 0.38782051282051283 0.4072164948453608 0.3717948717948718 0.4072164948453608 0.3685897435897436 0.4020618556701031 0.3685897435897436 0.3917525773195876 0.36538461538461536 0.3865979381443299 0.36538461538461536 0.3711340206185567 0.3685897435897436 0.36597938144329895 0.3685897435897436 0.3556701030927835 0.3717948717948718 0.35051546391752575 0.3814102564102564 0.35051546391752575
1 0.09214659685863874 0.08672747881470287 0.029319371727748688 0.04546877530091218
1 0.11858974358974358 0.005154639175257732 0.125 0.015463917525773196 0.125 0.03608247422680412 0.11538461538461539 0.05154639175257732 0.10256410256410256 0.05154639175257732 0.09615384615384616 0.041237113402061855 0.09615384615384616 0.020618556701030927 0.10576923076923077 0.005154639175257732 0.11538461538461539 0.005154639175257732
2 0.11858974358974358 0.05154639175257732 0.12179487179487179 0.05670103092783505 0.125 0.05670103092783505 0.1282051282051282 0.07216494845360824 0.12179487179487179 0.08247422680412371 0.11217948717948718 0.08247422680412371 0.10897435897435898 0.07731958762886598 0.10897435897435898 0.061855670103092786 0.11217948717948718 0.05670103092783505 0.11538461538461539 0.05670103092783505
2 0.08653846153846154 0.030927835051546393 0.09294871794871795 0.041237113402061855 0.09294871794871795 0.05154639175257732 0.08653846153846154 0.061855670103092786 0.08012820512820513 0.061855670103092786 0.07371794871794872 0.04639175257731959 0.07371794871794872 0.041237113402061855 0.08012820512820513 0.030927835051546393 0.08333333333333333 0.030927835051546393
1 0.1282051282051282 0.10309278350515463 0.13141025641025642 0.11855670103092783 0.1282051282051282 0.12371134020618557 0.1282051282051282 0.12886597938144329 0.12179487179487179 0.13917525773195877 0.11538461538461539 0.13917525773195877 0.10576923076923077 0.12886597938144329 0.10576923076923077 0.10824742268041238 0.11217948717948718 0.0979381443298969 0.12179487179487179 0.0979381443298969 0.125 0.10309278350515463
1 0.11858974358974358 0.28865979381443296 0.12179487179487179 0.29381443298969073 0.12179487179487179 0.29896907216494845 0.1282051282051282 0.30927835051546393 0.1282051282051282 0.32989690721649484 0.11858974358974358 0.34536082474226804 0.10897435897435898 0.34536082474226804 0.10256410256410256 0.33505154639175255 0.10256410256410256 0.32989690721649484 0.09935897435897435 0.3247422680412371 0.09935897435897435 0.30412371134020616 0.10256410256410256 0.29896907216494845 0.10256410256410256 0.29381443298969073 0.10576923076923077 0.28865979381443296 0.11538461538461539 0.28865979381443296
1 0.5288461538461539 0.4948453608247423 0.5352564102564102 0.4948453608247423 0.5384615384615384 0.4896907216494845 0.5480769230769231 0.4896907216494845 0.5576923076923077 0.5051546391752577 0.5576923076923077 0.520618556701031 0.5544871794871795 0.5257731958762887 0.5544871794871795 0.5309278350515464 0.5512820512820513 0.5309278350515464 0.5480769230769231 0.5360824742268041 0.532051282051282 0.5360824742268041 0.5256410256410257 0.5257731958762887 0.5256410256410257 0.5051546391752577 0.5288461538461539 0.5
1 0.5641025641025641 0.5412371134020618 0.5641025641025641 0.5360824742268041 0.5608974358974359 0.5309278350515464 0.5608974358974359 0.520618556701031 0.5641025641025641 0.5154639175257731 0.5641025641025641 0.5051546391752577 0.5673076923076923 0.5 0.5833333333333334 0.5 0.5897435897435898 0.5103092783505154 0.5897435897435898 0.5360824742268041 0.5833333333333334 0.5463917525773195 0.5705128205128205 0.5463917525773195 0.5673076923076923 0.5412371134020618
1 0.875 0.08247422680412371 0.8782051282051282 0.07731958762886598 0.8782051282051282 0.07216494845360824 0.8846153846153846 0.061855670103092786 0.9006410256410257 0.061855670103092786 0.9006410256410257 0.06701030927835051 0.9038461538461539 0.07216494845360824 0.9038461538461539 0.08762886597938144 0.8974358974358975 0.10309278350515463 0.8814102564102564 0.10309278350515463 0.8782051282051282 0.0979381443298969 0.8782051282051282 0.08762886597938144
1 0.8525641025641025 0.05154639175257732 0.8557692307692307 0.05670103092783505 0.8557692307692307 0.07731958762886598 0.8493589743589743 0.08762886597938144 0.8461538461538461 0.08762886597938144 0.842948717948718 0.09278350515463918 0.8301282051282052 0.09278350515463918 0.8269230769230769 0.08762886597938144 0.8237179487179487 0.08762886597938144 0.8205128205128205 0.08247422680412371 0.8205128205128205 0.061855670103092786 0.8301282051282052 0.04639175257731959 0.8461538461538461 0.04639175257731959 0.8493589743589743 0.05154639175257732
1 0.9230769230769231 0.20103092783505155 0.9262820512820513 0.20618556701030927 0.9294871794871795 0.20618556701030927 0.9391025641025641 0.22164948453608246 0.9391025641025641 0.23711340206185566 0.9326923076923077 0.25257731958762886 0.9134615384615384 0.25257731958762886 0.9038461538461539 0.2422680412371134 0.9038461538461539 0.21649484536082475 0.9102564102564102 0.20618556701030927 0.9198717948717948 0.20103092783505155
1 0.8621794871794872 0.42783505154639173 0.8685897435897436 0.4381443298969072 0.8685897435897436 0.44329896907216493 0.8717948717948718 0.4484536082474227 0.8717948717948718 0.4639175257731959 0.8685897435897436 0.4690721649484536 0.8685897435897436 0.4742268041237113 0.8589743589743589 0.4845360824742268 0.8525641025641025 0.4845360824742268 0.8493589743589743 0.4793814432989691 0.8461538461538461 0.4793814432989691 0.8397435897435898 0.4639175257731959 0.8397435897435898 0.4536082474226804 0.842948717948718 0.4484536082474227 0.842948717948718 0.4381443298969072 0.8493589743589743 0.42783505154639173 0.8589743589743589 0.42783505154639173
1 0.9583333333333334 0.5309278350515464 0.9615384615384616 0.5360824742268041 0.9647435897435898 0.5360824742268041 0.9647435897435898 0.5412371134020618 0.967948717948718 0.5463917525773195 0.967948717948718 0.5515463917525774 0.9647435897435898 0.5567010309278351 0.9647435897435898 0.5670103092783505 0.9615384615384616 0.5721649484536082 0.9455128205128205 0.5721649484536082 0.9391025641025641 0.5618556701030928 0.9391025641025641 0.5412371134020618 0.9455128205128205 0.5309278350515464 0.9551282051282052 0.5309278350515464
2 0.9230769230769231 0.634020618556701 0.9262820512820513 0.6494845360824743 0.9230769230769231 0.654639175257732 0.9230769230769231 0.6597938144329897 0.9198717948717948 0.6597938144329897 0.9166666666666666 0.6649484536082474 0.9134615384615384 0.6649484536082474 0.907051282051282 0.654639175257732 0.907051282051282 0.6391752577319587 0.9102564102564102 0.634020618556701 0.9198717948717948 0.634020618556701
1 0.9102564102564102 0.5927835051546392 0.9166666666666666 0.6082474226804123 0.9166666666666666 0.6237113402061856 0.9134615384615384 0.6288659793814433 0.9134615384615384 0.634020618556701 0.9102564102564102 0.634020618556701 0.907051282051282 0.6391752577319587 0.8974358974358975 0.6391752577319587 0.8942307692307693 0.634020618556701 0.8910256410256411 0.634020618556701 0.8910256410256411 0.6288659793814433 0.8878205128205128 0.6237113402061856 0.8878205128205128 0.6134020618556701 0.8910256410256411 0.6082474226804123 0.8910256410256411 0.6030927835051546 0.8974358974358975 0.5927835051546392 0.907051282051282 0.5927835051546392
2 0.8782051282051282 0.8917525773195877 0.8814102564102564 0.9072164948453608 0.875 0.9175257731958762 0.8685897435897436 0.9175257731958762 0.8621794871794872 0.9072164948453608 0.8621794871794872 0.8969072164948454 0.8653846153846154 0.8917525773195877 0.875 0.8917525773195877
2 0.8173076923076923 0.865979381443299 0.8269230769230769 0.8762886597938144 0.8269230769230769 0.8865979381443299 0.8237179487179487 0.8917525773195877 0.8237179487179487 0.8969072164948454 0.8108974358974359 0.8969072164948454 0.8108974358974359 0.8917525773195877 0.8076923076923077 0.8865979381443299 0.8076923076923077 0.8762886597938144 0.8108974358974359 0.8711340206185567 0.8141025641025641 0.8711340206185567
1 0.9326923076923077 0.8247422680412371 0.9423076923076923 0.8350515463917526 0.9423076923076923 0.8608247422680413 0.9391025641025641 0.865979381443299 0.9391025641025641 0.8711340206185567 0.9326923076923077 0.8814432989690721 0.9198717948717948 0.8814432989690721 0.9166666666666666 0.8762886597938144 0.9134615384615384 0.8762886597938144 0.907051282051282 0.8608247422680413 0.907051282051282 0.845360824742268 0.9134615384615384 0.8350515463917526 0.9166666666666666 0.8350515463917526 0.9198717948717948 0.8298969072164949 0.9294871794871795 0.8247422680412371
2 0.7403846153846154 0.37628865979381443 0.7532051282051282 0.37628865979381443 0.7564102564102564 0.38144329896907214 0.7564102564102564 0.39690721649484534 0.7532051282051282 0.4020618556701031 0.7403846153846154 0.4020618556701031 0.7403846153846154 0.39690721649484534 0.7371794871794872 0.3917525773195876 0.7371794871794872 0.3865979381443299 0.7403846153846154 0.38144329896907214
1 0.7852564102564102 0.4845360824742268 0.7852564102564102 0.4896907216494845 0.7884615384615384 0.4948453608247423 0.7884615384615384 0.5051546391752577 0.7852564102564102 0.5103092783505154 0.7852564102564102 0.5154639175257731 0.782051282051282 0.5154639175257731 0.7724358974358975 0.5257731958762887 0.7628205128205128 0.520618556701031 0.7628205128205128 0.5154639175257731 0.7596153846153846 0.5103092783505154 0.7596153846153846 0.4948453608247423 0.7660256410256411 0.4845360824742268 0.782051282051282 0.4845360824742268
2 0.7670157068062827 0.5380471743941275 0.019895287958115182 0.031996545582123385
1 0.8450261780104713 0.18019107248880012 0.033507853403141365 0.057256976304852374
1 0.8942307692307693 0.12371134020618557 0.8942307692307693 0.12886597938144329 0.8974358974358975 0.13402061855670103 0.8974358974358975 0.16494845360824742 0.8942307692307693 0.17010309278350516 0.8942307692307693 0.17525773195876287 0.8846153846153846 0.18556701030927836 0.875 0.18041237113402062 0.8653846153846154 0.16494845360824742 0.8653846153846154 0.13402061855670103 0.8717948717948718 0.12371134020618557 0.875 0.12371134020618557 0.8782051282051282 0.11855670103092783 0.8878205128205128 0.11855670103092783 0.8910256410256411 0.12371134020618557
1 0.34935897435897434 0.5412371134020618 0.3525641025641026 0.5463917525773195 0.3557692307692308 0.5463917525773195 0.36538461538461536 0.5618556701030928 0.36538461538461536 0.5773195876288659 0.358974358974359 0.5876288659793815 0.358974358974359 0.5927835051546392 0.3525641025641026 0.5927835051546392 0.34935897435897434 0.5979381443298969 0.33653846153846156 0.5979381443298969 0.3269230769230769 0.5876288659793815 0.3269230769230769 0.5618556701030928 0.3301282051282051 0.5567010309278351 0.3301282051282051 0.5515463917525774 0.33653846153846156 0.5412371134020618 0.34615384615384615 0.5412371134020618
1 0.46794871794871795 0.7731958762886598 0.4775641025641026 0.7680412371134021 0.4807692307692308 0.7731958762886598 0.483974358974359 0.7731958762886598 0.49038461538461536 0.788659793814433 0.49038461538461536 0.8144329896907216 0.483974358974359 0.8247422680412371 0.47435897435897434 0.8247422680412371 0.46474358974358976 0.8092783505154639 0.46474358974358976 0.7835051546391752 0.46794871794871795 0.7783505154639175
1 0.8365384615384616 0.7628865979381443 0.8461538461538461 0.7783505154639175 0.8461538461538461 0.8092783505154639 0.8397435897435898 0.8195876288659794 0.8269230769230769 0.8195876288659794 0.8173076923076923 0.8092783505154639 0.8173076923076923 0.788659793814433 0.8205128205128205 0.7835051546391752 0.8205128205128205 0.7731958762886598 0.8237179487179487 0.7680412371134021 0.8333333333333334 0.7628865979381443
1 0.05759162303664922 0.6786635720839855 0.031413612565445025 0.057256976304852374
1 0.05654450261780104 0.6331947967830733 0.027225130890052355 0.04378474658606358
1 0.47435897435897434 0.6701030927835051 0.4775641025641026 0.6701030927835051 0.4807692307692308 0.6649484536082474 0.49038461538461536 0.6649484536082474 0.4935897435897436 0.6701030927835051 0.4967948717948718 0.6701030927835051 0.4967948717948718 0.6804123711340206 0.5 0.6855670103092784 0.5 0.7010309278350515 0.4967948717948718 0.7061855670103093 0.4967948717948718 0.7164948453608248 0.4935897435897436 0.7216494845360825 0.4775641025641026 0.7216494845360825 0.47115384615384615 0.711340206185567 0.47115384615384615 0.6855670103092784 0.47435897435897434 0.6804123711340206 0.47435897435897434 0.6752577319587629
1 0.3557692307692308 0.0979381443298969 0.358974358974359 0.10309278350515463 0.36217948717948717 0.10309278350515463 0.36217948717948717 0.10824742268041238 0.36538461538461536 0.1134020618556701 0.36538461538461536 0.13917525773195877 0.3557692307692308 0.15463917525773196 0.3525641025641026 0.15463917525773196 0.34935897435897434 0.15979381443298968 0.33974358974358976 0.15979381443298968 0.33653846153846156 0.15463917525773196 0.33653846153846156 0.14948453608247422 0.3333333333333333 0.14432989690721648 0.3333333333333333 0.12886597938144329 0.33653846153846156 0.12371134020618557 0.33653846153846156 0.11855670103092783 0.34935897435897434 0.0979381443298969 0.3525641025641026 0.0979381443298969
2 0.7532051282051282 0.16494845360824742 0.7532051282051282 0.18041237113402062 0.7435897435897436 0.19072164948453607 0.7371794871794872 0.19072164948453607 0.7339743589743589 0.18556701030927836 0.7339743589743589 0.17525773195876287 0.7403846153846154 0.16494845360824742 0.75 0.16494845360824742
2 0.6698717948717948 0.4072164948453608 0.6730769230769231 0.4072164948453608 0.6762820512820513 0.4020618556701031 0.6858974358974359 0.4020618556701031 0.6858974358974359 0.4175257731958763 0.6826923076923077 0.422680412371134 0.6826923076923077 0.42783505154639173 0.6730769230769231 0.42783505154639173 0.6698717948717948 0.422680412371134 0.6698717948717948 0.41237113402061853
2 0.6010471204188481 0.04546877530091218 0.018848167539267015 0.02694445943757759
2 0.5993589743589743 0.020618556701030927 0.6089743589743589 0.005154639175257732 0.6185897435897436 0.005154639175257732 0.6217948717948718 0.010309278350515464 0.6217948717948718 0.020618556701030927 0.6185897435897436 0.02577319587628866 0.6153846153846154 0.02577319587628866 0.6121794871794872 0.030927835051546393 0.6025641025641025 0.030927835051546393 0.6025641025641025 0.02577319587628866
2 0.6666666666666666 0.9072164948453608 0.6698717948717948 0.9123711340206185 0.6698717948717948 0.9278350515463918 0.6666666666666666 0.9329896907216495 0.657051282051282 0.9329896907216495 0.6538461538461539 0.9278350515463918 0.6538461538461539 0.9123711340206185 0.6634615384615384 0.9072164948453608
2 0.5576923076923077 0.9226804123711341 0.5641025641025641 0.9381443298969072 0.5608974358974359 0.9432989690721649 0.5608974358974359 0.9536082474226805 0.5480769230769231 0.9536082474226805 0.5448717948717948 0.9484536082474226 0.5448717948717948 0.9329896907216495 0.5512820512820513 0.9226804123711341 0.5544871794871795 0.9226804123711341
2 0.6217948717948718 0.8762886597938144 0.6217948717948718 0.865979381443299 0.625 0.8608247422680413 0.6346153846153846 0.8608247422680413 0.6346153846153846 0.8762886597938144 0.6314102564102564 0.8814432989690721 0.6282051282051282 0.8814432989690721 0.625 0.8762886597938144
2 0.6762820512820513 0.8298969072164949 0.6794871794871795 0.8350515463917526 0.6794871794871795 0.8402061855670103 0.6730769230769231 0.8556701030927835 0.6634615384615384 0.8556701030927835 0.6634615384615384 0.8505154639175257 0.6602564102564102 0.845360824742268 0.6602564102564102 0.8350515463917526 0.6634615384615384 0.8298969072164949 0.6730769230769231 0.8298969072164949
1 0.6987179487179487 0.5103092783505154 0.7051282051282052 0.5412371134020618 0.7019230769230769 0.5463917525773195 0.7019230769230769 0.5515463917525774 0.6923076923076923 0.5618556701030928 0.6826923076923077 0.5567010309278351 0.6762820512820513 0.5463917525773195 0.6762820512820513 0.5154639175257731 0.6826923076923077 0.5051546391752577 0.6923076923076923 0.5051546391752577 0.6955128205128205 0.5103092783505154
1 0.6987179487179487 0.6443298969072165 0.7051282051282052 0.654639175257732 0.7051282051282052 0.6855670103092784 0.6987179487179487 0.6958762886597938 0.6891025641025641 0.6958762886597938 0.6794871794871795 0.6804123711340206 0.6794871794871795 0.6597938144329897 0.6826923076923077 0.654639175257732 0.6826923076923077 0.6494845360824743 0.6858974358974359 0.6443298969072165 0.6955128205128205 0.6443298969072165
1 0.6730769230769231 0.7680412371134021 0.6826923076923077 0.7628865979381443 0.6858974358974359 0.7680412371134021 0.6891025641025641 0.7680412371134021 0.6955128205128205 0.7835051546391752 0.6955128205128205 0.7989690721649485 0.6891025641025641 0.8144329896907216 0.6730769230769231 0.8144329896907216 0.6698717948717948 0.8092783505154639 0.6698717948717948 0.7783505154639175 0.6730769230769231 0.7731958762886598
1 0.6586387434554973 0.7510768068224752 0.033507853403141365 0.057256976304852374
1 0.16666666666666666 0.36082474226804123 0.16987179487179488 0.36597938144329895 0.17307692307692307 0.36597938144329895 0.1794871794871795 0.37628865979381443 0.1794871794871795 0.4020618556701031 0.17307692307692307 0.41237113402061853 0.15064102564102563 0.41237113402061853 0.14743589743589744 0.4072164948453608 0.14423076923076922 0.4072164948453608 0.13782051282051283 0.3917525773195876 0.13782051282051283 0.37628865979381443 0.14102564102564102 0.3711340206185567 0.14743589743589744 0.3711340206185567 0.15064102564102563 0.36597938144329895 0.15705128205128205 0.36597938144329895 0.16025641025641027 0.36082474226804123 0.16346153846153846 0.36082474226804123
2 0.16666666666666666 0.4329896907216495 0.1762820512820513 0.4329896907216495 0.1794871794871795 0.4381443298969072 0.1794871794871795 0.4536082474226804 0.1762820512820513 0.4587628865979381 0.16666666666666666 0.4587628865979381 0.16666666666666666 0.4536082474226804 0.16346153846153846 0.4484536082474227 0.16346153846153846 0.44329896907216493 0.16666666666666666 0.4381443298969072
2 0.14423076923076922 0.4175257731958763 0.14743589743589744 0.422680412371134 0.14743589743589744 0.4381443298969072 0.15064102564102563 0.44329896907216493 0.14423076923076922 0.4536082474226804 0.14102564102564102 0.4536082474226804 0.13141025641025642 0.44329896907216493 0.13141025641025642 0.4329896907216495 0.1346153846153846 0.42783505154639173 0.1346153846153846 0.422680412371134 0.13782051282051283 0.4175257731958763 0.14102564102564102 0.4175257731958763
2 0.15064102564102563 0.5 0.15064102564102563 0.5154639175257731 0.14423076923076922 0.5257731958762887 0.1346153846153846 0.5257731958762887 0.13141025641025642 0.520618556701031 0.13141025641025642 0.5051546391752577 0.14102564102564102 0.4948453608247423 0.14423076923076922 0.4948453608247423 0.14743589743589744 0.5
2 0.1955128205128205 0.41237113402061853 0.1955128205128205 0.37628865979381443 0.1987179487179487 0.3711340206185567 0.20192307692307693 0.3711340206185567 0.21153846153846154 0.3865979381443299 0.21153846153846154 0.4020618556701031 0.20833333333333334 0.4072164948453608 0.20833333333333334 0.41237113402061853 0.1987179487179487 0.41237113402061853
2 0.19230769230769232 0.6288659793814433 0.1955128205128205 0.634020618556701 0.1955128205128205 0.6443298969072165 0.19230769230769232 0.6494845360824743 0.1858974358974359 0.6494845360824743 0.18269230769230768 0.6443298969072165 0.18269230769230768 0.634020618556701 0.1858974358974359 0.6288659793814433 0.1891025641025641 0.6288659793814433
2 0.1762820512820513 0.07216494845360824 0.1794871794871795 0.07216494845360824 0.1891025641025641 0.061855670103092786 0.19230769230769232 0.061855670103092786 0.1987179487179487 0.07216494845360824 0.1987179487179487 0.08247422680412371 0.1955128205128205 0.08762886597938144 0.1955128205128205 0.09278350515463918 0.1794871794871795 0.09278350515463918 0.1762820512820513 0.08762886597938144 0.1762820512820513 0.07731958762886598
1 0.11465968586387436 0.2441841636530469 0.02827225130890052 0.06062503373454958
2 0.1282051282051282 0.15979381443298968 0.14102564102564102 0.15979381443298968 0.14102564102564102 0.17010309278350516 0.1346153846153846 0.18041237113402062 0.13141025641025642 0.18041237113402062 0.1282051282051282 0.17525773195876287 0.1282051282051282 0.16494845360824742
1 0.11858974358974358 0.14948453608247422 0.12179487179487179 0.15463917525773196 0.125 0.15463917525773196 0.125 0.15979381443298968 0.1282051282051282 0.16494845360824742 0.1282051282051282 0.17525773195876287 0.12179487179487179 0.19072164948453607 0.10897435897435898 0.19072164948453607 0.10576923076923077 0.18556701030927836 0.10576923076923077 0.16494845360824742 0.10897435897435898 0.15979381443298968 0.10897435897435898 0.15463917525773196 0.11217948717948718 0.14948453608247422 0.11538461538461539 0.14948453608247422
2 0.25392670157068065 0.16840287148485994 0.015706806282722512 0.02694445943757759
1 0.9583333333333334 0.030927835051546393 0.9615384615384616 0.03608247422680412 0.9647435897435898 0.03608247422680412 0.9711538461538461 0.05154639175257732 0.9711538461538461 0.05670103092783505 0.967948717948718 0.061855670103092786 0.967948717948718 0.07216494845360824 0.9647435897435898 0.07731958762886598 0.9519230769230769 0.07731958762886598 0.9423076923076923 0.061855670103092786 0.9423076923076923 0.03608247422680412 0.9455128205128205 0.030927835051546393 0.9551282051282052 0.030927835051546393
1 0.6826923076923077 0.05154639175257732 0.6858974358974359 0.05670103092783505 0.6891025641025641 0.05670103092783505 0.6955128205128205 0.07216494845360824 0.6955128205128205 0.09278350515463918 0.6891025641025641 0.10824742268041238 0.6666666666666666 0.10824742268041238 0.6602564102564102 0.0979381443298969 0.6602564102564102 0.07731958762886598 0.6634615384615384 0.07216494845360824 0.6634615384615384 0.06701030927835051 0.6698717948717948 0.05670103092783505 0.6794871794871795 0.05154639175257732
1 0.2980769230769231 0 0.33653846153846156 0 0.33653846153846156 0.010309278350515464 0.3269230769230769 0.02577319587628866 0.30128205128205127 0.02577319587628866 0.2980769230769231 0.020618556701030927 0.2980769230769231 0.005154639175257732
2 0.11217948717948718 0.8711340206185567 0.11858974358974358 0.8865979381443299 0.11858974358974358 0.8917525773195877 0.11538461538461539 0.8969072164948454 0.10576923076923077 0.8969072164948454 0.10256410256410256 0.8917525773195877 0.10256410256410256 0.8762886597938144 0.10576923076923077 0.8711340206185567 0.10897435897435898 0.8711340206185567
2 0.20192307692307693 0.8402061855670103 0.20192307692307693 0.8608247422680413 0.1987179487179487 0.865979381443299 0.1955128205128205 0.8608247422680413 0.1891025641025641 0.8608247422680413 0.1858974358974359 0.8556701030927835 0.1858974358974359 0.845360824742268 0.19230769230769232 0.8350515463917526 0.1955128205128205 0.8350515463917526 0.1987179487179487 0.8402061855670103
2 0.17277486910994766 0.9733685971824905 0.02094240837696335 0.03704863172666919
2 0.21153846153846154 0.8762886597938144 0.21474358974358973 0.8814432989690721 0.21474358974358973 0.9020618556701031 0.21153846153846154 0.9072164948453608 0.20833333333333334 0.9072164948453608 0.20192307692307693 0.8969072164948454 0.20192307692307693 0.8814432989690721 0.20512820512820512 0.8762886597938144 0.20833333333333334 0.8762886597938144
2 0.2532051282051282 0.8608247422680413 0.2532051282051282 0.8814432989690721 0.25 0.8865979381443299 0.2403846153846154 0.8865979381443299 0.23397435897435898 0.8762886597938144 0.23397435897435898 0.8608247422680413 0.23717948717948717 0.8556701030927835 0.2467948717948718 0.8556701030927835 0.25 0.8608247422680413
2 0.2900523560209424 0.8133858692718735 0.025130890052356022 0.04378474658606358
2 0.41346153846153844 0.8041237113402062 0.41346153846153844 0.788659793814433 0.4198717948717949 0.7783505154639175 0.4230769230769231 0.7783505154639175 0.4230769230769231 0.7835051546391752 0.42628205128205127 0.788659793814433 0.42628205128205127 0.7989690721649485 0.4230769230769231 0.8041237113402062 0.4166666666666667 0.8041237113402062
2 0.43717277486911 0.7131861607383818 0.01780104712041885 0.031996545582123385
2 0.5256410256410257 0.6649484536082474 0.5256410256410257 0.6494845360824743 0.532051282051282 0.634020618556701 0.5352564102564102 0.634020618556701 0.5416666666666666 0.6443298969072165 0.5416666666666666 0.654639175257732 0.5352564102564102 0.6649484536082474 0.5288461538461539 0.6649484536082474
2 0.5641025641025641 0.634020618556701 0.5673076923076923 0.6391752577319587 0.5673076923076923 0.6494845360824743 0.5641025641025641 0.654639175257732 0.5641025641025641 0.6597938144329897 0.5608974358974359 0.6597938144329897 0.5576923076923077 0.6649484536082474 0.5544871794871795 0.6649484536082474 0.5480769230769231 0.654639175257732 0.5480769230769231 0.6391752577319587 0.5512820512820513 0.634020618556701 0.5608974358974359 0.634020618556701
1 0.532051282051282 0.8350515463917526 0.5416666666666666 0.845360824742268 0.5416666666666666 0.8505154639175257 0.5480769230769231 0.865979381443299 0.5480769230769231 0.8865979381443299 0.5416666666666666 0.8969072164948454 0.5224358974358975 0.8969072164948454 0.5192307692307693 0.8917525773195877 0.5160256410256411 0.8917525773195877 0.5160256410256411 0.8865979381443299 0.5128205128205128 0.8814432989690721 0.5128205128205128 0.8505154639175257 0.5160256410256411 0.845360824742268 0.5160256410256411 0.8402061855670103 0.5192307692307693 0.8350515463917526 0.5288461538461539 0.8350515463917526
1 0.5673076923076923 0.8144329896907216 0.5769230769230769 0.8247422680412371 0.5769230769230769 0.8505154639175257 0.5705128205128205 0.8608247422680413 0.5673076923076923 0.8608247422680413 0.5641025641025641 0.865979381443299 0.5512820512820513 0.865979381443299 0.5448717948717948 0.8556701030927835 0.5448717948717948 0.8350515463917526 0.5480769230769231 0.8298969072164949 0.5480769230769231 0.8195876288659794 0.5512820512820513 0.8195876288659794 0.5576923076923077 0.8092783505154639 0.5608974358974359 0.8092783505154639 0.5641025641025641 0.8144329896907216
2 0.041666666666666664 0.38144329896907214 0.05128205128205128 0.38144329896907214 0.05128205128205128 0.3865979381443299 0.05448717948717949 0.3917525773195876 0.05448717948717949 0.4020618556701031 0.05128205128205128 0.4072164948453608 0.041666666666666664 0.4072164948453608 0.038461538461538464 0.4020618556701031 0.038461538461538464 0.3917525773195876 0.041666666666666664 0.3865979381443299
2 0.060897435897435896 0.31443298969072164 0.0641025641025641 0.31958762886597936 0.0673076923076923 0.31958762886597936 0.0673076923076923 0.33505154639175255 0.0641025641025641 0.3402061855670103 0.05448717948717949 0.3402061855670103 0.05448717948717949 0.33505154639175255 0.05128205128205128 0.32989690721649484 0.05448717948717949 0.3247422680412371 0.05448717948717949 0.31958762886597936 0.057692307692307696 0.31958762886597936
2 0.8858638743455498 0.42184919306957414 0.023036649214659685 0.03536460301182059
2 0.8333333333333334 0.28865979381443296 0.842948717948718 0.28350515463917525 0.8493589743589743 0.29381443298969073 0.8493589743589743 0.29896907216494845 0.842948717948718 0.30927835051546393 0.8333333333333334 0.30412371134020616 0.8333333333333334 0.29381443298969073
2 0.7952879581151832 0.3073352404598694 0.015706806282722512 0.028628488152426187
2 0.8333333333333334 0.38144329896907214 0.8365384615384616 0.3865979381443299 0.842948717948718 0.3865979381443299 0.8461538461538461 0.3917525773195876 0.8461538461538461 0.41237113402061853 0.8301282051282052 0.41237113402061853 0.8301282051282052 0.4072164948453608 0.8269230769230769 0.4020618556701031 0.8269230769230769 0.3865979381443299 0.8301282051282052 0.3865979381443299