0 0.5397727275641026 0.8634897354838711 0.5965909102564102 0.8120234612903225 0.5994318173076923 0.7777126096774194 0.5880681826923077 0.7462609967741936 0.5653409102564102 0.729105570967742 0.4715909102564102 0.6976539580645161 0.4318181826923077 0.7005131967741935 0.3948863621794872 0.729105570967742 0.37215908974358974 0.8063049838709677 0.3693181826923077 0.840615835483871 0.4005681826923077 0.8806451612903226 0.5 0.8806451612903226 0.5397727275641026 0.8634897354838711
0 0.42045454487179484 0.9578445741935484 0.42045454487179484 0.9092375354838709 0.3323863621794872 0.8291788870967742 0.2954545448717949 0.8206011741935484 0.2642045448717949 0.8377565967741936 0.25284091025641026 0.8892228741935484 0.25284091025641026 0.9378299129032259 0.2926136378205128 0.9635630483870967 0.40625 0.9778592387096775 0.42045454487179484 0.9578445741935484
1 0.17329545512820513 0.9492668612903225 0.17329545512820513 0.9092375354838709 0.1363636378205128 0.8692082096774193 0.08522727243589744 0.8663489741935483 0.053977272435897436 0.8949413483870968 0.04829545512820513 0.9406891483870967 0.07954545512820513 0.975 0.14772727243589745 0.9692815258064517 0.17329545512820513 0.9492668612903225
1 0.71875 0.8634897354838711 0.7869318173076923 0.8005865096774193 0.7897727275641026 0.7805718483870968 0.7159090897435898 0.7348240483870968 0.6590909102564102 0.7920087967741936 0.65625 0.8320381225806452 0.6676136378205129 0.8491935483870968 0.6846590897435898 0.8634897354838711 0.71875 0.8634897354838711
0 0.8210227275641026 0.703372435483871 0.9261363621794871 0.6662023451612903 0.9375 0.594721406451613 0.9090909102564103 0.5546920806451613 0.7982954551282051 0.5318181806451613 0.7556818173076923 0.5489736064516129 0.6903409102564102 0.6633431096774193 0.6875 0.6919354838709677 0.7017045448717949 0.7062316709677419 0.7727272724358974 0.7348240483870968 0.8210227275641026 0.703372435483871
1 0.16193181730769232 0.8348973612903225 0.16193181730769232 0.8063049838709677 0.11647727243589745 0.7691348967741936 0.08238636217948718 0.7634164225806451 0.0625 0.7777126096774194 0.059659089743589744 0.817741935483871 0.07670454487179487 0.8520527870967742 0.1051136378205128 0.8577712612903226 0.16193181730769232 0.8348973612903225
0 0.6761363621794871 0.5546920806451613 0.71875 0.48035190645161285 0.7017045448717949 0.45461876774193544 0.6363636378205129 0.41458944193548386 0.5596590897435898 0.45175953225806453 0.5426136378205129 0.4774926677419355 0.5454545448717949 0.5118035193548387 0.6335227275641026 0.5661290322580645 0.6761363621794871 0.5546920806451613
1 0.7329545448717949 0.05718475161290323 0.7329545448717949 0.04002932580645161 0.7017045448717949 0.011436951612903225 0.6761363621794871 0.014296187096774193 0.6477272724358974 0.04288856451612903 0.6590909102564102 0.08577712580645161 0.6789772724358974 0.10293255161290323 0.6988636378205129 0.10293255161290323 0.7329545448717949 0.05718475161290323
1 0.5340909102564102 0.5375366580645161 0.5340909102564102 0.5175219935483871 0.4943181826923077 0.4689149548387097 0.4488636378205128 0.4975073322580645 0.38352272756410255 0.5032258064516129 0.3892045448717949 0.5375366580645161 0.44602272756410255 0.5689882709677418 0.4886363621794872 0.5689882709677418 0.5340909102564102 0.5375366580645161
1 0.3636363621794872 0.6318914967741935 0.3267045448717949 0.6490469193548387 0.3238636378205128 0.6804985322580644 0.3636363621794872 0.7005131967741935 0.38352272756410255 0.6490469193548387 0.3636363621794872 0.6318914967741935
0 0.5681818173076923 0.3574046935483871 0.6107954551282051 0.34310850322580644 0.6164772724358974 0.3802785935483871 0.6392045448717949 0.4060117290322581 0.6676136378205129 0.42316715483870965 0.6903409102564102 0.42316715483870965 0.71875 0.4460410548387097 0.7642045448717949 0.4431818193548387 0.7102272724358974 0.36026392903225807 0.5795454551282051 0.32023460322580644 0.5397727275641026 0.32023460322580644 0.53125 0.34310850322580644 0.5482954551282051 0.37170088064516127 0.5596590897435898 0.3745601161290323 0.5681818173076923 0.3574046935483871
1 0.5625 0.41458944193548386 0.53125 0.39457478064516127 0.5028409102564102 0.39457478064516127 0.48579545512820516 0.4117302064516129 0.4801136378205128 0.4346041064516129 0.5113636378205129 0.46319648064516133 0.5397727275641026 0.4574780064516129 0.5625 0.41458944193548386
1 0.46875 0.46033724193548387 0.45454545512820516 0.42316715483870965 0.42045454487179484 0.4060117290322581 0.40909091025641026 0.3631231677419355 0.35227272756410255 0.4060117290322581 0.34659091025641026 0.4374633419354839 0.3892045448717949 0.4832111451612903 0.4403409102564102 0.48892961935483875 0.46875 0.46033724193548387
1 0.20170454487179487 0.5747067451612903 0.15340908974358974 0.5890029322580645 0.15625 0.6061583580645161 0.22443181730769232 0.6061583580645161 0.21875 0.5832844580645161 0.20170454487179487 0.5747067451612903
0 0.2642045448717949 0.7691348967741936 0.2670454551282051 0.7090909096774194 0.24431818269230768 0.6233137838709677 0.19602272756410255 0.6233137838709677 0.09943181730769231 0.6976539580645161 0.09659091025641026 0.7434017580645161 0.18465908974358974 0.8034457483870968 0.24147727243589742 0.8034457483870968 0.2642045448717949 0.7691348967741936
0 0.7006818173076923 0.6238370225806451 0.7384289775641025 0.5713185483870967 0.7547869326923077 0.5301855580645161 0.7403153397435898 0.4890554258064516 0.7107471602564103 0.5036089451612903 0.6925028397435897 0.5244928161290322 0.6660795448717949 0.5592954548387097 0.6365113621794871 0.5776460419354839 0.5861818173076923 0.5713185483870967 0.5591306826923077 0.6042226548387096 0.5666789775641026 0.634596335483871 0.5725 0.6729101161290323 0.6182670448717948 0.6738279322580646 0.6704829551282051 0.6586425225806452 0.7006818173076923 0.6238370225806451
1 0.6097272724358974 0.7509244129032258 0.6311420448717948 0.7515791774193548 0.6525596602564102 0.7293829193548387 0.6584005673076923 0.7052309387096775 0.6465568173076923 0.6868145903225806 0.6090767051282052 0.686954693548387 0.5973948878205128 0.7052309387096775 0.5954488621794872 0.7352586516129033 0.6097272724358974 0.7509244129032258
1 0.5158664775641026 0.6330237548387098 0.5399886378205128 0.6286920096774193 0.5399886378205128 0.6139583580645162 0.5374034102564103 0.5836304258064516 0.5150028397435897 0.5732313774193548 0.4917414775641025 0.5870958225806452 0.46675568269230766 0.603562170967742 0.45232386217948717 0.6169634161290323 0.46675568269230766 0.6278256612903226 0.4943267051282051 0.6330237548387098 0.5158664775641026 0.6330237548387098
1 0.36595170512820513 0.7934098225806452 0.3754289775641026 0.767413635483871 0.3719829551282051 0.7414145903225807 0.3495823878205128 0.7344837967741935 0.32459658974358974 0.7370828451612903 0.29444033974358974 0.7622126838709677 0.2841022724358974 0.7916771258064516 0.29078125 0.8109826967741935 0.2970255673076923 0.8107425225806452 0.33751988782051284 0.8090098225806451 0.36595170512820513 0.7934098225806452
1 0.2694573878205128 0.535031964516129 0.2617017051282051 0.5116348225806452 0.2436079551282051 0.500369429032258 0.21173011217948717 0.5012357774193549 0.19794602243589743 0.5168329193548388 0.20397727243589744 0.5367646612903225 0.2121619326923077 0.5540945 0.23240908974358973 0.5523646612903226 0.2642869326923077 0.5532310129032257 0.2694573878205128 0.535031964516129
1 0.23585511217948715 0.38684626129032257 0.2375767051282051 0.3461164225806452 0.22982386217948717 0.3331183290322581 0.22637783974358974 0.29498753548387097 0.21173011217948717 0.2811230935483871 0.19794602243589743 0.28719039677419356 0.18932954487179487 0.3374500741935484 0.17209943269230768 0.36951642258064515 0.16348295512820513 0.3963789580645161 0.17123579487179486 0.40885095161290325 0.20311647756410256 0.4163107032258065 0.22637783974358974 0.40764435483870964 0.23585511217948715 0.38684626129032257
1 0.46503125 0.3001198677419355 0.47623295512820507 0.3027189161290323 0.49691193269230766 0.304454470967742 0.5106960224358975 0.2871217741935484 0.5003579551282051 0.27585637741935487 0.4684801121794872 0.26459098387096774 0.4202301121794872 0.267190029032258 0.4021392051282051 0.28105447096774194 0.3926619326923077 0.304454470967742 0.3892159102564103 0.326985264516129 0.40816761217948716 0.33081092258064515 0.43660227243589744 0.32958430967741936 0.44694033974358977 0.32178430967741933 0.46503125 0.3001198677419355
1 0.14280397756410257 0.4197074774193548 0.13332670512820513 0.4387728741935484 0.1307443173076923 0.4543728741935484 0.13160511217948717 0.47083636451612904 0.13935795512820512 0.4855700161290322 0.15314488782051283 0.4881690612903226 0.17123579487179486 0.48643636451612904 0.18846875 0.47430461935483875 0.20139204487179488 0.4500411290322581 0.19622158974358975 0.4335747806451613 0.16951420512820514 0.4257747806451613 0.16003693269230768 0.413643035483871 0.14280397756410257 0.4197074774193548
1 0.5554971602564103 0.13453570322580646 0.5451590897435897 0.12066840322580645 0.5262045448717948 0.12066840322580645 0.5098352275641026 0.13106744838709677 0.5124204551282051 0.1657328451612903 0.5277130673076923 0.17581165806451612 0.5425738621794871 0.16919824193548388 0.5563579551282052 0.15013284516129033 0.5554971602564103 0.13453570322580646
2 0.38576704487179486 0.25845505806451613 0.3685369326923077 0.2601877580645161 0.35905966025641023 0.2775204548387097 0.3745681826923077 0.29138489677419355 0.38663068269230766 0.29504186129032256 0.40989204487179487 0.2801195 0.4038607948717949 0.26365601290322577 0.38576704487179486 0.25845505806451613
2 0.33751988782051284 0.28965219999999997 0.32890341025641023 0.3000512451612903 0.3116732948717949 0.3078512451612903 0.2918579551282051 0.3052522 0.2815170448717949 0.3104502935483871 0.28065625 0.3286493387096774 0.29788920512820516 0.3390483870967742 0.32201136217948717 0.3442464806451613 0.33407386217948715 0.3433801322580645 0.35647443269230766 0.3390483870967742 0.3737073878205128 0.33189457419354834 0.3797386378205128 0.3182502935483871 0.3745681826923077 0.2983185483870968 0.3513039775641026 0.2879195 0.33751988782051284 0.28965219999999997
2 0.31339488782051284 0.2289934741935484 0.2970255673076923 0.22985982258064516 0.2909943173076923 0.2463233129032258 0.30391761217948715 0.2567223612903226 0.32739772756410257 0.25601898709677423 0.33407386217948715 0.24718966129032258 0.3271818173076923 0.23245887096774195 0.31339488782051284 0.2289934741935484
2 0.3814602275641026 0.23765696451612903 0.3702585224358974 0.23679061612903227 0.34785795512820517 0.24112521935483872 0.34785795512820517 0.2538516870967742 0.35647443269230766 0.2549896612903226 0.37284375000000003 0.2515242677419355 0.3814602275641026 0.23765696451612903
2 0.13106533974358975 0.3295071129032258 0.11298579487179487 0.33333562903225805 0.11964772756410258 0.37735645161290327 0.11584091025641026 0.40128255161290327 0.13201420512820514 0.41372309354838704 0.14866477243589743 0.402431964516129 0.16531533974358975 0.36204523548387096 0.15104545512820514 0.3352484612903226 0.13106533974358975 0.3295071129032258
2 0.6172613621794871 0.22528218387096777 0.6029886378205128 0.22719501612903223 0.6010880673076924 0.23102353225806452 0.6096505673076924 0.2511211129032258 0.6279659102564102 0.25998760967741935 0.642 0.24824758064516128 0.6324857948717949 0.22815285806451613 0.6172613621794871 0.22528218387096777
2 0.6515142051282051 0.17073079032258065 0.6439034102564103 0.14776253548387097 0.6334375 0.14106620322580646 0.6153579551282051 0.14489186129032258 0.6077471602564102 0.1630766129032258 0.6115539775641026 0.18221634838709677 0.6267755673076923 0.20135608387096773 0.6434261378205128 0.20013804838709676 0.6467585224358974 0.20326891612903228 0.6524659102564103 0.19369904838709678 0.6515142051282051 0.17073079032258065
1 0.8798664775641026 0.3229708935483871 0.85703125 0.31531385483870966 0.8399034102564104 0.31531385483870966 0.7913806826923077 0.3267994129032258 0.7780596602564103 0.33923995483870967 0.7837670448717948 0.3574218483870968 0.8094573878205128 0.37177808064516127 0.8456136378205128 0.38088475161290325 0.8684488621794872 0.3612503677419355 0.8836704551282051 0.34976480967741935 0.8798664775641026 0.3229708935483871
1 0.7580795448717949 0.14106620322580646 0.7409517051282051 0.12383929677419356 0.7219232948717949 0.12096862258064515 0.7047954551282052 0.12383929677419356 0.6943295448717949 0.13149633548387096 0.6924261378205129 0.15541957419354838 0.7057471602564103 0.17168863548387098 0.7209715897435898 0.17455930967741934 0.7342926121794873 0.1726464806451613 0.7609318173076923 0.15733526451612903 0.7580795448717949 0.14106620322580646