2 0.5384615384615384 0.4222222222222222 0.5416666666666666 0.42592592592592593 0.5416666666666666 0.43333333333333335 0.5352564102564102 0.44074074074074077 0.532051282051282 0.44074074074074077 0.5256410256410257 0.43333333333333335 0.5256410256410257 0.42962962962962964 0.532051282051282 0.4222222222222222 0.5352564102564102 0.4222222222222222
2 0.5224358974358975 0.45925925925925926 0.5224358974358975 0.4740740740740741 0.5192307692307693 0.4777777777777778 0.5128205128205128 0.4777777777777778 0.5064102564102564 0.4703703703703704 0.5064102564102564 0.4666666666666667 0.5128205128205128 0.45555555555555555 0.5160256410256411 0.45555555555555555 0.5192307692307693 0.45925925925925926
2 0.4945820433436532 0.48297213622291024 0.02012383900928793 0.02146542827657379
2 0.6377708978328173 0.43556931544547645 0.018575851393188854 0.02325421396628827
2 0.6942724458204333 0.24595803233574134 0.017027863777089782 0.02325421396628827
2 0.5394736842105262 0.2280701754385965 0.02012383900928793 0.02325421396628827
2 0.49038461538461536 0.10740740740740741 0.4935897435897436 0.1111111111111111 0.4935897435897436 0.12222222222222222 0.49038461538461536 0.1259259259259259 0.48717948717948717 0.1259259259259259 0.483974358974359 0.12222222222222222 0.483974358974359 0.1111111111111111 0.48717948717948717 0.1111111111111111
2 0.44551282051282054 0.1259259259259259 0.44871794871794873 0.12962962962962962 0.44871794871794873 0.14074074074074075 0.44551282051282054 0.14074074074074075 0.4423076923076923 0.14444444444444443 0.4391025641025641 0.14444444444444443 0.4358974358974359 0.14074074074074075 0.4358974358974359 0.12962962962962962 0.4391025641025641 0.1259259259259259 0.4423076923076923 0.1259259259259259
2 0.4218266253869969 0.30051599587203304 0.02012383900928793 0.02146542827657379
2 0.6474358974358975 0.3814814814814815 0.6506410256410257 0.3851851851851852 0.6506410256410257 0.3962962962962963 0.6378205128205128 0.3962962962962963 0.6378205128205128 0.3851851851851852 0.6410256410256411 0.3814814814814815 0.6442307692307693 0.3814814814814815
2 0.23076923076923078 0.3962962962962963 0.23397435897435898 0.4 0.23397435897435898 0.4074074074074074 0.22756410256410256 0.4148148148148148 0.22115384615384615 0.4074074074074074 0.22115384615384615 0.4 0.22435897435897437 0.3962962962962963 0.22756410256410256 0.3962962962962963
2 0.5288461538461539 0.37037037037037035 0.5384615384615384 0.37037037037037035 0.5416666666666666 0.37407407407407406 0.5416666666666666 0.3888888888888889 0.5384615384615384 0.3925925925925926 0.5352564102564102 0.3925925925925926 0.5256410256410257 0.3814814814814815 0.5256410256410257 0.37777777777777777 0.5288461538461539 0.37407407407407406
2 0.5224358974358975 0.7148148148148148 0.5256410256410257 0.7185185185185186 0.5256410256410257 0.725925925925926 0.5288461538461539 0.7296296296296296 0.5288461538461539 0.7333333333333333 0.5256410256410257 0.737037037037037 0.5128205128205128 0.737037037037037 0.5096153846153846 0.7333333333333333 0.5096153846153846 0.7222222222222222 0.5160256410256411 0.7148148148148148 0.5192307692307693 0.7148148148148148
2 0.33653846153846156 0.7518518518518519 0.33974358974358976 0.7555555555555555 0.33974358974358976 0.762962962962963 0.33653846153846156 0.7666666666666667 0.3301282051282051 0.7666666666666667 0.3269230769230769 0.762962962962963 0.3269230769230769 0.7555555555555555 0.3301282051282051 0.7518518518518519 0.3333333333333333 0.7518518518518519
2 0.3173076923076923 0.7703703703703704 0.3269230769230769 0.7703703703703704 0.3301282051282051 0.774074074074074 0.3301282051282051 0.7814814814814814 0.3269230769230769 0.7851851851851852 0.3173076923076923 0.7851851851851852 0.3173076923076923 0.774074074074074
2 0.30882352941176466 0.7933264533883729 0.017027863777089782 0.019676642586859305
2 0.266025641025641 0.774074074074074 0.27564102564102566 0.774074074074074 0.27564102564102566 0.7777777777777778 0.27884615384615385 0.7814814814814814 0.2724358974358974 0.7888888888888889 0.2692307692307692 0.7888888888888889 0.266025641025641 0.7851851851851852 0.266025641025641 0.7777777777777778
2 0.4967948717948718 0.7555555555555555 0.4967948717948718 0.7666666666666667 0.4935897435897436 0.7703703703703704 0.49038461538461536 0.7703703703703704 0.48717948717948717 0.7666666666666667 0.48717948717948717 0.7592592592592593 0.49038461538461536 0.7555555555555555 0.4935897435897436 0.7555555555555555
2 0.5256410256410257 0.762962962962963 0.5288461538461539 0.774074074074074 0.5224358974358975 0.7814814814814814 0.5160256410256411 0.774074074074074 0.5160256410256411 0.7666666666666667 0.5192307692307693 0.762962962962963 0.5224358974358975 0.762962962962963
2 0.5416666666666666 0.7666666666666667 0.5480769230769231 0.774074074074074 0.5480769230769231 0.7777777777777778 0.5448717948717948 0.7814814814814814 0.5384615384615384 0.7814814814814814 0.5384615384615384 0.7703703703703704
2 0.5737179487179487 0.7703703703703704 0.5801282051282052 0.7703703703703704 0.5833333333333334 0.774074074074074 0.5833333333333334 0.7777777777777778 0.5801282051282052 0.7814814814814814 0.5737179487179487 0.7814814814814814 0.5737179487179487 0.774074074074074
2 0.5961538461538461 0.7703703703703704 0.6057692307692307 0.7703703703703704 0.6057692307692307 0.7814814814814814 0.5993589743589743 0.7888888888888889 0.592948717948718 0.7814814814814814 0.592948717948718 0.7777777777777778 0.5961538461538461 0.774074074074074
2 0.592948717948718 0.7333333333333333 0.5961538461538461 0.737037037037037 0.5961538461538461 0.7444444444444445 0.5993589743589743 0.7481481481481481 0.5993589743589743 0.7518518518518519 0.5961538461538461 0.7555555555555555 0.5833333333333334 0.7555555555555555 0.5769230769230769 0.7481481481481481 0.5769230769230769 0.737037037037037 0.5801282051282052 0.7333333333333333 0.5897435897435898 0.7333333333333333
2 0.9102564102564102 0.5222222222222223 0.9134615384615384 0.5259259259259259 0.9134615384615384 0.5333333333333333 0.9102564102564102 0.5370370370370371 0.9006410256410257 0.5370370370370371 0.8974358974358975 0.5333333333333333 0.8974358974358975 0.5222222222222223 0.9006410256410257 0.5185185185185185 0.9038461538461539 0.5185185185185185 0.907051282051282 0.5222222222222223
2 0.8637770897832817 0.6153422772617819 0.01238390092879257 0.014310285517715859
2 0.8237179487179487 0.5333333333333333 0.8301282051282052 0.5333333333333333 0.8333333333333334 0.5370370370370371 0.8333333333333334 0.5407407407407407 0.8301282051282052 0.5444444444444444 0.8237179487179487 0.5444444444444444 0.8237179487179487 0.5370370370370371
2 0.741486068111455 0.5545235638114895 0.01238390092879257 0.014310285517715859
2 0.6538461538461539 0.7296296296296296 0.657051282051282 0.7333333333333333 0.6538461538461539 0.737037037037037 0.6538461538461539 0.7444444444444445 0.6474358974358975 0.7444444444444445 0.6442307692307693 0.7407407407407407 0.6442307692307693 0.7333333333333333 0.6474358974358975 0.7296296296296296 0.6506410256410257 0.7296296296296296
2 0.5769230769230769 0.9259259259259259 0.5833333333333334 0.9259259259259259 0.5865384615384616 0.9296296296296296 0.5865384615384616 0.937037037037037 0.5769230769230769 0.937037037037037 0.5769230769230769 0.9296296296296296
2 0.6726006191950464 0.9730994152046785 0.013931888544891642 0.017887856897144824
2 0.8108974358974359 0.8518518518518519 0.8141025641025641 0.8555555555555555 0.8141025641025641 0.8666666666666667 0.8076923076923077 0.8666666666666667 0.8076923076923077 0.8555555555555555
2 0.8018575851393189 0.7843825249398005 0.015479876160990714 0.016099071207430343
2 0.8076923076923077 0.8111111111111111 0.8108974358974359 0.8148148148148148 0.8141025641025641 0.8148148148148148 0.8141025641025641 0.8222222222222222 0.8044871794871795 0.8222222222222222 0.8044871794871795 0.8148148148148148
2 0.8012820512820513 0.7185185185185186 0.8044871794871795 0.7222222222222222 0.8044871794871795 0.7296296296296296 0.8012820512820513 0.7333333333333333 0.7980769230769231 0.7333333333333333 0.7916666666666666 0.725925925925926 0.7916666666666666 0.7222222222222222 0.7948717948717948 0.7185185185185186 0.7980769230769231 0.7185185185185186
2 0.6794871794871795 0.40370370370370373 0.6826923076923077 0.4074074074074074 0.6826923076923077 0.4111111111111111 0.6794871794871795 0.4148148148148148 0.6698717948717948 0.4111111111111111 0.6698717948717948 0.4074074074074074 0.6730769230769231 0.40370370370370373 0.6762820512820513 0.40370370370370373
2 0.7916666666666666 0.28888888888888886 0.8044871794871795 0.28888888888888886 0.8044871794871795 0.3 0.7916666666666666 0.3 0.7916666666666666 0.29259259259259257
2 0.828173374613003 0.2951496388028896 0.015479876160990714 0.017887856897144824
2 0.8173076923076923 0.3074074074074074 0.8173076923076923 0.3111111111111111 0.8205128205128205 0.3148148148148148 0.8205128205128205 0.31851851851851853 0.8173076923076923 0.32222222222222224 0.8108974358974359 0.32222222222222224 0.8076923076923077 0.31851851851851853 0.8076923076923077 0.3111111111111111 0.8108974358974359 0.3074074074074074 0.8141025641025641 0.3074074074074074
2 0.7660256410256411 0.3074074074074074 0.7724358974358975 0.3074074074074074 0.7724358974358975 0.31851851851851853 0.7660256410256411 0.31851851851851853 0.7660256410256411 0.3111111111111111
2 0.7879256965944271 0.203921568627451 0.01238390092879257 0.014310285517715859
2 0.7019230769230769 0.5444444444444444 0.7019230769230769 0.5481481481481482 0.7051282051282052 0.5518518518518518 0.7051282051282052 0.5592592592592592 0.6987179487179487 0.5666666666666667 0.6923076923076923 0.5666666666666667 0.6858974358974359 0.5592592592592592 0.6858974358974359 0.5481481481481482 0.6923076923076923 0.5407407407407407 0.6955128205128205 0.5407407407407407 0.6987179487179487 0.5444444444444444
2 0.7532051282051282 0.8407407407407408 0.7532051282051282 0.8333333333333334 0.7564102564102564 0.8296296296296296 0.7660256410256411 0.8296296296296296 0.7692307692307693 0.8333333333333334 0.7692307692307693 0.837037037037037 0.7628205128205128 0.8444444444444444 0.7596153846153846 0.8444444444444444 0.7564102564102564 0.8407407407407408
2 0.7948717948717948 0.8962962962962963 0.8044871794871795 0.9037037037037037 0.8044871794871795 0.9222222222222223 0.8012820512820513 0.9259259259259259 0.7916666666666666 0.9259259259259259 0.782051282051282 0.9111111111111111 0.782051282051282 0.9037037037037037 0.7884615384615384 0.8962962962962963 0.7916666666666666 0.8962962962962963
2 0.6057692307692307 0.8222222222222222 0.6121794871794872 0.8296296296296296 0.6121794871794872 0.8333333333333334 0.6153846153846154 0.837037037037037 0.6153846153846154 0.8444444444444444 0.6025641025641025 0.8555555555555555 0.5961538461538461 0.8555555555555555 0.5897435897435898 0.8481481481481481 0.5897435897435898 0.8296296296296296 0.592948717948718 0.825925925925926 0.6025641025641025 0.8222222222222222
2 0.21794871794871795 0.6037037037037037 0.22435897435897437 0.6148148148148148 0.22435897435897437 0.6296296296296297 0.22115384615384615 0.6333333333333333 0.20833333333333334 0.6333333333333333 0.20512820512820512 0.6296296296296297 0.20192307692307693 0.6296296296296297 0.20192307692307693 0.6148148148148148 0.20512820512820512 0.6111111111111112 0.20512820512820512 0.6074074074074074 0.21474358974358973 0.6037037037037037
2 0.2916666666666667 0.34444444444444444 0.2916666666666667 0.337037037037037 0.28846153846153844 0.3333333333333333 0.28846153846153844 0.32592592592592595 0.2916666666666667 0.32222222222222224 0.3076923076923077 0.32222222222222224 0.3108974358974359 0.32592592592592595 0.3108974358974359 0.34444444444444444 0.3076923076923077 0.34814814814814815 0.2980769230769231 0.34814814814814815 0.2948717948717949 0.34444444444444444
2 0.16025641025641027 0.2222222222222222 0.16025641025641027 0.21851851851851853 0.15705128205128205 0.21481481481481482 0.15705128205128205 0.2111111111111111 0.16025641025641027 0.2074074074074074 0.16987179487179488 0.2074074074074074 0.17307692307692307 0.2111111111111111 0.17307692307692307 0.21851851851851853 0.16987179487179488 0.2222222222222222 0.16346153846153846 0.2222222222222222
2 0.1794871794871795 0.24074074074074073 0.1891025641025641 0.24074074074074073 0.1955128205128205 0.24814814814814815 0.19230769230769232 0.2518518518518518 0.18269230769230768 0.2518518518518518 0.1794871794871795 0.24814814814814815 0.1794871794871795 0.24444444444444444
2 0.5096153846153846 0.21851851851851853 0.5160256410256411 0.21851851851851853 0.5160256410256411 0.2222222222222222 0.5192307692307693 0.22592592592592592 0.5192307692307693 0.23333333333333334 0.5160256410256411 0.23703703703703705 0.5096153846153846 0.23703703703703705 0.5064102564102564 0.23333333333333334 0.5064102564102564 0.22592592592592592 0.5096153846153846 0.2222222222222222
2 0.49038461538461536 0.32592592592592595 0.4935897435897436 0.32592592592592595 0.4967948717948718 0.32222222222222224 0.5064102564102564 0.32592592592592595 0.5064102564102564 0.3333333333333333 0.5 0.34444444444444444 0.4967948717948718 0.34444444444444444 0.4967948717948718 0.34074074074074073 0.4935897435897436 0.337037037037037 0.49038461538461536 0.337037037037037 0.49038461538461536 0.3296296296296296
2 0.15705128205128205 0.8814814814814815 0.17307692307692307 0.8814814814814815 0.17307692307692307 0.8925925925925926 0.16987179487179488 0.8962962962962963 0.16025641025641027 0.8962962962962963 0.15705128205128205 0.8925925925925926 0.15705128205128205 0.8851851851851852
2 0.16346153846153846 0.9 0.16987179487179488 0.9074074074074074 0.16987179487179488 0.9185185185185185 0.16346153846153846 0.9259259259259259 0.15064102564102563 0.9259259259259259 0.14743589743589744 0.9222222222222223 0.14423076923076922 0.9222222222222223 0.14423076923076922 0.9111111111111111 0.14743589743589744 0.9074074074074074 0.14743589743589744 0.9037037037037037 0.15064102564102563 0.9 0.16025641025641027 0.9
2 0.1794871794871795 0.9148148148148149 0.1794871794871795 0.9 0.1858974358974359 0.8888888888888888 0.1891025641025641 0.8888888888888888 0.1955128205128205 0.9 0.19230769230769232 0.9037037037037037 0.1891025641025641 0.9148148148148149 0.18269230769230768 0.9148148148148149
2 0.21474358974358973 0.8074074074074075 0.21794871794871795 0.8111111111111111 0.21794871794871795 0.8222222222222222 0.21474358974358973 0.825925925925926 0.20512820512820512 0.825925925925926 0.1987179487179487 0.8148148148148148 0.1987179487179487 0.8111111111111111 0.20192307692307693 0.8074074074074075 0.21153846153846154 0.8074074074074075
2 0.4391025641025641 0.8111111111111111 0.4423076923076923 0.8148148148148148 0.44551282051282054 0.8148148148148148 0.44551282051282054 0.8185185185185185 0.44871794871794873 0.8222222222222222 0.44871794871794873 0.8296296296296296 0.44551282051282054 0.8333333333333334 0.44551282051282054 0.837037037037037 0.42948717948717946 0.837037037037037 0.42948717948717946 0.8333333333333334 0.42628205128205127 0.8296296296296296 0.42628205128205127 0.8148148148148148 0.4358974358974359 0.8111111111111111
2 0.46153846153846156 0.9074074074074074 0.46474358974358976 0.9111111111111111 0.46474358974358976 0.9185185185185185 0.4551282051282051 0.9296296296296296 0.4519230769230769 0.9296296296296296 0.44551282051282054 0.9222222222222223 0.44551282051282054 0.9111111111111111 0.44871794871794873 0.9074074074074074 0.4583333333333333 0.9074074074074074
2 0.657051282051282 0.8851851851851852 0.6602564102564102 0.8888888888888888 0.6602564102564102 0.9037037037037037 0.657051282051282 0.9074074074074074 0.6410256410256411 0.9074074074074074 0.6410256410256411 0.9037037037037037 0.6378205128205128 0.9 0.6378205128205128 0.8925925925925926 0.6442307692307693 0.8851851851851852 0.6538461538461539 0.8851851851851852
2 0.6410256410256411 0.7703703703703704 0.6410256410256411 0.7814814814814814 0.6314102564102564 0.7814814814814814 0.6314102564102564 0.774074074074074 0.6346153846153846 0.7703703703703704 0.6378205128205128 0.7703703703703704
2 0.6282051282051282 0.4777777777777778 0.6346153846153846 0.48518518518518516 0.6346153846153846 0.4925925925925926 0.6314102564102564 0.4962962962962963 0.6314102564102564 0.5 0.6282051282051282 0.5 0.6217948717948718 0.4925925925925926 0.6217948717948718 0.48518518518518516 0.625 0.48148148148148145
2 0.7616099071207431 0.17619539043687651 0.021671826625386997 0.02325421396628827
2 0.8782051282051282 0.4888888888888889 0.8814102564102564 0.4925925925925926 0.8814102564102564 0.5037037037037037 0.8717948717948718 0.5037037037037037 0.8685897435897436 0.5 0.8653846153846154 0.5 0.8653846153846154 0.4925925925925926 0.875 0.4888888888888889
2 0.8782051282051282 0.45185185185185184 0.875 0.44814814814814813 0.8717948717948718 0.44814814814814813 0.875 0.43703703703703706 0.8782051282051282 0.43333333333333335 0.8878205128205128 0.43333333333333335 0.8878205128205128 0.4444444444444444 0.8846153846153846 0.44814814814814813 0.8814102564102564 0.44814814814814813
2 0.8219814241486068 0.5607843137254902 0.015479876160990714 0.016099071207430343
1 0.842948717948718 0.5518518518518518 0.8493589743589743 0.562962962962963 0.8493589743589743 0.5740740740740741 0.8461538461538461 0.5777777777777777 0.8365384615384616 0.5777777777777777 0.8365384615384616 0.5740740740740741 0.8301282051282052 0.562962962962963 0.8333333333333334 0.5592592592592592 0.8333333333333334 0.5555555555555556 0.8365384615384616 0.5518518518518518 0.8397435897435898 0.5518518518518518
1 0.8685897435897436 0.5518518518518518 0.8814102564102564 0.5518518518518518 0.8846153846153846 0.5555555555555556 0.8846153846153846 0.5740740740740741 0.8814102564102564 0.5777777777777777 0.8717948717948718 0.5777777777777777 0.8685897435897436 0.5740740740740741 0.8685897435897436 0.5555555555555556
1 0.7211538461538461 0.7777777777777778 0.7211538461538461 0.7814814814814814 0.7275641025641025 0.7925925925925926 0.7275641025641025 0.8148148148148148 0.7243589743589743 0.8185185185185185 0.7211538461538461 0.8296296296296296 0.7115384615384616 0.8296296296296296 0.7083333333333334 0.825925925925926 0.6987179487179487 0.8222222222222222 0.6923076923076923 0.8148148148148148 0.6923076923076923 0.8037037037037037 0.6987179487179487 0.7962962962962963 0.6987179487179487 0.7925925925925926 0.7083333333333334 0.7814814814814814 0.717948717948718 0.7777777777777778
1 0.7692307692307693 0.7703703703703704 0.7692307692307693 0.7777777777777778 0.7724358974358975 0.7814814814814814 0.7724358974358975 0.8111111111111111 0.7660256410256411 0.8185185185185185 0.7403846153846154 0.8185185185185185 0.7307692307692307 0.8074074074074075 0.7307692307692307 0.7814814814814814 0.7371794871794872 0.774074074074074 0.7403846153846154 0.774074074074074 0.7467948717948718 0.7666666666666667 0.7628205128205128 0.7666666666666667 0.7660256410256411 0.7703703703703704
1 0.44551282051282054 0.6814814814814815 0.4583333333333333 0.7037037037037037 0.4583333333333333 0.7296296296296296 0.4551282051282051 0.7333333333333333 0.4551282051282051 0.737037037037037 0.44551282051282054 0.7481481481481481 0.42628205128205127 0.7481481481481481 0.4198717948717949 0.7407407407407407 0.4166666666666667 0.7407407407407407 0.41346153846153844 0.7296296296296296 0.40705128205128205 0.7222222222222222 0.40705128205128205 0.7 0.41346153846153844 0.6925925925925925 0.4230769230769231 0.6925925925925925 0.42628205128205127 0.6888888888888889 0.42628205128205127 0.6814814814814815 0.42948717948717946 0.6777777777777778 0.4391025641025641 0.6777777777777778 0.4423076923076923 0.6814814814814815
1 0.05128205128205128 0.8148148148148148 0.057692307692307696 0.8222222222222222 0.060897435897435896 0.8222222222222222 0.07051282051282051 0.8333333333333334 0.07051282051282051 0.837037037037037 0.07371794871794872 0.8407407407407408 0.07371794871794872 0.8555555555555555 0.0641025641025641 0.8666666666666667 0.035256410256410256 0.8666666666666667 0.028846153846153848 0.8592592592592593 0.028846153846153848 0.8296296296296296 0.035256410256410256 0.8222222222222222 0.038461538461538464 0.8222222222222222 0.04487179487179487 0.8148148148148148 0.04807692307692308 0.8148148148148148
1 0.3076923076923077 0.8444444444444444 0.3141025641025641 0.8518518518518519 0.3141025641025641 0.8592592592592593 0.3173076923076923 0.8629629629629629 0.3173076923076923 0.8703703703703703 0.3076923076923077 0.8851851851851852 0.28205128205128205 0.8851851851851852 0.27884615384615385 0.8814814814814815 0.27884615384615385 0.8629629629629629 0.28205128205128205 0.8592592592592593 0.28205128205128205 0.8555555555555555 0.2916666666666667 0.8481481481481481 0.2980769230769231 0.8481481481481481 0.30128205128205127 0.8444444444444444 0.30448717948717946 0.8444444444444444
1 0.2980769230769231 0.11481481481481481 0.30128205128205127 0.11851851851851852 0.30448717948717946 0.11851851851851852 0.3141025641025641 0.12962962962962962 0.3141025641025641 0.13333333333333333 0.3173076923076923 0.13703703703703704 0.3173076923076923 0.15185185185185185 0.3141025641025641 0.15555555555555556 0.3141025641025641 0.16296296296296298 0.3076923076923077 0.17037037037037037 0.30448717948717946 0.17037037037037037 0.2948717948717949 0.17777777777777778 0.2724358974358974 0.17777777777777778 0.26282051282051283 0.16666666666666666 0.26282051282051283 0.16296296296296298 0.25961538461538464 0.15925925925925927 0.25961538461538464 0.12962962962962962 0.26282051282051283 0.1259259259259259 0.26282051282051283 0.12222222222222222 0.2692307692307692 0.11481481481481481 0.28525641025641024 0.11481481481481481 0.28846153846153844 0.11851851851851852 0.2916666666666667 0.11481481481481481 0.2948717948717949 0.11481481481481481
1 0.40705128205128205 0.12962962962962962 0.41025641025641024 0.13333333333333333 0.41025641025641024 0.15555555555555556 0.40705128205128205 0.15925925925925927 0.40705128205128205 0.16296296296296298 0.38782051282051283 0.16296296296296298 0.38461538461538464 0.15925925925925927 0.38461538461538464 0.13333333333333333 0.38782051282051283 0.12962962962962962 0.40384615384615385 0.12962962962962962
1 0.6987179487179487 0.3111111111111111 0.7019230769230769 0.3148148148148148 0.7083333333333334 0.3148148148148148 0.717948717948718 0.32592592592592595 0.7211538461538461 0.32592592592592595 0.7211538461538461 0.34814814814814815 0.717948717948718 0.35185185185185186 0.7147435897435898 0.362962962962963 0.7083333333333334 0.37037037037037035 0.6826923076923077 0.37037037037037035 0.6762820512820513 0.3592592592592593 0.6762820512820513 0.3296296296296296 0.6794871794871795 0.32592592592592595 0.6794871794871795 0.31851851851851853 0.6826923076923077 0.3148148148148148 0.6891025641025641 0.3148148148148148 0.6923076923076923 0.3111111111111111 0.6955128205128205 0.3111111111111111
1 0.6987179487179487 0.08518518518518518 0.6987179487179487 0.1111111111111111 0.6923076923076923 0.12222222222222222 0.6923076923076923 0.1259259259259259 0.6826923076923077 0.13703703703703704 0.6666666666666666 0.13703703703703704 0.6666666666666666 0.13333333333333333 0.6634615384615384 0.12962962962962962 0.6602564102564102 0.12962962962962962 0.6602564102564102 0.1259259259259259 0.6538461538461539 0.11851851851851852 0.6538461538461539 0.10740740740740741 0.657051282051282 0.1037037037037037 0.657051282051282 0.09259259259259259 0.6602564102564102 0.08888888888888889 0.6602564102564102 0.08518518518518518 0.6698717948717948 0.07777777777777778 0.6923076923076923 0.07777777777777778 0.6923076923076923 0.08148148148148149 0.6955128205128205 0.08518518518518518
1 0.6506410256410257 0.05185185185185185 0.6602564102564102 0.05925925925925926 0.6602564102564102 0.08518518518518518 0.6506410256410257 0.09259259259259259 0.6314102564102564 0.09259259259259259 0.6282051282051282 0.08888888888888889 0.625 0.08888888888888889 0.625 0.08518518518518518 0.6153846153846154 0.07777777777777778 0.6153846153846154 0.06296296296296296 0.6185897435897436 0.05925925925925926 0.6217948717948718 0.05925925925925926 0.6314102564102564 0.05185185185185185 0.6474358974358975 0.05185185185185185
1 0.9455128205128205 0.21851851851851853 0.9455128205128205 0.2222222222222222 0.9487179487179487 0.22592592592592592 0.9487179487179487 0.23703703703703705 0.9519230769230769 0.24074074074074073 0.9519230769230769 0.24814814814814815 0.9487179487179487 0.2518518518518518 0.9487179487179487 0.25555555555555554 0.9455128205128205 0.25555555555555554 0.9423076923076923 0.25925925925925924 0.9358974358974359 0.25925925925925924 0.9326923076923077 0.26296296296296295 0.9198717948717948 0.26296296296296295 0.9166666666666666 0.25925925925925924 0.9102564102564102 0.25925925925925924 0.907051282051282 0.25555555555555554 0.907051282051282 0.23703703703703705 0.9166666666666666 0.2222222222222222 0.9230769230769231 0.2222222222222222 0.9262820512820513 0.21851851851851853 0.9423076923076923 0.21851851851851853
1 0.7221362229102167 0.6725834193326454 0.04489164086687306 0.05366357069143447
1 0.5064102564102564 0.8407407407407408 0.5192307692307693 0.8555555555555555 0.5192307692307693 0.8777777777777778 0.5160256410256411 0.8814814814814815 0.5160256410256411 0.8851851851851852 0.5064102564102564 0.8888888888888888 0.5 0.8962962962962963 0.48717948717948717 0.8962962962962963 0.48717948717948717 0.8740740740740741 0.49038461538461536 0.8703703703703703 0.49038461538461536 0.8518518518518519 0.5 0.8407407407407408 0.5032051282051282 0.8407407407407408
2 0.5448717948717948 0.27037037037037037 0.5608974358974359 0.27037037037037037 0.5705128205128205 0.2814814814814815 0.5705128205128205 0.29259259259259257 0.5673076923076923 0.2962962962962963 0.5480769230769231 0.2962962962962963 0.5480769230769231 0.29259259259259257 0.5448717948717948 0.28888888888888886 0.5448717948717948 0.2740740740740741
2 0.3351393188854489 0.23075335397316823 0.017027863777089782 0.02146542827657379
2 0.46284829721362225 0.2540075679394565 0.015479876160990714 0.017887856897144824
2 0.5128205128205128 0.27037037037037037 0.5160256410256411 0.2740740740740741 0.5160256410256411 0.2851851851851852 0.5064102564102564 0.2851851851851852 0.5032051282051282 0.2814814814814815 0.5032051282051282 0.2740740740740741 0.5064102564102564 0.27037037037037037 0.5096153846153846 0.27037037037037037
2 0.4519230769230769 0.3037037037037037 0.4583333333333333 0.3037037037037037 0.46153846153846156 0.3074074074074074 0.46153846153846156 0.3148148148148148 0.4583333333333333 0.31851851851851853 0.4519230769230769 0.31851851851851853 0.4519230769230769 0.3148148148148148 0.44871794871794873 0.3111111111111111 0.4519230769230769 0.3074074074074074
2 0.6506410256410257 0.6518518518518519 0.6506410256410257 0.6370370370370371 0.6602564102564102 0.6222222222222222 0.6634615384615384 0.6222222222222222 0.6698717948717948 0.6296296296296297 0.6698717948717948 0.6370370370370371 0.6666666666666666 0.6407407407407407 0.6666666666666666 0.6481481481481481 0.6634615384615384 0.6518518518518519 0.6538461538461539 0.6518518518518519
2 0.6826923076923077 0.6037037037037037 0.6891025641025641 0.6111111111111112 0.6923076923076923 0.6111111111111112 0.6923076923076923 0.6222222222222222 0.6891025641025641 0.6259259259259259 0.6826923076923077 0.6259259259259259 0.6730769230769231 0.6148148148148148 0.6730769230769231 0.6074074074074074 0.6762820512820513 0.6037037037037037 0.6794871794871795 0.6037037037037037
2 0.5897435897435898 0.3592592592592593 0.592948717948718 0.3592592592592593 0.5961538461538461 0.35555555555555557 0.6057692307692307 0.35555555555555557 0.6089743589743589 0.3592592592592593 0.6089743589743589 0.362962962962963 0.6121794871794872 0.36666666666666664 0.6153846153846154 0.36666666666666664 0.6153846153846154 0.37407407407407406 0.6057692307692307 0.3851851851851852 0.6025641025641025 0.3851851851851852 0.5993589743589743 0.3888888888888889 0.5897435897435898 0.3888888888888889 0.5833333333333334 0.3814814814814815 0.5833333333333334 0.37037037037037035 0.5897435897435898 0.362962962962963
2 0.18653250773993799 0.5840385276917786 0.032507739938080496 0.030409356725146202
2 0.18808049535603708 0.7799105607155142 0.032507739938080496 0.032198142414860687
2 0.8312693498452012 0.7477124183006537 0.018575851393188854 0.025042999656002752
2 0.7852564102564102 0.6111111111111112 0.7884615384615384 0.6148148148148148 0.7884615384615384 0.6296296296296297 0.7852564102564102 0.6333333333333333 0.7724358974358975 0.6333333333333333 0.7692307692307693 0.6296296296296297 0.7692307692307693 0.6148148148148148 0.7756410256410257 0.6074074074074074 0.7788461538461539 0.6074074074074074 0.782051282051282 0.6111111111111112
2 0.8974358974358975 0.18888888888888888 0.9038461538461539 0.1962962962962963 0.9038461538461539 0.2037037037037037 0.9006410256410257 0.2074074074074074 0.9006410256410257 0.2111111111111111 0.8974358974358975 0.2111111111111111 0.8942307692307693 0.21481481481481482 0.8910256410256411 0.21481481481481482 0.8846153846153846 0.2074074074074074 0.8846153846153846 0.1962962962962963 0.8910256410256411 0.18888888888888888 0.8942307692307693 0.18888888888888888
2 0.7871517027863777 0.37653938768489853 0.02321981424148607 0.019676642586859305
2 0.7794117647058824 0.34613003095975237 0.032507739938080496 0.030409356725146202
2 0.9487179487179487 0.4925925925925926 0.9487179487179487 0.4962962962962963 0.9519230769230769 0.5 0.9519230769230769 0.5111111111111111 0.9487179487179487 0.5148148148148148 0.9391025641025641 0.5148148148148148 0.9358974358974359 0.5111111111111111 0.9294871794871795 0.5111111111111111 0.9294871794871795 0.5074074074074074 0.9262820512820513 0.5037037037037037 0.9262820512820513 0.4962962962962963 0.9326923076923077 0.4888888888888889 0.9423076923076923 0.4888888888888889 0.9455128205128205 0.4925925925925926
2 0.6474358974358975 0.6888888888888889 0.6506410256410257 0.6925925925925925 0.6506410256410257 0.7 0.6538461538461539 0.7037037037037037 0.6538461538461539 0.7111111111111111 0.6474358974358975 0.7185185185185186 0.6442307692307693 0.7185185185185186 0.6346153846153846 0.7111111111111111 0.6346153846153846 0.6962962962962963 0.6410256410256411 0.6888888888888889 0.6442307692307693 0.6888888888888889
2 0.375 0.3 0.3814102564102564 0.3074074074074074 0.3814102564102564 0.3296296296296296 0.3717948717948718 0.337037037037037 0.3685897435897436 0.3333333333333333 0.36538461538461536 0.3333333333333333 0.36538461538461536 0.3296296296296296 0.36217948717948717 0.32592592592592595 0.36217948717948717 0.3074074074074074 0.3685897435897436 0.3 0.3717948717948718 0.3
1 0.16987179487179488 0.17777777777777778 0.1762820512820513 0.18518518518518517 0.1762820512820513 0.1962962962962963 0.16987179487179488 0.2037037037037037 0.15705128205128205 0.2037037037037037 0.15384615384615385 0.2 0.14423076923076922 0.1962962962962963 0.14423076923076922 0.18888888888888888 0.15384615384615385 0.17407407407407408 0.16346153846153846 0.17407407407407408 0.16666666666666666 0.17777777777777778
2 0.4391025641025641 0.3333333333333333 0.44551282051282054 0.34074074074074073 0.44551282051282054 0.35185185185185186 0.4358974358974359 0.3592592592592593 0.4326923076923077 0.3592592592592593 0.4230769230769231 0.35185185185185186 0.4230769230769231 0.337037037037037 0.42628205128205127 0.3333333333333333 0.4358974358974359 0.3333333333333333
2 0.3141025641025641 0.5592592592592592 0.3141025641025641 0.562962962962963 0.3173076923076923 0.5666666666666667 0.3173076923076923 0.5814814814814815 0.3108974358974359 0.5888888888888889 0.2948717948717949 0.5888888888888889 0.2916666666666667 0.5851851851851851 0.2916666666666667 0.5703703703703704 0.2980769230769231 0.562962962962963 0.30448717948717946 0.562962962962963 0.3076923076923077 0.5592592592592592 0.3108974358974359 0.5592592592592592
1 0.09935897435897435 0.2037037037037037 0.10256410256410256 0.2074074074074074 0.10256410256410256 0.21481481481481482 0.10576923076923077 0.21851851851851853 0.10576923076923077 0.22962962962962963 0.10256410256410256 0.23333333333333334 0.10256410256410256 0.23703703703703705 0.09935897435897435 0.23703703703703705 0.09615384615384616 0.24074074074074073 0.08653846153846154 0.24074074074074073 0.07371794871794872 0.22962962962962963 0.07371794871794872 0.2111111111111111 0.08974358974358974 0.2 0.09294871794871795 0.2 0.09615384615384616 0.2037037037037037
2 0.4935897435897436 0.22592592592592592 0.5032051282051282 0.23703703703703705 0.5032051282051282 0.24074074074074073 0.5064102564102564 0.24444444444444444 0.5064102564102564 0.24814814814814815 0.5032051282051282 0.2518518518518518 0.48717948717948717 0.2518518518518518 0.4775641025641026 0.24074074074074073 0.4775641025641026 0.22962962962962963 0.4807692307692308 0.22592592592592592 0.49038461538461536 0.22592592592592592
1 0.40384615384615385 0.5444444444444444 0.40705128205128205 0.5481481481481482 0.4166666666666667 0.5481481481481482 0.4198717948717949 0.5518518518518518 0.42948717948717946 0.5518518518518518 0.4326923076923077 0.5555555555555556 0.4358974358974359 0.5740740740740741 0.4326923076923077 0.5777777777777777 0.4326923076923077 0.5814814814814815 0.4198717948717949 0.5925925925925926 0.40064102564102566 0.5925925925925926 0.391025641025641 0.5814814814814815 0.391025641025641 0.5777777777777777 0.38782051282051283 0.5740740740740741 0.38782051282051283 0.5481481481481482 0.391025641025641 0.5444444444444444 0.40064102564102566 0.5444444444444444
2 0.5641025641025641 0.5888888888888889 0.5705128205128205 0.5888888888888889 0.5801282051282052 0.5962962962962963 0.5801282051282052 0.6 0.5737179487179487 0.6074074074074074 0.5673076923076923 0.6074074074074074 0.5641025641025641 0.6037037037037037 0.5641025641025641 0.5925925925925926
2 0.4230769230769231 0.6185185185185185 0.42948717948717946 0.6185185185185185 0.4326923076923077 0.6222222222222222 0.42948717948717946 0.6259259259259259 0.42948717948717946 0.6296296296296297 0.4230769230769231 0.6296296296296297 0.4230769230769231 0.6222222222222222
2 0.4358974358974359 0.6370370370370371 0.4358974358974359 0.6481481481481481 0.42948717948717946 0.6481481481481481 0.42628205128205127 0.6444444444444445 0.42628205128205127 0.6407407407407407 0.42948717948717946 0.6370370370370371 0.4326923076923077 0.6370370370370371
2 0.34935897435897434 0.6444444444444445 0.358974358974359 0.6555555555555556 0.358974358974359 0.6592592592592592 0.3557692307692308 0.662962962962963 0.34615384615384615 0.662962962962963 0.34294871794871795 0.6592592592592592 0.33974358974358976 0.6481481481481481 0.34294871794871795 0.6444444444444445 0.34615384615384615 0.6444444444444445
2 0.34133126934984515 0.8952872377020984 0.010835913312693499 0.019676642586859305
2 0.33653846153846156 0 0.34935897435897434 0 0.358974358974359 0.007407407407407408 0.358974358974359 0.018518518518518517 0.3557692307692308 0.022222222222222223 0.33974358974358976 0.022222222222222223 0.33653846153846156 0.018518518518518517 0.33653846153846156 0.003703703703703704
1 0.3141025641025641 0.03333333333333333 0.3141025641025641 0.037037037037037035 0.32371794871794873 0.04814814814814815 0.32371794871794873 0.05555555555555555 0.32051282051282054 0.05925925925925926 0.32051282051282054 0.06296296296296296 0.3141025641025641 0.07037037037037037 0.30128205128205127 0.07037037037037037 0.2916666666666667 0.05555555555555555 0.2916666666666667 0.044444444444444446 0.30128205128205127 0.03333333333333333 0.3108974358974359 0.03333333333333333
1 0.1282051282051282 0.3037037037037037 0.1282051282051282 0.2851851851851852 0.1346153846153846 0.2740740740740741 0.15064102564102563 0.2740740740740741 0.15705128205128205 0.2814814814814815 0.15705128205128205 0.2962962962962963 0.15064102564102563 0.3074074074074074 0.1346153846153846 0.3074074074074074 0.13141025641025642 0.3037037037037037
2 0.22115384615384615 0.8851851851851852 0.22115384615384615 0.8666666666666667 0.22435897435897437 0.8629629629629629 0.22756410256410256 0.8629629629629629 0.23397435897435898 0.8703703703703703 0.23397435897435898 0.8814814814814815 0.23076923076923078 0.8851851851851852 0.22435897435897437 0.8851851851851852
1 0.23397435897435898 0.1259259259259259 0.2467948717948718 0.13703703703703704 0.2467948717948718 0.15925925925925927 0.2403846153846154 0.17037037037037037 0.22435897435897437 0.17037037037037037 0.21474358974358973 0.15925925925925927 0.21474358974358973 0.15555555555555556 0.21153846153846154 0.15185185185185185 0.21153846153846154 0.13703703703703704 0.21794871794871795 0.12962962962962962 0.22435897435897437 0.12962962962962962 0.22756410256410256 0.1259259259259259 0.23076923076923078 0.1259259259259259
2 0.6891025641025641 0.4666666666666667 0.6923076923076923 0.4666666666666667 0.6955128205128205 0.4703703703703704 0.6955128205128205 0.48148148148148145 0.6858974358974359 0.48148148148148145 0.6858974358974359 0.4740740740740741 0.6891025641025641 0.4703703703703704
2 0.7307692307692307 0.9074074074074074 0.7371794871794872 0.9074074074074074 0.7435897435897436 0.9185185185185185 0.7435897435897436 0.9296296296296296 0.7403846153846154 0.9333333333333333 0.7339743589743589 0.9333333333333333 0.7275641025641025 0.9259259259259259 0.7275641025641025 0.9148148148148149 0.7307692307692307 0.9111111111111111
1 0.8173076923076923 0.6370370370370371 0.8269230769230769 0.6370370370370371 0.8301282051282052 0.6407407407407407 0.8365384615384616 0.6407407407407407 0.8397435897435898 0.6444444444444445 0.842948717948718 0.6444444444444445 0.842948717948718 0.6592592592592592 0.8365384615384616 0.6666666666666666 0.8237179487179487 0.6666666666666666 0.8141025641025641 0.6592592592592592 0.8141025641025641 0.6481481481481481 0.8173076923076923 0.6444444444444445 0.8173076923076923 0.6407407407407407
1 0.2708978328173374 0.27368421052631575 0.04024767801857586 0.04650842793257654
1 0.07692307692307693 0.1037037037037037 0.08012820512820513 0.10740740740740741 0.09935897435897435 0.10740740740740741 0.09935897435897435 0.1111111111111111 0.10256410256410256 0.11481481481481481 0.10256410256410256 0.13333333333333333 0.09935897435897435 0.13703703703703704 0.09935897435897435 0.14074074074074075 0.08012820512820513 0.16296296296296298 0.060897435897435896 0.16296296296296298 0.057692307692307696 0.15925925925925927 0.057692307692307696 0.14814814814814814 0.060897435897435896 0.14444444444444443 0.060897435897435896 0.12222222222222222 0.0673076923076923 0.11481481481481481 0.0673076923076923 0.1111111111111111 0.07051282051282051 0.10740740740740741 0.07371794871794872 0.10740740740740741
1 0.09615384615384616 0.6222222222222222 0.09615384615384616 0.6259259259259259 0.10576923076923077 0.6370370370370371 0.10576923076923077 0.6481481481481481 0.10256410256410256 0.6481481481481481 0.09615384615384616 0.6555555555555556 0.08653846153846154 0.6555555555555556 0.08333333333333333 0.6518518518518519 0.08012820512820513 0.6518518518518519 0.07692307692307693 0.6481481481481481 0.07692307692307693 0.6407407407407407 0.07371794871794872 0.6370370370370371 0.07371794871794872 0.6259259259259259 0.08012820512820513 0.6185185185185185 0.08974358974358974 0.6185185185185185 0.09294871794871795 0.6222222222222222
2 0.3525641025641026 0.46296296296296297 0.3525641025641026 0.4777777777777778 0.34615384615384615 0.4777777777777778 0.34294871794871795 0.4740740740740741 0.34294871794871795 0.4666666666666667 0.34615384615384615 0.46296296296296297 0.34935897435897434 0.46296296296296297
2 0.21474358974358973 0.5518518518518518 0.22115384615384615 0.5518518518518518 0.22115384615384615 0.5592592592592592 0.22435897435897437 0.562962962962963 0.22115384615384615 0.5666666666666667 0.21474358974358973 0.5666666666666667 0.21474358974358973 0.5555555555555556
2 0.1282051282051282 0.45555555555555555 0.1346153846153846 0.46296296296296297 0.1346153846153846 0.4703703703703704 0.125 0.4703703703703704 0.125 0.45925925925925926
2 0.6122291021671826 0.22717578259373924 0.013931888544891642 0.014310285517715859
2 0.6185897435897436 0.24074074074074073 0.6185897435897436 0.24814814814814815 0.6089743589743589 0.24814814814814815 0.6089743589743589 0.24074074074074073 0.6153846153846154 0.24074074074074073
2 0.5820433436532507 0.2343309253525972 0.01238390092879257 0.010732714138286895
2 0.5719814241486068 0.252218782249742 0.013931888544891642 0.017887856897144824
2 0.6331269349845201 0.20571035431716547 0.01238390092879257 0.014310285517715859
2 0.5890092879256965 0.4167870657034744 0.010835913312693499 0.010732714138286895
2 0.5192307692307693 0.6148148148148148 0.5288461538461539 0.6222222222222222 0.5288461538461539 0.6296296296296297 0.5160256410256411 0.6296296296296297 0.5096153846153846 0.6185185185185185 0.5128205128205128 0.6148148148148148 0.5160256410256411 0.6148148148148148
2 0.30128205128205127 0.9777777777777777 0.30128205128205127 0.9666666666666667 0.30448717948717946 0.9629629629629629 0.3141025641025641 0.9629629629629629 0.3173076923076923 0.9666666666666667 0.3173076923076923 0.9740740740740741 0.3141025641025641 0.9777777777777777 0.30448717948717946 0.9777777777777777
1 0.016025641025641024 0.7296296296296296 0.035256410256410256 0.7296296296296296 0.038461538461538464 0.7333333333333333 0.038461538461538464 0.7444444444444445 0.035256410256410256 0.7481481481481481 0.035256410256410256 0.7555555555555555 0.028846153846153848 0.762962962962963 0.022435897435897436 0.762962962962963 0.016025641025641024 0.7555555555555555 0.016025641025641024 0.7518518518518519 0.01282051282051282 0.7481481481481481 0.01282051282051282 0.737037037037037 0.016025641025641024 0.7333333333333333
2 0.43885448916408665 0.37564499484004127 0.010835913312693499 0.014310285517715859
2 0.42801857585139313 0.3935328517371861 0.010835913312693499 0.014310285517715859
2 0.4496904024767801 0.44004127966976264 0.010835913312693499 0.014310285517715859
2 0.44871794871794873 0.45555555555555555 0.44871794871794873 0.4703703703703704 0.4423076923076923 0.4703703703703704 0.4391025641025641 0.4666666666666667 0.4391025641025641 0.45925925925925926 0.4423076923076923 0.45555555555555555 0.44551282051282054 0.45555555555555555
2 0.39086687306501544 0.4015823873409013 0.007739938080495357 0.012521499828001376
2 0.375 0.4074074074074074 0.3782051282051282 0.4111111111111111 0.38461538461538464 0.4111111111111111 0.38461538461538464 0.4185185185185185 0.3814102564102564 0.4222222222222222 0.375 0.4222222222222222 0.375 0.4111111111111111
2 0.2692307692307692 0.362962962962963 0.2692307692307692 0.37407407407407406 0.26282051282051283 0.37407407407407406 0.25961538461538464 0.37037037037037035 0.25961538461538464 0.36666666666666664 0.26282051282051283 0.362962962962963 0.266025641025641 0.362962962962963
2 0.1891025641025641 0.4962962962962963 0.1987179487179487 0.4962962962962963 0.20192307692307693 0.5 0.1955128205128205 0.5074074074074074 0.1891025641025641 0.5074074074074074 0.1891025641025641 0.5
2 0.6377708978328173 0.9498452012383902 0.01238390092879257 0.017887856897144824
2 0.5897435897435898 0.43703703703703706 0.592948717948718 0.44074074074074077 0.592948717948718 0.4444444444444444 0.5865384615384616 0.45185185185185184 0.5769230769230769 0.44814814814814813 0.5769230769230769 0.44074074074074077 0.5865384615384616 0.43703703703703706
2 0.6025641025641025 0.45185185185185184 0.6089743589743589 0.45185185185185184 0.6121794871794872 0.45555555555555555 0.6153846153846154 0.45555555555555555 0.6153846153846154 0.4703703703703704 0.6025641025641025 0.4703703703703704 0.6025641025641025 0.45555555555555555
2 0.5865384615384616 0.5 0.5865384615384616 0.5074074074074074 0.5801282051282052 0.5148148148148148 0.5769230769230769 0.5037037037037037 0.5801282051282052 0.5 0.5833333333333334 0.5
2 0.48717948717948717 0.4111111111111111 0.48717948717948717 0.4148148148148148 0.5 0.42592592592592593 0.5 0.42962962962962964 0.4967948717948718 0.43333333333333335 0.49038461538461536 0.43333333333333335 0.48717948717948717 0.42962962962962964 0.483974358974359 0.42962962962962964 0.483974358974359 0.42592592592592593 0.4775641025641026 0.4185185185185185 0.4775641025641026 0.4111111111111111 0.483974358974359 0.4111111111111111
1 0.4434984520123839 0.5357413140694874 0.047987616099071206 0.04114207086343309
1 0.05448717948717949 0.25925925925925924 0.057692307692307696 0.26296296296296295 0.060897435897435896 0.26296296296296295 0.07051282051282051 0.2740740740740741 0.07051282051282051 0.2777777777777778 0.07371794871794872 0.2814814814814815 0.07371794871794872 0.29259259259259257 0.07051282051282051 0.2962962962962963 0.0641025641025641 0.2962962962962963 0.060897435897435896 0.3 0.04487179487179487 0.3 0.041666666666666664 0.2962962962962963 0.035256410256410256 0.2962962962962963 0.028846153846153848 0.28888888888888886 0.028846153846153848 0.2777777777777778 0.03205128205128205 0.2740740740740741 0.03205128205128205 0.27037037037037037 0.041666666666666664 0.25925925925925924 0.05128205128205128 0.25925925925925924
1 0.25 0.3 0.2564102564102564 0.3074074074074074 0.2564102564102564 0.3111111111111111 0.266025641025641 0.31851851851851853 0.266025641025641 0.32592592592592595 0.25961538461538464 0.337037037037037 0.2467948717948718 0.337037037037037 0.23397435897435898 0.32222222222222224 0.23397435897435898 0.31851851851851853 0.23076923076923078 0.3148148148148148 0.23076923076923078 0.3 0.23397435897435898 0.2962962962962963 0.24358974358974358 0.2962962962962963 0.2467948717948718 0.3
1 0.5801282051282052 0.6 0.5897435897435898 0.6 0.592948717948718 0.6037037037037037 0.592948717948718 0.6111111111111112 0.5993589743589743 0.6222222222222222 0.5993589743589743 0.6370370370370371 0.592948717948718 0.6481481481481481 0.5865384615384616 0.6481481481481481 0.5833333333333334 0.6518518518518519 0.5544871794871795 0.6518518518518519 0.5480769230769231 0.6444444444444445 0.5480769230769231 0.6370370370370371 0.5512820512820513 0.6333333333333333 0.5448717948717948 0.6259259259259259 0.5448717948717948 0.6185185185185185 0.5512820512820513 0.6074074074074074 0.5576923076923077 0.6074074074074074 0.5608974358974359 0.6111111111111112 0.5769230769230769 0.6111111111111112 0.5801282051282052 0.6074074074074074 0.5801282051282052 0.6037037037037037
2 0.6891025641025641 0.8592592592592593 0.6923076923076923 0.8629629629629629 0.6923076923076923 0.8777777777777778 0.6891025641025641 0.8814814814814815 0.6794871794871795 0.8777777777777778 0.6794871794871795 0.8592592592592593 0.6858974358974359 0.8592592592592593
2 0.6538461538461539 0.8518518518518519 0.6634615384615384 0.8518518518518519 0.6634615384615384 0.8555555555555555 0.6666666666666666 0.8592592592592593 0.6634615384615384 0.8629629629629629 0.657051282051282 0.8629629629629629 0.6538461538461539 0.8592592592592593 0.6538461538461539 0.8555555555555555
2 0.6826923076923077 0.8333333333333334 0.6987179487179487 0.8333333333333334 0.7019230769230769 0.837037037037037 0.7019230769230769 0.8481481481481481 0.6987179487179487 0.8518518518518519 0.6891025641025641 0.8518518518518519 0.6858974358974359 0.8481481481481481 0.6826923076923077 0.8481481481481481 0.6826923076923077 0.837037037037037
2 0.845201238390093 0.7951152390780873 0.018575851393188854 0.02325421396628827
2 0.8653846153846154 0.7555555555555555 0.8653846153846154 0.7592592592592593 0.8685897435897436 0.762962962962963 0.8653846153846154 0.7666666666666667 0.8653846153846154 0.7703703703703704 0.8589743589743589 0.7703703703703704 0.8557692307692307 0.7666666666666667 0.8557692307692307 0.7592592592592593 0.8589743589743589 0.7555555555555555 0.8621794871794872 0.7555555555555555
2 0.8814102564102564 0.7703703703703704 0.8846153846153846 0.774074074074074 0.8846153846153846 0.7851851851851852 0.8814102564102564 0.7888888888888889 0.8814102564102564 0.7925925925925926 0.8717948717948718 0.7925925925925926 0.8717948717948718 0.7888888888888889 0.8685897435897436 0.7851851851851852 0.8717948717948718 0.774074074074074 0.875 0.7703703703703704 0.8782051282051282 0.7703703703703704
2 0.7964396284829721 0.9534227726178192 0.02012383900928793 0.025042999656002752
2 0.6955128205128205 0.9407407407407408 0.6891025641025641 0.9333333333333333 0.6891025641025641 0.9222222222222223 0.6923076923076923 0.9185185185185185 0.7019230769230769 0.9185185185185185 0.7051282051282052 0.9222222222222223 0.7051282051282052 0.9296296296296296 0.7019230769230769 0.9333333333333333 0.7019230769230769 0.937037037037037 0.6987179487179487 0.937037037037037
2 0.8900928792569659 0.9355349157206743 0.02476780185758514 0.02146542827657379
2 0.8461538461538461 0.9777777777777777 0.8493589743589743 0.9814814814814815 0.8493589743589743 0.9925925925925926 0.8461538461538461 0.9962962962962963 0.8397435897435898 0.9962962962962963 0.8397435897435898 0.9925925925925926 0.8365384615384616 0.9888888888888889 0.8365384615384616 0.9814814814814815 0.8397435897435898 0.9777777777777777 0.842948717948718 0.9777777777777777
2 0.7453560371517027 0.8469900240798074 0.010835913312693499 0.012521499828001376
2 0.7190402476780187 0.8702442380460956 0.010835913312693499 0.016099071207430343
1 0.3782051282051282 0.6962962962962963 0.3814102564102564 0.7 0.3814102564102564 0.7185185185185186 0.3717948717948718 0.725925925925926 0.36538461538461536 0.725925925925926 0.36217948717948717 0.7222222222222222 0.358974358974359 0.7222222222222222 0.34615384615384615 0.7037037037037037 0.34615384615384615 0.6962962962962963 0.34935897435897434 0.6925925925925925 0.3717948717948718 0.6925925925925925 0.375 0.6962962962962963
2 0.4582043343653251 0.16367389060887513 0.021671826625386997 0.019676642586859305
2 0.46474358974358976 0.17777777777777778 0.46474358974358976 0.18888888888888888 0.4519230769230769 0.18888888888888888 0.4519230769230769 0.17777777777777778 0.4551282051282051 0.17407407407407408 0.4583333333333333 0.17407407407407408 0.46153846153846156 0.17777777777777778
2 0.483974358974359 0.18518518518518517 0.48717948717948717 0.18888888888888888 0.48717948717948717 0.1925925925925926 0.483974358974359 0.1962962962962963 0.47435897435897434 0.1962962962962963 0.47435897435897434 0.18888888888888888 0.4775641025641026 0.18518518518518517 0.4807692307692308 0.18518518518518517
2 0.42628205128205127 0.21481481481481482 0.42948717948717946 0.21851851851851853 0.4326923076923077 0.21851851851851853 0.4326923076923077 0.22962962962962963 0.42948717948717946 0.23333333333333334 0.4198717948717949 0.23333333333333334 0.4198717948717949 0.2222222222222222 0.4230769230769231 0.21851851851851853
2 0.4551083591331269 0.09927760577915377 0.01238390092879257 0.016099071207430343
1 0.5410216718266253 0.09212246302029584 0.03560371517027864 0.03756449948400413
1 0.1955128205128205 0.1259259259259259 0.20192307692307693 0.13703703703703704 0.20192307692307693 0.14444444444444443 0.1987179487179487 0.14814814814814814 0.1987179487179487 0.15185185185185185 0.1955128205128205 0.15185185185185185 0.19230769230769232 0.15555555555555556 0.19230769230769232 0.15925925925925927 0.1891025641025641 0.15925925925925927 0.1858974358974359 0.16296296296296298 0.1762820512820513 0.16296296296296298 0.16666666666666666 0.15555555555555556 0.16025641025641027 0.15555555555555556 0.15705128205128205 0.15185185185185185 0.15705128205128205 0.13703703703703704 0.16666666666666666 0.12222222222222222 0.17307692307692307 0.12222222222222222 0.1762820512820513 0.11851851851851852 0.1858974358974359 0.11851851851851852 0.19230769230769232 0.1259259259259259
2 0.22756410256410256 0.05185185185185185 0.23076923076923078 0.05555555555555555 0.23076923076923078 0.05925925925925926 0.22756410256410256 0.06296296296296296 0.22756410256410256 0.06666666666666667 0.22435897435897437 0.06666666666666667 0.22115384615384615 0.07037037037037037 0.21794871794871795 0.06666666666666667 0.21794871794871795 0.05555555555555555 0.22115384615384615 0.05185185185185185 0.22435897435897437 0.05185185185185185
2 0.1891025641025641 0.09259259259259259 0.20833333333333334 0.09259259259259259 0.20833333333333334 0.0962962962962963 0.21153846153846154 0.1 0.21153846153846154 0.1111111111111111 0.20833333333333334 0.1111111111111111 0.20512820512820512 0.11481481481481481 0.1955128205128205 0.11481481481481481 0.19230769230769232 0.1111111111111111 0.1858974358974359 0.1111111111111111 0.1858974358974359 0.1 0.1891025641025641 0.0962962962962963
2 0.13312693498452013 0.22002063983488132 0.018575851393188854 0.02146542827657379
2 0.038461538461538464 0.42962962962962964 0.041666666666666664 0.43333333333333335 0.041666666666666664 0.43703703703703706 0.038461538461538464 0.44074074074074077 0.028846153846153848 0.44074074074074077 0.028846153846153848 0.43333333333333335 0.03205128205128205 0.42962962962962964 0.035256410256410256 0.42962962962962964
2 0.019230769230769232 0.3925925925925926 0.02564102564102564 0.3925925925925926 0.028846153846153848 0.3962962962962963 0.028846153846153848 0.4 0.02564102564102564 0.40370370370370373 0.019230769230769232 0.40370370370370373 0.019230769230769232 0.3962962962962963
2 0.07120743034055721 0.37564499484004127 0.01238390092879257 0.014310285517715859
2 0.13157894736842096 0.34970760233918136 0.015479876160990714 0.016099071207430343
2 0.028846153846153848 0.22962962962962963 0.041666666666666664 0.22962962962962963 0.041666666666666664 0.24074074074074073 0.038461538461538464 0.24444444444444444 0.03205128205128205 0.24444444444444444 0.028846153846153848 0.24074074074074073 0.028846153846153848 0.23333333333333334
2 0.20192307692307693 0.1962962962962963 0.21153846153846154 0.1962962962962963 0.21474358974358973 0.2 0.21474358974358973 0.2037037037037037 0.21153846153846154 0.2037037037037037 0.20833333333333334 0.2074074074074074 0.20512820512820512 0.2074074074074074 0.20192307692307693 0.2037037037037037 0.20192307692307693 0.2
2 0.1987179487179487 0.2037037037037037 0.20833333333333334 0.21481481481481482 0.20512820512820512 0.21851851851851853 0.1891025641025641 0.21481481481481482 0.1891025641025641 0.2074074074074074 0.19230769230769232 0.2037037037037037 0.1955128205128205 0.2037037037037037
2 0.1795665634674922 0.5572067423460613 0.015479876160990714 0.012521499828001376
2 0.038461538461538464 0.4703703703703704 0.038461538461538464 0.4666666666666667 0.035256410256410256 0.46296296296296297 0.035256410256410256 0.45555555555555555 0.038461538461538464 0.45185185185185184 0.041666666666666664 0.45185185185185184 0.041666666666666664 0.45555555555555555 0.04487179487179487 0.45925925925925926 0.04487179487179487 0.4666666666666667 0.041666666666666664 0.4703703703703704
2 0.16987179487179488 0.2851851851851852 0.1762820512820513 0.2851851851851852 0.1794871794871795 0.28888888888888886 0.1794871794871795 0.2962962962962963 0.1762820512820513 0.3 0.16987179487179488 0.3 0.16666666666666666 0.2962962962962963 0.16666666666666666 0.29259259259259257 0.16987179487179488 0.28888888888888886
2 0.09935897435897435 0.25925925925925924 0.09935897435897435 0.27037037037037037 0.09294871794871795 0.2777777777777778 0.08974358974358974 0.2777777777777778 0.08333333333333333 0.27037037037037037 0.08333333333333333 0.26296296296296295 0.08653846153846154 0.25925925925925924 0.09615384615384616 0.25925925925925924
1 0.12179487179487179 0.6370370370370371 0.14743589743589744 0.6370370370370371 0.16025641025641027 0.6555555555555556 0.16025641025641027 0.662962962962963 0.14423076923076922 0.674074074074074 0.14102564102564102 0.6703703703703704 0.13782051282051283 0.6703703703703704 0.1346153846153846 0.6666666666666666 0.1282051282051282 0.6666666666666666 0.125 0.662962962962963 0.125 0.6592592592592592 0.11858974358974358 0.6481481481481481 0.11858974358974358 0.6444444444444445 0.12179487179487179 0.6407407407407407
1 0.04487179487179487 0.6666666666666666 0.05448717948717949 0.6666666666666666 0.057692307692307696 0.6703703703703704 0.060897435897435896 0.6703703703703704 0.0673076923076923 0.6814814814814815 0.0673076923076923 0.6962962962962963 0.0641025641025641 0.6962962962962963 0.060897435897435896 0.7 0.04487179487179487 0.7 0.041666666666666664 0.6962962962962963 0.041666666666666664 0.674074074074074 0.04487179487179487 0.6703703703703704
2 0.4198717948717949 0.7851851851851852 0.4198717948717949 0.7925925925925926 0.4166666666666667 0.7962962962962963 0.41025641025641024 0.7962962962962963 0.41025641025641024 0.7888888888888889 0.41346153846153844 0.7851851851851852 0.4166666666666667 0.7851851851851852
2 0.8237179487179487 0.3888888888888889 0.8237179487179487 0.3851851851851852 0.8205128205128205 0.3814814814814815 0.8205128205128205 0.37407407407407406 0.8269230769230769 0.36666666666666664 0.8365384615384616 0.36666666666666664 0.8461538461538461 0.3814814814814815 0.8461538461538461 0.3851851851851852 0.842948717948718 0.3888888888888889 0.8269230769230769 0.3888888888888889
2 0.8044871794871795 0.3814814814814815 0.8141025641025641 0.37777777777777777 0.8237179487179487 0.3888888888888889 0.8237179487179487 0.3962962962962963 0.8012820512820513 0.3962962962962963 0.8012820512820513 0.3888888888888889 0.8044871794871795 0.3851851851851852
2 0.6153250773993808 0.5348469212246302 0.02012383900928793 0.02146542827657379
1 0.3814102564102564 0.05925925925925926 0.38461538461538464 0.06296296296296296 0.3974358974358974 0.06296296296296296 0.40064102564102566 0.06666666666666667 0.3942307692307692 0.08518518518518518 0.38461538461538464 0.0962962962962963 0.3685897435897436 0.09259259259259259 0.36217948717948717 0.08518518518518518 0.36217948717948717 0.07407407407407407 0.36538461538461536 0.07037037037037037 0.36538461538461536 0.06666666666666667 0.3685897435897436 0.06296296296296296 0.3782051282051282 0.05925925925925926
1 0.9427244582043344 0.6385964912280703 0.030959752321981428 0.03577571379428965
1 0.6282051282051282 0.9111111111111111 0.6314102564102564 0.9148148148148149 0.6314102564102564 0.9333333333333333 0.6282051282051282 0.937037037037037 0.625 0.937037037037037 0.6217948717948718 0.9333333333333333 0.6185897435897436 0.9333333333333333 0.6153846153846154 0.937037037037037 0.6057692307692307 0.937037037037037 0.592948717948718 0.9222222222222223 0.592948717948718 0.9148148148148149 0.5993589743589743 0.9074074074074074 0.6217948717948718 0.9074074074074074 0.625 0.9111111111111111
1 0.8910256410256411 0.8111111111111111 0.8910256410256411 0.8296296296296296 0.8878205128205128 0.8333333333333334 0.875 0.8333333333333334 0.8717948717948718 0.8296296296296296 0.8685897435897436 0.8296296296296296 0.8685897435897436 0.8148148148148148 0.8717948717948718 0.8111111111111111 0.8878205128205128 0.8111111111111111
1 0.7339743589743589 0.9666666666666667 0.7403846153846154 0.9777777777777777 0.7403846153846154 0.9888888888888889 0.7371794871794872 0.9925925925925926 0.7243589743589743 0.9925925925925926 0.7211538461538461 0.9888888888888889 0.7211538461538461 0.9851851851851852 0.7243589743589743 0.9814814814814815 0.7243589743589743 0.9703703703703703 0.7275641025641025 0.9666666666666667 0.7307692307692307 0.9666666666666667
2 0.4326923076923077 0.937037037037037 0.4423076923076923 0.9444444444444444 0.4391025641025641 0.9481481481481482 0.42948717948717946 0.9481481481481482 0.42948717948717946 0.9407407407407408
2 0.07371794871794872 0.7666666666666667 0.08333333333333333 0.7666666666666667 0.08333333333333333 0.774074074074074 0.08012820512820513 0.7777777777777778 0.07371794871794872 0.7777777777777778 0.07371794871794872 0.7703703703703704
2 0.24358974358974358 0.45555555555555555 0.2564102564102564 0.45555555555555555 0.25961538461538464 0.45925925925925926 0.25961538461538464 0.4666666666666667 0.2564102564102564 0.4703703703703704 0.2467948717948718 0.4703703703703704 0.24358974358974358 0.4666666666666667 0.24358974358974358 0.45925925925925926
2 0.657051282051282 0.15185185185185185 0.657051282051282 0.16296296296296298 0.6442307692307693 0.16296296296296298 0.6410256410256411 0.15925925925925927 0.6410256410256411 0.15185185185185185 0.6442307692307693 0.15185185185185185 0.6474358974358975 0.14814814814814814 0.6506410256410257 0.14814814814814814 0.6538461538461539 0.15185185185185185
2 0.6393188854489165 0.23343653250773994 0.009287925696594427 0.012521499828001376
2 0.5961538461538461 0.3111111111111111 0.6025641025641025 0.3111111111111111 0.6025641025641025 0.32222222222222224 0.5961538461538461 0.32222222222222224 0.5961538461538461 0.3148148148148148
2 0.657051282051282 0.26666666666666666 0.6634615384615384 0.26666666666666666 0.6634615384615384 0.2777777777777778 0.657051282051282 0.2777777777777778 0.657051282051282 0.27037037037037037
1 0.5534055727554179 0.32555899552803574 0.03869969040247678 0.03935328517371861
2 0.13782051282051283 0.562962962962963 0.14102564102564102 0.5666666666666667 0.14102564102564102 0.5777777777777777 0.13782051282051283 0.5814814814814815 0.1282051282051282 0.5814814814814815 0.125 0.5777777777777777 0.1282051282051282 0.5666666666666667 0.13141025641025642 0.562962962962963 0.1346153846153846 0.562962962962963
2 0.13141025641025642 0.5407407407407407 0.14423076923076922 0.5407407407407407 0.14743589743589744 0.5444444444444444 0.14743589743589744 0.5518518518518518 0.15064102564102563 0.5555555555555556 0.14743589743589744 0.5666666666666667 0.13782051282051283 0.5666666666666667 0.13141025641025642 0.5592592592592592 0.13141025641025642 0.5444444444444444
1 0.5325077399380804 0.5035431716546268 0.027863777089783284 0.04829721362229103