0 0.21474358974358973 0.7268041237113402 0.22435897435897437 0.7422680412371134 0.22435897435897437 0.7474226804123711 0.23076923076923078 0.7628865979381443 0.23076923076923078 0.7731958762886598 0.23397435897435898 0.7783505154639175 0.23397435897435898 0.8092783505154639 0.23076923076923078 0.8144329896907216 0.23076923076923078 0.8195876288659794 0.22435897435897437 0.8298969072164949 0.22115384615384615 0.8298969072164949 0.21794871794871795 0.8350515463917526 0.19230769230769232 0.8350515463917526 0.1858974358974359 0.8247422680412371 0.1858974358974359 0.8195876288659794 0.18269230769230768 0.8144329896907216 0.18269230769230768 0.8041237113402062 0.1794871794871795 0.7989690721649485 0.1794871794871795 0.788659793814433 0.1762820512820513 0.7835051546391752 0.1762820512820513 0.7422680412371134 0.1858974358974359 0.7268041237113402 0.1891025641025641 0.7268041237113402 0.19230769230769232 0.7216494845360825 0.20833333333333334 0.7216494845360825 0.21153846153846154 0.7268041237113402
0 0.6450261780104711 0.2281858908619852 0.058638743455497376 0.11282992389485616
0 0.4326923076923077 0.07216494845360824 0.4423076923076923 0.08762886597938144 0.4519230769230769 0.08762886597938144 0.4551282051282051 0.09278350515463918 0.4551282051282051 0.0979381443298969 0.4583333333333333 0.10309278350515463 0.46153846153846156 0.11855670103092783 0.47435897435897434 0.13917525773195877 0.47435897435897434 0.15463917525773196 0.46474358974358976 0.16494845360824742 0.42628205128205127 0.16494845360824742 0.4230769230769231 0.15979381443298968 0.41346153846153844 0.15463917525773196 0.38782051282051283 0.1134020618556701 0.38782051282051283 0.08247422680412371 0.3942307692307692 0.06701030927835051 0.3974358974358974 0.06701030927835051 0.40064102564102566 0.061855670103092786 0.4166666666666667 0.061855670103092786 0.4198717948717949 0.06701030927835051 0.42628205128205127 0.06701030927835051 0.42948717948717946 0.07216494845360824
0 0.6538461538461539 0.4484536082474227 0.6666666666666666 0.4690721649484536 0.6666666666666666 0.4742268041237113 0.6730769230769231 0.4896907216494845 0.6730769230769231 0.5309278350515464 0.6666666666666666 0.5412371134020618 0.6506410256410257 0.5412371134020618 0.6474358974358975 0.5360824742268041 0.6346153846153846 0.5360824742268041 0.6314102564102564 0.5309278350515464 0.6314102564102564 0.5154639175257731 0.6282051282051282 0.5103092783505154 0.6282051282051282 0.5 0.6217948717948718 0.4845360824742268 0.6217948717948718 0.4484536082474227 0.6282051282051282 0.4381443298969072 0.6442307692307693 0.4381443298969072 0.6506410256410257 0.4484536082474227
1 0.7692307692307693 0.10309278350515463 0.7692307692307693 0.0979381443298969 0.7660256410256411 0.09278350515463918 0.7660256410256411 0.08247422680412371 0.7628205128205128 0.07731958762886598 0.7628205128205128 0.05670103092783505 0.7724358974358975 0.041237113402061855 0.782051282051282 0.041237113402061855 0.7884615384615384 0.05154639175257732 0.7884615384615384 0.05670103092783505 0.7916666666666666 0.061855670103092786 0.7916666666666666 0.07216494845360824 0.7948717948717948 0.07731958762886598 0.7948717948717948 0.08762886597938144 0.7884615384615384 0.10309278350515463 0.7852564102564102 0.10309278350515463 0.782051282051282 0.10824742268041238 0.7756410256410257 0.10824742268041238 0.7724358974358975 0.10309278350515463
1 0.6115183246073298 0.8420143574242996 0.0356020942408377 0.07072920602364118
1 0.5961538461538461 0.9329896907216495 0.6089743589743589 0.9536082474226805 0.6089743589743589 0.9896907216494846 0.6057692307692307 0.9948453608247423 0.5737179487179487 0.9948453608247423 0.5705128205128205 0.9896907216494846 0.5705128205128205 0.9587628865979382 0.5737179487179487 0.9536082474226805 0.5737179487179487 0.9484536082474226 0.5833333333333334 0.9329896907216495 0.592948717948718 0.9329896907216495
1 0.37801047120418846 0.7990716251956604 0.0418848167539267 0.07241323473848978
1 0.5833333333333334 0.33505154639175255 0.5865384615384616 0.3402061855670103 0.5897435897435898 0.3402061855670103 0.5897435897435898 0.34536082474226804 0.592948717948718 0.35051546391752575 0.592948717948718 0.36597938144329895 0.5961538461538461 0.3711340206185567 0.5961538461538461 0.3917525773195876 0.5865384615384616 0.4072164948453608 0.5769230769230769 0.4072164948453608 0.5673076923076923 0.3917525773195876 0.5673076923076923 0.38144329896907214 0.5641025641025641 0.37628865979381443 0.5641025641025641 0.35051546391752575 0.5705128205128205 0.3402061855670103 0.5801282051282052 0.33505154639175255
1 0.6083769633507854 0.45216170993684895 0.033507853403141365 0.06230906244939818
1 0.7115384615384616 0.12371134020618557 0.717948717948718 0.13402061855670103 0.717948717948718 0.13917525773195877 0.7211538461538461 0.14432989690721648 0.7211538461538461 0.15463917525773196 0.7243589743589743 0.15979381443298968 0.7211538461538461 0.17525773195876287 0.717948717948718 0.18041237113402062 0.7019230769230769 0.18041237113402062 0.6955128205128205 0.17010309278350516 0.6955128205128205 0.16494845360824742 0.6923076923076923 0.15979381443298968 0.6923076923076923 0.13917525773195877 0.6955128205128205 0.13402061855670103 0.6955128205128205 0.12886597938144329 0.6987179487179487 0.12371134020618557 0.7083333333333334 0.12371134020618557
1 0.6955128205128205 0.9020618556701031 0.7019230769230769 0.9175257731958762 0.7019230769230769 0.9432989690721649 0.6987179487179487 0.9484536082474226 0.6987179487179487 0.9536082474226805 0.6955128205128205 0.9536082474226805 0.6858974358974359 0.9639175257731959 0.6826923076923077 0.9639175257731959 0.6730769230769231 0.9484536082474226 0.6730769230769231 0.9123711340206185 0.6826923076923077 0.9020618556701031 0.6923076923076923 0.9020618556701031
1 0.11538461538461539 0.6855670103092784 0.12179487179487179 0.6958762886597938 0.12179487179487179 0.7268041237113402 0.11858974358974358 0.7319587628865979 0.11858974358974358 0.7371134020618557 0.11538461538461539 0.7371134020618557 0.10576923076923077 0.7474226804123711 0.08974358974358974 0.7474226804123711 0.08333333333333333 0.7371134020618557 0.08333333333333333 0.7061855670103093 0.08974358974358974 0.6958762886597938 0.08974358974358974 0.6907216494845361 0.09294871794871795 0.6907216494845361 0.09615384615384616 0.6855670103092784 0.11217948717948718 0.6855670103092784
1 0.25961538461538464 0.422680412371134 0.2692307692307692 0.4381443298969072 0.2692307692307692 0.4690721649484536 0.25961538461538464 0.4845360824742268 0.24358974358974358 0.4845360824742268 0.2403846153846154 0.4793814432989691 0.23717948717948717 0.4793814432989691 0.23397435897435898 0.4742268041237113 0.23397435897435898 0.4639175257731959 0.23076923076923078 0.4587628865979381 0.23076923076923078 0.4484536082474227 0.2403846153846154 0.422680412371134 0.2467948717948718 0.422680412371134 0.25 0.4175257731958763 0.2532051282051282 0.4175257731958763 0.2564102564102564 0.422680412371134
1 0.035256410256410256 0.3402061855670103 0.035256410256410256 0.33505154639175255 0.028846153846153848 0.3247422680412371 0.028846153846153848 0.28865979381443296 0.035256410256410256 0.27835051546391754 0.05128205128205128 0.27835051546391754 0.05448717948717949 0.28350515463917525 0.060897435897435896 0.28350515463917525 0.07051282051282051 0.29896907216494845 0.07051282051282051 0.32989690721649484 0.0641025641025641 0.3402061855670103 0.060897435897435896 0.3402061855670103 0.057692307692307696 0.34536082474226804 0.041666666666666664 0.34536082474226804 0.038461538461538464 0.3402061855670103
1 0.22435897435897437 0 0.22756410256410256 0.005154639175257732 0.22756410256410256 0.02577319587628866 0.21794871794871795 0.041237113402061855 0.1955128205128205 0.041237113402061855 0.19230769230769232 0.03608247422680412 0.1891025641025641 0.03608247422680412 0.18269230769230768 0.020618556701030927 0.18269230769230768 0.005154639175257732 0.1858974358974359 0 0.22115384615384615 0
1 0.5416666666666666 0.3865979381443299 0.5448717948717948 0.3917525773195876 0.5480769230769231 0.3917525773195876 0.5480769230769231 0.39690721649484534 0.5544871794871795 0.4072164948453608 0.5544871794871795 0.4175257731958763 0.5576923076923077 0.422680412371134 0.5576923076923077 0.4381443298969072 0.5544871794871795 0.44329896907216493 0.5544871794871795 0.4484536082474227 0.5512820512820513 0.4484536082474227 0.5480769230769231 0.4536082474226804 0.532051282051282 0.4536082474226804 0.5192307692307693 0.42783505154639173 0.5192307692307693 0.4020618556701031 0.5288461538461539 0.3865979381443299 0.5384615384615384 0.3865979381443299
1 0.8012820512820513 0 0.8397435897435898 0 0.8461538461538461 0.015463917525773196 0.8461538461538461 0.030927835051546393 0.842948717948718 0.03608247422680412 0.8397435897435898 0.05154639175257732 0.8333333333333334 0.061855670103092786 0.8237179487179487 0.061855670103092786 0.8205128205128205 0.05670103092783505 0.8108974358974359 0.05154639175257732 0.8076923076923077 0.04639175257731959 0.8076923076923077 0.041237113402061855 0.8012820512820513 0.030927835051546393 0.8012820512820513 0.005154639175257732
1 0.8589743589743589 0.9278350515463918 0.8621794871794872 0.9278350515463918 0.8653846153846154 0.9226804123711341 0.875 0.9226804123711341 0.8782051282051282 0.9278350515463918 0.8814102564102564 0.9278350515463918 0.8878205128205128 0.9381443298969072 0.8878205128205128 0.9690721649484536 0.8846153846153846 0.9742268041237113 0.8846153846153846 0.979381443298969 0.8814102564102564 0.979381443298969 0.8782051282051282 0.9845360824742269 0.8653846153846154 0.9845360824742269 0.8589743589743589 0.9742268041237113 0.8589743589743589 0.9329896907216495
1 0.24554973821989526 0.8984293193717278 0.04502617801047121 0.06904517730879257
1 0.16666666666666666 0.711340206185567 0.16666666666666666 0.7164948453608248 0.16987179487179488 0.7216494845360825 0.16987179487179488 0.7474226804123711 0.16666666666666666 0.7474226804123711 0.16025641025641027 0.7628865979381443 0.15384615384615385 0.7628865979381443 0.15064102564102563 0.7680412371134021 0.14102564102564102 0.7680412371134021 0.1346153846153846 0.7577319587628866 0.1346153846153846 0.7525773195876289 0.13141025641025642 0.7474226804123711 0.13141025641025642 0.7216494845360825 0.1346153846153846 0.7164948453608248 0.1346153846153846 0.711340206185567 0.14102564102564102 0.7010309278350515 0.15705128205128205 0.7010309278350515 0.16346153846153846 0.711340206185567
1 0.10576923076923077 0.5309278350515464 0.10897435897435898 0.5309278350515464 0.11217948717948718 0.5257731958762887 0.1282051282051282 0.5257731958762887 0.1346153846153846 0.5360824742268041 0.13782051282051283 0.5360824742268041 0.14423076923076922 0.5515463917525774 0.14423076923076922 0.5670103092783505 0.13782051282051283 0.5824742268041238 0.1346153846153846 0.5824742268041238 0.1282051282051282 0.5927835051546392 0.11217948717948718 0.5927835051546392 0.10576923076923077 0.5824742268041238 0.10576923076923077 0.5773195876288659 0.10256410256410256 0.5721649484536082 0.10256410256410256 0.5412371134020618 0.10576923076923077 0.5360824742268041
1 0.47115384615384615 0.7577319587628866 0.4807692307692308 0.7731958762886598 0.4807692307692308 0.7783505154639175 0.483974358974359 0.7835051546391752 0.483974358974359 0.8144329896907216 0.4807692307692308 0.8195876288659794 0.4807692307692308 0.8247422680412371 0.4775641025641026 0.8247422680412371 0.47435897435897434 0.8298969072164949 0.46153846153846156 0.8298969072164949 0.4583333333333333 0.8247422680412371 0.4551282051282051 0.8247422680412371 0.44871794871794873 0.8144329896907216 0.44871794871794873 0.8092783505154639 0.44551282051282054 0.8041237113402062 0.44551282051282054 0.7680412371134021 0.44871794871794873 0.7680412371134021 0.4583333333333333 0.7577319587628866 0.46794871794871795 0.7577319587628866
1 0.07051282051282051 0.39690721649484534 0.08012820512820513 0.41237113402061853 0.08012820512820513 0.4175257731958763 0.08333333333333333 0.422680412371134 0.08333333333333333 0.4329896907216495 0.08012820512820513 0.4381443298969072 0.08012820512820513 0.44329896907216493 0.07692307692307693 0.4484536082474227 0.07371794871794872 0.4484536082474227 0.0673076923076923 0.4587628865979381 0.05128205128205128 0.4587628865979381 0.041666666666666664 0.44329896907216493 0.041666666666666664 0.4381443298969072 0.038461538461538464 0.4329896907216495 0.038461538461538464 0.4175257731958763 0.05128205128205128 0.39690721649484534 0.0673076923076923 0.39690721649484534
1 0.09294871794871795 0.4639175257731959 0.09615384615384616 0.4690721649484536 0.09935897435897435 0.4690721649484536 0.09935897435897435 0.4742268041237113 0.10256410256410256 0.4793814432989691 0.10256410256410256 0.5103092783505154 0.09615384615384616 0.520618556701031 0.08653846153846154 0.520618556701031 0.08333333333333333 0.5154639175257731 0.08012820512820513 0.5154639175257731 0.07371794871794872 0.5 0.07371794871794872 0.4742268041237113 0.08012820512820513 0.4639175257731959 0.08974358974358974 0.4639175257731959
1 0.2692307692307692 0.5309278350515464 0.27564102564102566 0.5412371134020618 0.27564102564102566 0.5463917525773195 0.27884615384615385 0.5515463917525774 0.27884615384615385 0.5670103092783505 0.2724358974358974 0.5824742268041238 0.25 0.5824742268041238 0.2467948717948718 0.5773195876288659 0.2467948717948718 0.5412371134020618 0.2564102564102564 0.5309278350515464 0.266025641025641 0.5309278350515464
1 0.2564102564102564 0.5927835051546392 0.26282051282051283 0.6082474226804123 0.26282051282051283 0.6237113402061856 0.2564102564102564 0.6391752577319587 0.25 0.6391752577319587 0.2467948717948718 0.6443298969072165 0.23717948717948717 0.6443298969072165 0.23397435897435898 0.6391752577319587 0.23076923076923078 0.6391752577319587 0.22435897435897437 0.6082474226804123 0.22756410256410256 0.6030927835051546 0.22756410256410256 0.5979381443298969 0.23397435897435898 0.5876288659793815 0.25 0.5876288659793815 0.2532051282051282 0.5927835051546392
2 0.7467948717948718 0.6494845360824743 0.75 0.654639175257732 0.75 0.6649484536082474 0.7435897435897436 0.6752577319587629 0.7371794871794872 0.6752577319587629 0.7307692307692307 0.6597938144329897 0.7371794871794872 0.6443298969072165 0.7403846153846154 0.6443298969072165 0.7435897435897436 0.6494845360824743
2 0.6987179487179487 0.5824742268041238 0.7051282051282052 0.5927835051546392 0.7051282051282052 0.6030927835051546 0.6987179487179487 0.6134020618556701 0.6923076923076923 0.6134020618556701 0.6858974358974359 0.6030927835051546 0.6858974358974359 0.5876288659793815 0.6955128205128205 0.5824742268041238
2 0.713089005235602 0.6273006962811033 0.02094240837696335 0.031996545582123385
2 0.7307692307692307 0.5876288659793815 0.7371794871794872 0.5979381443298969 0.7371794871794872 0.6185567010309279 0.7339743589743589 0.6185567010309279 0.7307692307692307 0.6237113402061856 0.7275641025641025 0.6237113402061856 0.7211538461538461 0.6134020618556701 0.7211538461538461 0.5927835051546392 0.7243589743589743 0.5876288659793815 0.7275641025641025 0.5876288659793815
2 0.661780104712042 0.8066497544124791 0.02094240837696335 0.033680574296971987
2 0.7788461538461539 0.5103092783505154 0.7852564102564102 0.520618556701031 0.7852564102564102 0.5309278350515464 0.782051282051282 0.5360824742268041 0.782051282051282 0.5412371134020618 0.7692307692307693 0.5412371134020618 0.7660256410256411 0.5360824742268041 0.7660256410256411 0.520618556701031 0.7724358974358975 0.5103092783505154 0.7756410256410257 0.5103092783505154
1 0.7596153846153846 0.5567010309278351 0.7660256410256411 0.5670103092783505 0.7660256410256411 0.5721649484536082 0.7692307692307693 0.5773195876288659 0.7692307692307693 0.5876288659793815 0.7628205128205128 0.5979381443298969 0.7467948717948718 0.5979381443298969 0.7403846153846154 0.5876288659793815 0.7403846153846154 0.5824742268041238 0.7371794871794872 0.5773195876288659 0.7371794871794872 0.5670103092783505 0.7435897435897436 0.5567010309278351 0.7467948717948718 0.5567010309278351 0.75 0.5515463917525774 0.7532051282051282 0.5515463917525774 0.7564102564102564 0.5567010309278351
1 0.9006410256410257 0.5 0.9038461538461539 0.5051546391752577 0.907051282051282 0.5051546391752577 0.9166666666666666 0.520618556701031 0.9166666666666666 0.5515463917525774 0.9102564102564102 0.5618556701030928 0.907051282051282 0.5618556701030928 0.9038461538461539 0.5670103092783505 0.9006410256410257 0.5670103092783505 0.8974358974358975 0.5618556701030928 0.8910256410256411 0.5618556701030928 0.8846153846153846 0.5515463917525774 0.8846153846153846 0.5463917525773195 0.8814102564102564 0.5412371134020618 0.8814102564102564 0.5257731958762887 0.8846153846153846 0.520618556701031 0.8846153846153846 0.5154639175257731 0.8942307692307693 0.5 0.8974358974358975 0.5
1 0.3782051282051282 0.5515463917525774 0.3814102564102564 0.5567010309278351 0.391025641025641 0.5618556701030928 0.3974358974358974 0.5721649484536082 0.3974358974358974 0.5773195876288659 0.40064102564102566 0.5824742268041238 0.40064102564102566 0.6030927835051546 0.3942307692307692 0.6134020618556701 0.38782051282051283 0.6134020618556701 0.38461538461538464 0.6185567010309279 0.3717948717948718 0.6185567010309279 0.3685897435897436 0.6134020618556701 0.36538461538461536 0.6134020618556701 0.3525641025641026 0.5876288659793815 0.3525641025641026 0.5618556701030928 0.36217948717948717 0.5463917525773195 0.3717948717948718 0.5463917525773195 0.375 0.5515463917525774
2 0.38461538461538464 0.6752577319587629 0.38461538461538464 0.6701030927835051 0.3814102564102564 0.6649484536082474 0.38782051282051283 0.6494845360824743 0.3974358974358974 0.6494845360824743 0.40064102564102566 0.654639175257732 0.40064102564102566 0.6752577319587629 0.3974358974358974 0.6752577319587629 0.3942307692307692 0.6804123711340206 0.391025641025641 0.6804123711340206 0.38782051282051283 0.6752577319587629
1 0.4935897435897436 0.5567010309278351 0.5 0.5670103092783505 0.5 0.5979381443298969 0.4935897435897436 0.6082474226804123 0.47435897435897434 0.6082474226804123 0.46794871794871795 0.5979381443298969 0.46794871794871795 0.5927835051546392 0.46474358974358976 0.5876288659793815 0.46474358974358976 0.5721649484536082 0.4775641025641026 0.5515463917525774 0.48717948717948717 0.5515463917525774 0.49038461538461536 0.5567010309278351
1 0.5576923076923077 0.28350515463917525 0.5608974358974359 0.28865979381443296 0.5641025641025641 0.28865979381443296 0.5641025641025641 0.29381443298969073 0.5673076923076923 0.29896907216494845 0.5673076923076923 0.3247422680412371 0.5608974358974359 0.33505154639175255 0.5576923076923077 0.33505154639175255 0.5544871794871795 0.3402061855670103 0.5352564102564102 0.3402061855670103 0.532051282051282 0.33505154639175255 0.5288461538461539 0.33505154639175255 0.5224358974358975 0.3247422680412371 0.5224358974358975 0.30412371134020616 0.5288461538461539 0.28865979381443296 0.5352564102564102 0.28865979381443296 0.5384615384615384 0.28350515463917525 0.5544871794871795 0.28350515463917525
2 0.6858974358974359 0.5051546391752577 0.6826923076923077 0.4896907216494845 0.6891025641025641 0.4793814432989691 0.6987179487179487 0.4793814432989691 0.7019230769230769 0.4845360824742268 0.7019230769230769 0.5 0.6923076923076923 0.5103092783505154 0.6891025641025641 0.5051546391752577
2 0.21794871794871795 0.4020618556701031 0.21794871794871795 0.38144329896907214 0.22115384615384615 0.37628865979381443 0.23076923076923078 0.37628865979381443 0.23397435897435898 0.38144329896907214 0.23397435897435898 0.4020618556701031 0.23076923076923078 0.4020618556701031 0.22756410256410256 0.4072164948453608 0.22435897435897437 0.4072164948453608 0.22115384615384615 0.4020618556701031
2 0.15064102564102563 0.21649484536082475 0.16025641025641027 0.21649484536082475 0.16346153846153846 0.22164948453608246 0.16346153846153846 0.23711340206185566 0.16025641025641027 0.2422680412371134 0.15064102564102563 0.2422680412371134 0.14743589743589744 0.23711340206185566 0.14743589743589744 0.2268041237113402 0.15064102564102563 0.22164948453608246
1 0.7467948717948718 0.7783505154639175 0.75 0.7835051546391752 0.7532051282051282 0.7835051546391752 0.7532051282051282 0.788659793814433 0.7596153846153846 0.7989690721649485 0.7596153846153846 0.8144329896907216 0.7532051282051282 0.8298969072164949 0.7339743589743589 0.8298969072164949 0.7275641025641025 0.8195876288659794 0.7275641025641025 0.788659793814433 0.7339743589743589 0.7783505154639175 0.7435897435897436 0.7783505154639175
1 0.7115384615384616 0.7268041237113402 0.717948717948718 0.7371134020618557 0.717948717948718 0.7422680412371134 0.7211538461538461 0.7474226804123711 0.7211538461538461 0.7525773195876289 0.717948717948718 0.7577319587628866 0.717948717948718 0.7680412371134021 0.7147435897435898 0.7731958762886598 0.6987179487179487 0.7731958762886598 0.6955128205128205 0.7680412371134021 0.6923076923076923 0.7680412371134021 0.6923076923076923 0.7577319587628866 0.6891025641025641 0.7525773195876289 0.6923076923076923 0.7371134020618557 0.6987179487179487 0.7268041237113402 0.7083333333333334 0.7268041237113402
1 0.7307692307692307 0.6855670103092784 0.7339743589743589 0.6907216494845361 0.7371794871794872 0.6907216494845361 0.7371794871794872 0.6958762886597938 0.7403846153846154 0.7010309278350515 0.7403846153846154 0.7268041237113402 0.7307692307692307 0.7371134020618557 0.7211538461538461 0.7371134020618557 0.7147435897435898 0.7268041237113402 0.7147435897435898 0.7216494845360825 0.7115384615384616 0.7164948453608248 0.7115384615384616 0.7061855670103093 0.717948717948718 0.6958762886597938 0.717948717948718 0.6907216494845361 0.7275641025641025 0.6855670103092784
2 0.7188481675392671 0.6702434285097426 0.02198952879581152 0.03704863172666919
2 0.8301282051282052 0.845360824742268 0.8333333333333334 0.845360824742268 0.8365384615384616 0.8402061855670103 0.8461538461538461 0.845360824742268 0.8461538461538461 0.8608247422680413 0.8397435897435898 0.8711340206185567 0.8365384615384616 0.8711340206185567 0.8301282051282052 0.8608247422680413 0.8301282051282052 0.8505154639175257
1 0.8461538461538461 0.865979381443299 0.8493589743589743 0.8711340206185567 0.8525641025641025 0.8711340206185567 0.8589743589743589 0.8814432989690721 0.8589743589743589 0.9123711340206185 0.8493589743589743 0.9226804123711341 0.8397435897435898 0.9226804123711341 0.8333333333333334 0.9123711340206185 0.8333333333333334 0.9072164948453608 0.8301282051282052 0.9020618556701031 0.8301282051282052 0.8762886597938144 0.8333333333333334 0.8762886597938144 0.8397435897435898 0.865979381443299 0.842948717948718 0.865979381443299
1 0.8301282051282052 0.6649484536082474 0.8365384615384616 0.6752577319587629 0.8365384615384616 0.6958762886597938 0.8333333333333334 0.7010309278350515 0.8333333333333334 0.7061855670103093 0.8237179487179487 0.7164948453608248 0.8173076923076923 0.7164948453608248 0.8141025641025641 0.711340206185567 0.8108974358974359 0.711340206185567 0.8108974358974359 0.7061855670103093 0.8076923076923077 0.7010309278350515 0.8076923076923077 0.6701030927835051 0.8141025641025641 0.6597938144329897 0.8237179487179487 0.6597938144329897 0.8269230769230769 0.6649484536082474
1 0.7756410256410257 0.6804123711340206 0.782051282051282 0.6907216494845361 0.782051282051282 0.6958762886597938 0.7852564102564102 0.7010309278350515 0.7852564102564102 0.7164948453608248 0.7788461538461539 0.7268041237113402 0.7596153846153846 0.7268041237113402 0.7564102564102564 0.7216494845360825 0.7564102564102564 0.6907216494845361 0.7628205128205128 0.6804123711340206 0.7724358974358975 0.6804123711340206
2 0.937696335078534 0.9009553624440007 0.02198952879581152 0.033680574296971987
2 0.9701570680628273 0.8950612619420306 0.02198952879581152 0.03536460301182059
1 0.20512820512820512 0.6494845360824743 0.21153846153846154 0.6649484536082474 0.21153846153846154 0.6958762886597938 0.20192307692307693 0.711340206185567 0.1891025641025641 0.711340206185567 0.1794871794871795 0.6958762886597938 0.1794871794871795 0.6701030927835051 0.18269230769230768 0.6649484536082474 0.18269230769230768 0.6597938144329897 0.19230769230769232 0.6494845360824743 0.20192307692307693 0.6494845360824743
1 0.0641025641025641 0.7268041237113402 0.0673076923076923 0.7319587628865979 0.07371794871794872 0.7319587628865979 0.08012820512820513 0.7422680412371134 0.08012820512820513 0.7680412371134021 0.07692307692307693 0.7731958762886598 0.07692307692307693 0.7783505154639175 0.07371794871794872 0.7783505154639175 0.07051282051282051 0.7835051546391752 0.04487179487179487 0.7835051546391752 0.041666666666666664 0.7783505154639175 0.041666666666666664 0.7474226804123711 0.05128205128205128 0.7319587628865979 0.060897435897435896 0.7268041237113402
1 0.5448717948717948 0.18556701030927836 0.5512820512820513 0.20103092783505155 0.5512820512820513 0.2268041237113402 0.5448717948717948 0.23711340206185566 0.5416666666666666 0.23711340206185566 0.5384615384615384 0.2422680412371134 0.5288461538461539 0.2422680412371134 0.5256410256410257 0.23711340206185566 0.5224358974358975 0.23711340206185566 0.5160256410256411 0.2268041237113402 0.5160256410256411 0.22164948453608246 0.5128205128205128 0.21649484536082475 0.5128205128205128 0.1958762886597938 0.5192307692307693 0.18556701030927836 0.5416666666666666 0.18556701030927836
1 0.6506410256410257 0.36082474226804123 0.6538461538461539 0.36597938144329895 0.657051282051282 0.36597938144329895 0.6634615384615384 0.37628865979381443 0.6634615384615384 0.38144329896907214 0.6666666666666666 0.3865979381443299 0.6666666666666666 0.41237113402061853 0.657051282051282 0.422680412371134 0.6474358974358975 0.422680412371134 0.6410256410256411 0.41237113402061853 0.6378205128205128 0.41237113402061853 0.6378205128205128 0.4072164948453608 0.6346153846153846 0.4020618556701031 0.6346153846153846 0.38144329896907214 0.6410256410256411 0.36597938144329895 0.6474358974358975 0.36597938144329895
1 0.625 0.35051546391752575 0.6282051282051282 0.3556701030927835 0.6282051282051282 0.36597938144329895 0.6314102564102564 0.3711340206185567 0.6314102564102564 0.3865979381443299 0.6282051282051282 0.3917525773195876 0.6282051282051282 0.4020618556701031 0.625 0.4072164948453608 0.6089743589743589 0.4072164948453608 0.6025641025641025 0.3917525773195876 0.6025641025641025 0.3711340206185567 0.6057692307692307 0.36597938144329895 0.6057692307692307 0.36082474226804123 0.6121794871794872 0.35051546391752575 0.6217948717948718 0.35051546391752575
1 0.8942307692307693 0.06701030927835051 0.9102564102564102 0.06701030927835051 0.9166666666666666 0.07731958762886598 0.9166666666666666 0.0979381443298969 0.9102564102564102 0.10824742268041238 0.8974358974358975 0.10824742268041238 0.8910256410256411 0.09278350515463918 0.8910256410256411 0.07731958762886598 0.8942307692307693 0.07216494845360824
1 0.8910256410256411 0.005154639175257732 0.9006410256410257 0.020618556701030927 0.9006410256410257 0.041237113402061855 0.8942307692307693 0.05154639175257732 0.8814102564102564 0.05154639175257732 0.8717948717948718 0.03608247422680412 0.8717948717948718 0.015463917525773196 0.8782051282051282 0.005154639175257732 0.8878205128205128 0.005154639175257732
2 0.8782051282051282 0.05154639175257732 0.8878205128205128 0.061855670103092786 0.8878205128205128 0.07731958762886598 0.8846153846153846 0.08247422680412371 0.875 0.08247422680412371 0.8685897435897436 0.07216494845360824 0.8717948717948718 0.05670103092783505 0.875 0.05670103092783505
2 0.9166666666666666 0.030927835051546393 0.9230769230769231 0.041237113402061855 0.9198717948717948 0.05670103092783505 0.9166666666666666 0.061855670103092786 0.9102564102564102 0.061855670103092786 0.9038461538461539 0.05154639175257732 0.9038461538461539 0.041237113402061855 0.9102564102564102 0.030927835051546393 0.9134615384615384 0.030927835051546393
1 0.8685897435897436 0.10309278350515463 0.8717948717948718 0.10309278350515463 0.875 0.0979381443298969 0.8846153846153846 0.0979381443298969 0.8910256410256411 0.10824742268041238 0.8910256410256411 0.12886597938144329 0.8814102564102564 0.13917525773195877 0.875 0.13917525773195877 0.8685897435897436 0.12886597938144329 0.8685897435897436 0.12371134020618557 0.8653846153846154 0.11855670103092783 0.8653846153846154 0.1134020618556701 0.8685897435897436 0.10824742268041238
1 0.8910256410256411 0.28865979381443296 0.8974358974358975 0.30412371134020616 0.8974358974358975 0.3247422680412371 0.8942307692307693 0.32989690721649484 0.8942307692307693 0.33505154639175255 0.8878205128205128 0.34536082474226804 0.8782051282051282 0.34536082474226804 0.8685897435897436 0.32989690721649484 0.8685897435897436 0.30927835051546393 0.875 0.29896907216494845 0.875 0.29381443298969073 0.8782051282051282 0.28865979381443296 0.8878205128205128 0.28865979381443296
1 0.4423076923076923 0.5309278350515464 0.4423076923076923 0.5257731958762887 0.4391025641025641 0.520618556701031 0.4391025641025641 0.5051546391752577 0.44871794871794873 0.4896907216494845 0.4583333333333333 0.4896907216494845 0.46153846153846156 0.4948453608247423 0.46794871794871795 0.4948453608247423 0.46794871794871795 0.5 0.47115384615384615 0.5051546391752577 0.47115384615384615 0.5257731958762887 0.46474358974358976 0.5360824742268041 0.44871794871794873 0.5360824742268041 0.44551282051282054 0.5309278350515464
1 0.4235602094240838 0.5237329303179143 0.032460732984293195 0.05388891887515518
1 0.09615384615384616 0.061855670103092786 0.11217948717948718 0.061855670103092786 0.11858974358974358 0.07216494845360824 0.11858974358974358 0.07731958762886598 0.12179487179487179 0.08247422680412371 0.11858974358974358 0.08762886597938144 0.11858974358974358 0.0979381443298969 0.11538461538461539 0.10309278350515463 0.09935897435897435 0.10309278350515463 0.09294871794871795 0.08762886597938144 0.09294871794871795 0.07216494845360824 0.09615384615384616 0.06701030927835051
1 0.1617801047120419 0.06988719166621687 0.0387434554973822 0.052204890160306584
1 0.08012820512820513 0.20103092783505155 0.08333333333333333 0.20618556701030927 0.08653846153846154 0.20618556701030927 0.09294871794871795 0.21649484536082475 0.09294871794871795 0.2422680412371134 0.08333333333333333 0.25257731958762886 0.0641025641025641 0.25257731958762886 0.057692307692307696 0.23711340206185566 0.057692307692307696 0.22164948453608246 0.0673076923076923 0.20618556701030927 0.07692307692307693 0.20103092783505155
1 0.14743589743589744 0.42783505154639173 0.15384615384615385 0.4381443298969072 0.15384615384615385 0.4484536082474227 0.15705128205128205 0.4536082474226804 0.15705128205128205 0.4639175257731959 0.15384615384615385 0.4690721649484536 0.15384615384615385 0.4742268041237113 0.14423076923076922 0.4845360824742268 0.13782051282051283 0.4845360824742268 0.1346153846153846 0.4793814432989691 0.13141025641025642 0.4793814432989691 0.125 0.4639175257731959 0.125 0.4484536082474227 0.1282051282051282 0.44329896907216493 0.1282051282051282 0.4381443298969072 0.1346153846153846 0.42783505154639173 0.14423076923076922 0.42783505154639173
1 0.05128205128205128 0.5309278350515464 0.057692307692307696 0.5412371134020618 0.057692307692307696 0.5618556701030928 0.05128205128205128 0.5721649484536082 0.035256410256410256 0.5721649484536082 0.03205128205128205 0.5670103092783505 0.03205128205128205 0.5567010309278351 0.028846153846153848 0.5515463917525774 0.03205128205128205 0.5360824742268041 0.035256410256410256 0.5360824742268041 0.038461538461538464 0.5309278350515464 0.04807692307692308 0.5309278350515464
2 0.07371794871794872 0.634020618556701 0.08653846153846154 0.634020618556701 0.08974358974358974 0.6391752577319587 0.08974358974358974 0.654639175257732 0.08333333333333333 0.6649484536082474 0.07371794871794872 0.6597938144329897 0.07371794871794872 0.654639175257732 0.07051282051282051 0.6494845360824743 0.07051282051282051 0.6443298969072165 0.07371794871794872 0.6391752577319587
1 0.09935897435897435 0.5927835051546392 0.10576923076923077 0.6030927835051546 0.10576923076923077 0.6082474226804123 0.10897435897435898 0.6134020618556701 0.10897435897435898 0.6237113402061856 0.10576923076923077 0.6288659793814433 0.10576923076923077 0.634020618556701 0.10256410256410256 0.634020618556701 0.09935897435897435 0.6391752577319587 0.08974358974358974 0.6391752577319587 0.08653846153846154 0.634020618556701 0.08333333333333333 0.634020618556701 0.08333333333333333 0.6288659793814433 0.08012820512820513 0.6237113402061856 0.08012820512820513 0.6082474226804123 0.08333333333333333 0.6030927835051546 0.08333333333333333 0.5979381443298969 0.08653846153846154 0.5927835051546392 0.09615384615384616 0.5927835051546392
2 0.11858974358974358 0.8917525773195877 0.13141025641025642 0.8917525773195877 0.1346153846153846 0.8969072164948454 0.1346153846153846 0.9072164948453608 0.1282051282051282 0.9175257731958762 0.12179487179487179 0.9175257731958762 0.11538461538461539 0.9072164948453608 0.11538461538461539 0.9020618556701031 0.11858974358974358 0.8969072164948454
2 0.1794871794871795 0.865979381443299 0.1891025641025641 0.8762886597938144 0.1891025641025641 0.8865979381443299 0.1858974358974359 0.8917525773195877 0.1858974358974359 0.8969072164948454 0.17307692307692307 0.8969072164948454 0.17307692307692307 0.8917525773195877 0.16987179487179488 0.8865979381443299 0.16987179487179488 0.8762886597938144 0.17307692307692307 0.8711340206185567 0.1762820512820513 0.8711340206185567
1 0.07051282051282051 0.8247422680412371 0.07371794871794872 0.8298969072164949 0.08333333333333333 0.8350515463917526 0.08974358974358974 0.845360824742268 0.08974358974358974 0.8608247422680413 0.08653846153846154 0.865979381443299 0.08653846153846154 0.8711340206185567 0.07692307692307693 0.8814432989690721 0.0641025641025641 0.8814432989690721 0.057692307692307696 0.8711340206185567 0.057692307692307696 0.865979381443299 0.05448717948717949 0.8608247422680413 0.05448717948717949 0.8350515463917526 0.057692307692307696 0.8298969072164949 0.0673076923076923 0.8247422680412371
2 0.2564102564102564 0.37628865979381443 0.2564102564102564 0.38144329896907214 0.25961538461538464 0.3865979381443299 0.2564102564102564 0.4020618556701031 0.24358974358974358 0.4020618556701031 0.2403846153846154 0.39690721649484534 0.2403846153846154 0.38144329896907214 0.24358974358974358 0.37628865979381443 0.2532051282051282 0.37628865979381443
1 0.21153846153846154 0.4845360824742268 0.23076923076923078 0.4845360824742268 0.23717948717948717 0.4948453608247423 0.23717948717948717 0.5103092783505154 0.23397435897435898 0.5154639175257731 0.23397435897435898 0.520618556701031 0.22435897435897437 0.5257731958762887 0.22115384615384615 0.520618556701031 0.21153846153846154 0.5154639175257731 0.21153846153846154 0.5103092783505154 0.20833333333333334 0.5051546391752577 0.20833333333333334 0.4948453608247423 0.21153846153846154 0.4896907216494845
2 0.23298429319371733 0.5380471743941275 0.019895287958115182 0.031996545582123385
1 0.15497382198952872 0.18019107248880012 0.033507853403141365 0.057256976304852374
1 0.10256410256410256 0.12371134020618557 0.10576923076923077 0.12371134020618557 0.10897435897435898 0.11855670103092783 0.11858974358974358 0.11855670103092783 0.12179487179487179 0.12371134020618557 0.125 0.12371134020618557 0.13141025641025642 0.13402061855670103 0.13141025641025642 0.16494845360824742 0.12179487179487179 0.18041237113402062 0.11217948717948718 0.18556701030927836 0.10897435897435898 0.18041237113402062 0.10576923076923077 0.18041237113402062 0.09935897435897435 0.16494845360824742 0.09935897435897435 0.13402061855670103 0.10256410256410256 0.12886597938144329
1 0.6602564102564102 0.5412371134020618 0.6666666666666666 0.5515463917525774 0.6666666666666666 0.5567010309278351 0.6698717948717948 0.5618556701030928 0.6698717948717948 0.5876288659793815 0.6602564102564102 0.5979381443298969 0.6474358974358975 0.5979381443298969 0.6442307692307693 0.5927835051546392 0.6378205128205128 0.5927835051546392 0.6378205128205128 0.5876288659793815 0.6314102564102564 0.5773195876288659 0.6314102564102564 0.5618556701030928 0.6410256410256411 0.5463917525773195 0.6442307692307693 0.5463917525773195 0.6474358974358975 0.5412371134020618 0.657051282051282 0.5412371134020618
1 0.5288461538461539 0.7731958762886598 0.5288461538461539 0.7783505154639175 0.532051282051282 0.7835051546391752 0.532051282051282 0.8092783505154639 0.5224358974358975 0.8247422680412371 0.5128205128205128 0.8247422680412371 0.5064102564102564 0.8144329896907216 0.5064102564102564 0.788659793814433 0.5128205128205128 0.7731958762886598 0.5160256410256411 0.7731958762886598 0.5192307692307693 0.7680412371134021 0.5224358974358975 0.7680412371134021 0.5256410256410257 0.7731958762886598
1 0.16666666666666666 0.7628865979381443 0.1762820512820513 0.7731958762886598 0.1762820512820513 0.7835051546391752 0.1794871794871795 0.788659793814433 0.1794871794871795 0.8092783505154639 0.16987179487179488 0.8195876288659794 0.15705128205128205 0.8195876288659794 0.15064102564102563 0.8092783505154639 0.15064102564102563 0.7783505154639175 0.16025641025641027 0.7628865979381443 0.16346153846153846 0.7628865979381443
1 0.9326923076923077 0.7010309278350515 0.9326923076923077 0.6958762886597938 0.9262820512820513 0.6855670103092784 0.9262820512820513 0.6597938144329897 0.9294871794871795 0.654639175257732 0.9455128205128205 0.654639175257732 0.9519230769230769 0.6649484536082474 0.9519230769230769 0.6958762886597938 0.9455128205128205 0.7061855670103093 0.9391025641025641 0.7061855670103093 0.9358974358974359 0.7010309278350515
1 0.9487179487179487 0.6185567010309279 0.9519230769230769 0.6237113402061856 0.9519230769230769 0.6443298969072165 0.9455128205128205 0.654639175257732 0.9358974358974359 0.654639175257732 0.9294871794871795 0.6443298969072165 0.9294871794871795 0.6185567010309279 0.9326923076923077 0.6134020618556701 0.9423076923076923 0.6134020618556701 0.9455128205128205 0.6185567010309279
1 0.5 0.6701030927835051 0.5032051282051282 0.6701030927835051 0.5064102564102564 0.6649484536082474 0.5160256410256411 0.6649484536082474 0.5192307692307693 0.6701030927835051 0.5224358974358975 0.6701030927835051 0.5224358974358975 0.6804123711340206 0.5256410256410257 0.6855670103092784 0.5256410256410257 0.711340206185567 0.5192307692307693 0.7216494845360825 0.5032051282051282 0.7216494845360825 0.5 0.7164948453608248 0.5 0.7061855670103093 0.4967948717948718 0.7010309278350515 0.4967948717948718 0.6855670103092784 0.5 0.6804123711340206 0.5 0.6752577319587629
1 0.6474358974358975 0.0979381443298969 0.6602564102564102 0.11855670103092783 0.6602564102564102 0.12371134020618557 0.6634615384615384 0.12886597938144329 0.6634615384615384 0.14432989690721648 0.657051282051282 0.15979381443298968 0.6474358974358975 0.15979381443298968 0.6442307692307693 0.15463917525773196 0.6410256410256411 0.15463917525773196 0.6314102564102564 0.13917525773195877 0.6314102564102564 0.1134020618556701 0.6346153846153846 0.10824742268041238 0.6346153846153846 0.10309278350515463 0.6442307692307693 0.0979381443298969
2 0.24358974358974358 0.16494845360824742 0.2564102564102564 0.16494845360824742 0.26282051282051283 0.17525773195876287 0.26282051282051283 0.18556701030927836 0.25961538461538464 0.19072164948453607 0.2532051282051282 0.19072164948453607 0.24358974358974358 0.18041237113402062 0.24358974358974358 0.17010309278350516
2 0.3108974358974359 0.4020618556701031 0.32051282051282054 0.4020618556701031 0.32371794871794873 0.4072164948453608 0.3269230769230769 0.4072164948453608 0.3269230769230769 0.422680412371134 0.32371794871794873 0.42783505154639173 0.3141025641025641 0.42783505154639173 0.3141025641025641 0.422680412371134 0.3108974358974359 0.4175257731958763 0.3108974358974359 0.4072164948453608
2 0.3989528795811519 0.04546877530091218 0.018848167539267015 0.02694445943757759
2 0.38952879581151834 0.017682301505910294 0.023036649214659685 0.031996545582123385
2 0.33653846153846156 0.9072164948453608 0.33974358974358976 0.9123711340206185 0.34294871794871795 0.9123711340206185 0.34294871794871795 0.9278350515463918 0.33974358974358976 0.9329896907216495 0.3301282051282051 0.9329896907216495 0.3269230769230769 0.9278350515463918 0.3269230769230769 0.9123711340206185 0.3301282051282051 0.9072164948453608 0.3333333333333333 0.9072164948453608
2 0.44551282051282054 0.9226804123711341 0.4519230769230769 0.9329896907216495 0.4519230769230769 0.9484536082474226 0.44871794871794873 0.9536082474226805 0.4358974358974359 0.9536082474226805 0.4358974358974359 0.9432989690721649 0.4326923076923077 0.9381443298969072 0.4358974358974359 0.9329896907216495 0.4358974358974359 0.9278350515463918 0.4391025641025641 0.9226804123711341 0.4423076923076923 0.9226804123711341
2 0.36217948717948717 0.8608247422680413 0.3717948717948718 0.8608247422680413 0.375 0.865979381443299 0.375 0.8762886597938144 0.3717948717948718 0.8762886597938144 0.3685897435897436 0.8814432989690721 0.36538461538461536 0.8814432989690721 0.36217948717948717 0.8762886597938144 0.36217948717948717 0.865979381443299
2 0.3333333333333333 0.8298969072164949 0.33653846153846156 0.8350515463917526 0.33653846153846156 0.845360824742268 0.3333333333333333 0.8505154639175257 0.3333333333333333 0.8556701030927835 0.32371794871794873 0.8556701030927835 0.3173076923076923 0.8402061855670103 0.3173076923076923 0.8350515463917526 0.32051282051282054 0.8298969072164949 0.3301282051282051 0.8298969072164949
1 0.2980769230769231 0.5103092783505154 0.30128205128205127 0.5103092783505154 0.30448717948717946 0.5051546391752577 0.3141025641025641 0.5051546391752577 0.32051282051282054 0.5154639175257731 0.32051282051282054 0.5463917525773195 0.3141025641025641 0.5567010309278351 0.3108974358974359 0.5567010309278351 0.3076923076923077 0.5618556701030928 0.2980769230769231 0.5567010309278351 0.2916666666666667 0.5412371134020618 0.2916666666666667 0.5360824742268041 0.2948717948717949 0.5309278350515464 0.2948717948717949 0.520618556701031 0.2980769230769231 0.5154639175257731
1 0.3108974358974359 0.6443298969072165 0.3173076923076923 0.6597938144329897 0.3173076923076923 0.6804123711340206 0.3076923076923077 0.6958762886597938 0.2980769230769231 0.6958762886597938 0.2916666666666667 0.6855670103092784 0.2916666666666667 0.654639175257732 0.2980769230769231 0.6443298969072165 0.3076923076923077 0.6443298969072165
1 0.32371794871794873 0.7680412371134021 0.32371794871794873 0.7731958762886598 0.3269230769230769 0.7783505154639175 0.3269230769230769 0.8092783505154639 0.32371794871794873 0.8144329896907216 0.3076923076923077 0.8144329896907216 0.30128205128205127 0.7989690721649485 0.30128205128205127 0.7835051546391752 0.30448717948717946 0.7783505154639175 0.30448717948717946 0.7731958762886598 0.3141025641025641 0.7628865979381443 0.3173076923076923 0.7628865979381443 0.32051282051282054 0.7680412371134021
1 0.34136125654450267 0.7510768068224752 0.033507853403141365 0.057256976304852374
1 0.8365384615384616 0.36082474226804123 0.8397435897435898 0.36597938144329895 0.8461538461538461 0.36597938144329895 0.8493589743589743 0.3711340206185567 0.8557692307692307 0.3711340206185567 0.8589743589743589 0.37628865979381443 0.8589743589743589 0.3917525773195876 0.8557692307692307 0.39690721649484534 0.8557692307692307 0.4020618556701031 0.8461538461538461 0.41237113402061853 0.8237179487179487 0.41237113402061853 0.8173076923076923 0.4020618556701031 0.8173076923076923 0.37628865979381443 0.8237179487179487 0.36597938144329895 0.8333333333333334 0.36082474226804123
2 0.8282722513089005 0.4454255950774545 0.016753926701570682 0.031996545582123385
2 0.8589743589743589 0.4175257731958763 0.8653846153846154 0.4329896907216495 0.8653846153846154 0.44329896907216493 0.8557692307692307 0.4536082474226804 0.8525641025641025 0.4536082474226804 0.8461538461538461 0.44329896907216493 0.8493589743589743 0.4381443298969072 0.8493589743589743 0.422680412371134 0.8525641025641025 0.4175257731958763 0.8557692307692307 0.4175257731958763
2 0.8461538461538461 0.5 0.8557692307692307 0.4948453608247423 0.8653846153846154 0.5051546391752577 0.8653846153846154 0.520618556701031 0.8621794871794872 0.5257731958762887 0.8525641025641025 0.5257731958762887 0.8461538461538461 0.5154639175257731 0.8461538461538461 0.5051546391752577
2 0.7884615384615384 0.41237113402061853 0.7884615384615384 0.4072164948453608 0.7852564102564102 0.4020618556701031 0.7852564102564102 0.3865979381443299 0.7948717948717948 0.3711340206185567 0.7980769230769231 0.3711340206185567 0.8012820512820513 0.37628865979381443 0.8012820512820513 0.41237113402061853 0.7916666666666666 0.41237113402061853
2 0.8108974358974359 0.6288659793814433 0.8141025641025641 0.634020618556701 0.8141025641025641 0.6443298969072165 0.8108974358974359 0.6494845360824743 0.8044871794871795 0.6494845360824743 0.8012820512820513 0.6443298969072165 0.8012820512820513 0.634020618556701 0.8044871794871795 0.6288659793814433 0.8076923076923077 0.6288659793814433
2 0.8141025641025641 0.06701030927835051 0.8173076923076923 0.07216494845360824 0.8205128205128205 0.07216494845360824 0.8205128205128205 0.08762886597938144 0.8173076923076923 0.09278350515463918 0.8012820512820513 0.09278350515463918 0.8012820512820513 0.08762886597938144 0.7980769230769231 0.08247422680412371 0.7980769230769231 0.07216494845360824 0.8044871794871795 0.061855670103092786 0.8076923076923077 0.061855670103092786 0.8108974358974359 0.06701030927835051
1 0.8853403141361256 0.2441841636530469 0.02827225130890052 0.06062503373454958
2 0.8654450261780104 0.16840287148485994 0.015706806282722512 0.02694445943757759
1 0.8846153846153846 0.14948453608247422 0.8910256410256411 0.16494845360824742 0.8910256410256411 0.18556701030927836 0.8878205128205128 0.19072164948453607 0.875 0.19072164948453607 0.8685897435897436 0.17525773195876287 0.8685897435897436 0.16494845360824742 0.8717948717948718 0.15979381443298968 0.8717948717948718 0.15463917525773196 0.8814102564102564 0.14948453608247422
2 0.7371794871794872 0.15979381443298968 0.7467948717948718 0.15979381443298968 0.75 0.16494845360824742 0.75 0.17010309278350516 0.7435897435897436 0.18041237113402062 0.7403846153846154 0.18041237113402062 0.7371794871794872 0.17525773195876287 0.7371794871794872 0.16494845360824742
1 0.05128205128205128 0.030927835051546393 0.05448717948717949 0.03608247422680412 0.05448717948717949 0.061855670103092786 0.04487179487179487 0.07731958762886598 0.03205128205128205 0.07731958762886598 0.028846153846153848 0.07216494845360824 0.028846153846153848 0.061855670103092786 0.02564102564102564 0.05670103092783505 0.02564102564102564 0.05154639175257732 0.03205128205128205 0.03608247422680412 0.035256410256410256 0.03608247422680412 0.038461538461538464 0.030927835051546393 0.04807692307692308 0.030927835051546393
1 0.32051282051282054 0.05154639175257732 0.32371794871794873 0.05670103092783505 0.3269230769230769 0.05670103092783505 0.3333333333333333 0.06701030927835051 0.3333333333333333 0.07216494845360824 0.33653846153846156 0.07731958762886598 0.33653846153846156 0.0979381443298969 0.3301282051282051 0.10824742268041238 0.3076923076923077 0.10824742268041238 0.30128205128205127 0.09278350515463918 0.30128205128205127 0.07216494845360824 0.30448717948717946 0.06701030927835051 0.30448717948717946 0.061855670103092786 0.3076923076923077 0.05670103092783505 0.3173076923076923 0.05154639175257732
1 0.6602564102564102 0 0.6987179487179487 0 0.6987179487179487 0.020618556701030927 0.6955128205128205 0.02577319587628866 0.6698717948717948 0.02577319587628866 0.6602564102564102 0.010309278350515464 0.6602564102564102 0.005154639175257732
2 0.8910256410256411 0.8711340206185567 0.8942307692307693 0.8762886597938144 0.8942307692307693 0.8917525773195877 0.8910256410256411 0.8969072164948454 0.8814102564102564 0.8969072164948454 0.8782051282051282 0.8917525773195877 0.8814102564102564 0.8762886597938144 0.8846153846153846 0.8711340206185567 0.8878205128205128 0.8711340206185567
2 0.7948717948717948 0.8402061855670103 0.8044871794871795 0.8350515463917526 0.8108974358974359 0.845360824742268 0.8108974358974359 0.8556701030927835 0.8076923076923077 0.8608247422680413 0.8012820512820513 0.8608247422680413 0.7980769230769231 0.865979381443299 0.7948717948717948 0.8608247422680413 0.7948717948717948 0.845360824742268
2 0.8173076923076923 0.9587628865979382 0.8269230769230769 0.9587628865979382 0.8333333333333334 0.9690721649484536 0.8333333333333334 0.979381443298969 0.8301282051282052 0.9845360824742269 0.8301282051282052 0.9896907216494846 0.8173076923076923 0.9896907216494846 0.8173076923076923 0.9845360824742269 0.8141025641025641 0.979381443298969 0.8141025641025641 0.9690721649484536 0.8173076923076923 0.9639175257731959
2 0.7916666666666666 0.8762886597938144 0.7948717948717948 0.8814432989690721 0.7948717948717948 0.8969072164948454 0.7884615384615384 0.9072164948453608 0.7852564102564102 0.9072164948453608 0.782051282051282 0.9020618556701031 0.782051282051282 0.8814432989690721 0.7852564102564102 0.8762886597938144 0.7884615384615384 0.8762886597938144
2 0.7435897435897436 0.8608247422680413 0.7467948717948718 0.8608247422680413 0.75 0.8556701030927835 0.7596153846153846 0.8556701030927835 0.7628205128205128 0.8608247422680413 0.7628205128205128 0.8762886597938144 0.7564102564102564 0.8865979381443299 0.7467948717948718 0.8865979381443299 0.7435897435897436 0.8814432989690721 0.7435897435897436 0.865979381443299
2 0.7099476439790576 0.8133858692718735 0.025130890052356022 0.04378474658606358
2 0.5737179487179487 0.7783505154639175 0.5769230769230769 0.7783505154639175 0.5833333333333334 0.788659793814433 0.5833333333333334 0.8041237113402062 0.5737179487179487 0.8041237113402062 0.5705128205128205 0.7989690721649485 0.5705128205128205 0.788659793814433 0.5737179487179487 0.7835051546391752
2 0.56282722513089 0.7131861607383818 0.01780104712041885 0.031996545582123385
2 0.4670157068062827 0.6508770982889837 0.02094240837696335 0.03536460301182059
2 0.44551282051282054 0.634020618556701 0.44871794871794873 0.6391752577319587 0.44871794871794873 0.654639175257732 0.4423076923076923 0.6649484536082474 0.4326923076923077 0.6597938144329897 0.4326923076923077 0.654639175257732 0.42948717948717946 0.6494845360824743 0.42948717948717946 0.6391752577319587 0.4326923076923077 0.634020618556701 0.4423076923076923 0.634020618556701
1 0.4775641025641026 0.8350515463917526 0.483974358974359 0.8505154639175257 0.483974358974359 0.8814432989690721 0.4807692307692308 0.8865979381443299 0.4807692307692308 0.8917525773195877 0.4775641025641026 0.8917525773195877 0.47435897435897434 0.8969072164948454 0.4551282051282051 0.8969072164948454 0.44871794871794873 0.8865979381443299 0.44871794871794873 0.865979381443299 0.4519230769230769 0.8608247422680413 0.4551282051282051 0.845360824742268 0.46474358974358976 0.8350515463917526 0.47435897435897434 0.8350515463917526
1 0.44871794871794873 0.8195876288659794 0.44871794871794873 0.8298969072164949 0.4519230769230769 0.8350515463917526 0.4519230769230769 0.8556701030927835 0.44551282051282054 0.865979381443299 0.4326923076923077 0.865979381443299 0.42948717948717946 0.8608247422680413 0.42628205128205127 0.8608247422680413 0.4198717948717949 0.8505154639175257 0.4198717948717949 0.8247422680412371 0.4230769230769231 0.8195876288659794 0.42628205128205127 0.8195876288659794 0.4358974358974359 0.8092783505154639 0.4391025641025641 0.8092783505154639 0.44551282051282054 0.8195876288659794
2 0.9455128205128205 0.38144329896907214 0.9551282051282052 0.38144329896907214 0.9551282051282052 0.3865979381443299 0.9583333333333334 0.3917525773195876 0.9583333333333334 0.4020618556701031 0.9551282051282052 0.4072164948453608 0.9455128205128205 0.4072164948453608 0.9423076923076923 0.4020618556701031 0.9423076923076923 0.3917525773195876 0.9455128205128205 0.3865979381443299
2 0.9358974358974359 0.31443298969072164 0.9391025641025641 0.31958762886597936 0.9423076923076923 0.31958762886597936 0.9423076923076923 0.3247422680412371 0.9455128205128205 0.32989690721649484 0.9423076923076923 0.33505154639175255 0.9423076923076923 0.3402061855670103 0.9326923076923077 0.3402061855670103 0.9294871794871795 0.33505154639175255 0.9294871794871795 0.31958762886597936 0.9326923076923077 0.31958762886597936
2 0.11413612565445018 0.42184919306957414 0.023036649214659685 0.03536460301182059
2 0.16346153846153846 0.28865979381443296 0.16346153846153846 0.30412371134020616 0.16025641025641027 0.30412371134020616 0.15705128205128205 0.30927835051546393 0.15384615384615385 0.30927835051546393 0.14743589743589744 0.29896907216494845 0.14743589743589744 0.29381443298969073 0.15384615384615385 0.28350515463917525 0.15705128205128205 0.28350515463917525 0.16025641025641027 0.28865979381443296
2 0.2047120418848168 0.3073352404598694 0.015706806282722512 0.028628488152426187
2 0.16346153846153846 0.38144329896907214 0.16666666666666666 0.3865979381443299 0.16987179487179488 0.3865979381443299 0.16987179487179488 0.4020618556701031 0.16666666666666666 0.4072164948453608 0.16666666666666666 0.41237113402061853 0.15064102564102563 0.41237113402061853 0.15064102564102563 0.3917525773195876 0.15384615384615385 0.3865979381443299 0.16025641025641027 0.3865979381443299