1 0.21153846153846154 0.5625 0.22435897435897437 0.59375 0.22435897435897437 0.6484375 0.21794871794871795 0.6640625 0.21474358974358973 0.6640625 0.21153846153846154 0.671875 0.20192307692307693 0.671875 0.1987179487179487 0.6796875 0.1955128205128205 0.6796875 0.19230769230769232 0.671875 0.1858974358974359 0.671875 0.1762820512820513 0.6484375 0.1762820512820513 0.6015625 0.1858974358974359 0.578125 0.1891025641025641 0.578125 0.1987179487179487 0.5625 0.20833333333333334 0.5625
1 0.7275641025641025 0.2578125 0.7339743589743589 0.28125 0.7339743589743589 0.328125 0.7307692307692307 0.3359375 0.7307692307692307 0.34375 0.7211538461538461 0.3671875 0.6987179487179487 0.3671875 0.6891025641025641 0.34375 0.6891025641025641 0.328125 0.6858974358974359 0.3203125 0.6858974358974359 0.28125 0.6891025641025641 0.2734375 0.6891025641025641 0.265625 0.6987179487179487 0.25 0.7211538461538461 0.25 0.7243589743589743 0.2578125
1 0.5128205128205128 0.0234375 0.5224358974358975 0.0390625 0.5256410256410257 0.0625 0.5288461538461539 0.0703125 0.5288461538461539 0.1015625 0.5256410256410257 0.109375 0.5256410256410257 0.1171875 0.5160256410256411 0.140625 0.5128205128205128 0.140625 0.5096153846153846 0.1484375 0.49038461538461536 0.1484375 0.48717948717948717 0.140625 0.483974358974359 0.140625 0.47435897435897434 0.1171875 0.47435897435897434 0.0625 0.4775641025641026 0.0546875 0.4775641025641026 0.046875 0.48717948717948717 0.0234375 0.5096153846153846 0.0234375
1 0.6508528784648188 0.5236207356076759 0.04584221748400853 0.10654317697228145
1 0.21153846153846154 0.28125 0.21474358974358973 0.2890625 0.21794871794871795 0.2890625 0.22756410256410256 0.3125 0.22756410256410256 0.3671875 0.22115384615384615 0.390625 0.21794871794871795 0.390625 0.21474358974358973 0.3984375 0.20833333333333334 0.3984375 0.20512820512820512 0.40625 0.1987179487179487 0.40625 0.1955128205128205 0.3984375 0.1891025641025641 0.3984375 0.18269230769230768 0.3828125 0.18269230769230768 0.375 0.1794871794871795 0.3671875 0.1794871794871795 0.3515625 0.1762820512820513 0.34375 0.1762820512820513 0.328125 0.1794871794871795 0.3203125 0.1794871794871795 0.3046875 0.1858974358974359 0.2890625 0.1891025641025641 0.2890625 0.19230769230769232 0.28125 0.20833333333333334 0.28125
1 0.17307692307692307 0.4140625 0.18269230769230768 0.4296875 0.18269230769230768 0.4375 0.1858974358974359 0.4453125 0.1858974358974359 0.4609375 0.1891025641025641 0.46875 0.1891025641025641 0.484375 0.1858974358974359 0.4921875 0.1858974358974359 0.5 0.1794871794871795 0.515625 0.1762820512820513 0.515625 0.17307692307692307 0.5234375 0.15384615384615385 0.5234375 0.14102564102564102 0.4921875 0.14102564102564102 0.484375 0.13782051282051283 0.4765625 0.13782051282051283 0.4375 0.14102564102564102 0.4296875 0.14102564102564102 0.421875 0.14423076923076922 0.421875 0.14743589743589744 0.4140625 0.16987179487179488 0.4140625
1 0.08653846153846154 0.4375 0.09294871794871795 0.4609375 0.09294871794871795 0.5 0.08653846153846154 0.515625 0.08653846153846154 0.5234375 0.08333333333333333 0.5234375 0.08012820512820513 0.53125 0.07371794871794872 0.53125 0.07051282051282051 0.5390625 0.060897435897435896 0.5390625 0.057692307692307696 0.53125 0.05128205128205128 0.53125 0.04807692307692308 0.5234375 0.04487179487179487 0.5234375 0.041666666666666664 0.515625 0.041666666666666664 0.5078125 0.035256410256410256 0.484375 0.035256410256410256 0.4375 0.04487179487179487 0.4140625 0.0673076923076923 0.4140625 0.07051282051282051 0.421875 0.07692307692307693 0.421875 0.08333333333333333 0.4375
0 0.7532051282051282 0.6015625 0.7596153846153846 0.6171875 0.7628205128205128 0.6171875 0.7724358974358975 0.640625 0.7724358974358975 0.65625 0.7756410256410257 0.6640625 0.7756410256410257 0.671875 0.7724358974358975 0.6796875 0.7724358974358975 0.703125 0.7692307692307693 0.7109375 0.7692307692307693 0.71875 0.7628205128205128 0.734375 0.7564102564102564 0.734375 0.7532051282051282 0.7421875 0.7275641025641025 0.7421875 0.7243589743589743 0.734375 0.7147435897435898 0.7265625 0.7147435897435898 0.71875 0.7083333333333334 0.6953125 0.7083333333333334 0.65625 0.7115384615384616 0.6484375 0.7115384615384616 0.640625 0.7211538461538461 0.6171875 0.7339743589743589 0.6171875 0.7403846153846154 0.6015625 0.75 0.6015625
1 0.13859275053304906 0.30143923240938164 0.03624733475479744 0.0935501066098081
1 0.11858974358974358 0.3125 0.13141025641025642 0.34375 0.13141025641025642 0.375 0.1282051282051282 0.3828125 0.1282051282051282 0.390625 0.125 0.390625 0.12179487179487179 0.3984375 0.10576923076923077 0.3984375 0.09615384615384616 0.375 0.09615384615384616 0.34375 0.09935897435897435 0.3359375 0.09935897435897435 0.328125 0.10576923076923077 0.3125 0.11538461538461539 0.3125
1 0.3141025641025641 0.65625 0.32371794871794873 0.6796875 0.32371794871794873 0.71875 0.3141025641025641 0.7421875 0.30128205128205127 0.7421875 0.2980769230769231 0.734375 0.2948717948717949 0.734375 0.28846153846153844 0.7109375 0.28846153846153844 0.671875 0.2948717948717949 0.65625 0.3108974358974359 0.65625
1 0.9391025641025641 0.2890625 0.9423076923076923 0.296875 0.9455128205128205 0.296875 0.9551282051282052 0.3203125 0.9551282051282052 0.328125 0.9583333333333334 0.3359375 0.9583333333333334 0.359375 0.9487179487179487 0.3828125 0.9294871794871795 0.3828125 0.9230769230769231 0.3671875 0.9198717948717948 0.3671875 0.9198717948717948 0.359375 0.9134615384615384 0.3359375 0.9166666666666666 0.3125 0.9262820512820513 0.2890625 0.9358974358974359 0.2890625
1 0.4198717948717949 0.0546875 0.4230769230769231 0.0546875 0.4326923076923077 0.0390625 0.4358974358974359 0.0390625 0.4391025641025641 0.046875 0.44551282051282054 0.046875 0.4551282051282051 0.0703125 0.4551282051282051 0.0859375 0.4583333333333333 0.09375 0.4583333333333333 0.109375 0.4551282051282051 0.1171875 0.4551282051282051 0.125 0.4519230769230769 0.125 0.4423076923076923 0.140625 0.42628205128205127 0.140625 0.4166666666666667 0.1171875 0.4166666666666667 0.0703125 0.4198717948717949 0.0625
1 0.3269230769230769 0.1484375 0.3333333333333333 0.1640625 0.3333333333333333 0.171875 0.33653846153846156 0.1796875 0.33653846153846156 0.2109375 0.3269230769230769 0.234375 0.32371794871794873 0.234375 0.32051282051282054 0.2421875 0.3141025641025641 0.2421875 0.3108974358974359 0.25 0.2980769230769231 0.25 0.2948717948717949 0.2421875 0.2916666666666667 0.2421875 0.28525641025641024 0.2265625 0.28525641025641024 0.2109375 0.28205128205128205 0.203125 0.28205128205128205 0.1953125 0.28525641025641024 0.1875 0.28846153846153844 0.1640625 0.2916666666666667 0.15625 0.2948717948717949 0.15625 0.30448717948717946 0.140625 0.32051282051282054 0.140625 0.32371794871794873 0.1484375
1 0.7147435897435898 0.75 0.7243589743589743 0.7734375 0.7243589743589743 0.796875 0.7275641025641025 0.8046875 0.7243589743589743 0.8125 0.7243589743589743 0.828125 0.7147435897435898 0.84375 0.6987179487179487 0.84375 0.6955128205128205 0.8359375 0.6923076923076923 0.8359375 0.6923076923076923 0.828125 0.6891025641025641 0.8203125 0.6891025641025641 0.78125 0.6923076923076923 0.7734375 0.6923076923076923 0.765625 0.7019230769230769 0.75 0.7115384615384616 0.75
1 0.8205128205128205 0.7109375 0.8237179487179487 0.7109375 0.8269230769230769 0.703125 0.8365384615384616 0.6953125 0.8397435897435898 0.703125 0.8461538461538461 0.703125 0.8461538461538461 0.7109375 0.8525641025641025 0.7265625 0.8525641025641025 0.765625 0.8493589743589743 0.7734375 0.8461538461538461 0.7734375 0.842948717948718 0.78125 0.8269230769230769 0.78125 0.8173076923076923 0.7578125 0.8173076923076923 0.7265625 0.8205128205128205 0.71875
1 0.8076923076923077 0.84375 0.8108974358974359 0.84375 0.8141025641025641 0.8359375 0.8301282051282052 0.8359375 0.8333333333333334 0.84375 0.8365384615384616 0.84375 0.842948717948718 0.8671875 0.842948717948718 0.8984375 0.8365384615384616 0.9140625 0.8333333333333334 0.9140625 0.8301282051282052 0.921875 0.8205128205128205 0.921875 0.8173076923076923 0.9140625 0.8141025641025641 0.9140625 0.8044871794871795 0.890625 0.8044871794871795 0.859375 0.8076923076923077 0.8515625
1 0.935501066098081 0.6652452025586354 0.03518123667377399 0.09874733475479744
1 0.3038379530916844 0.8094682835820896 0.03411513859275053 0.09095149253731344
1 0.9102564102564102 0.7265625 0.9166666666666666 0.7421875 0.9166666666666666 0.78125 0.9134615384615384 0.7890625 0.9006410256410257 0.7890625 0.8942307692307693 0.7734375 0.8942307692307693 0.765625 0.8910256410256411 0.7578125 0.8910256410256411 0.75 0.8974358974358975 0.7265625 0.907051282051282 0.7265625
1 0.9557569296375268 0.2507662579957356 0.03091684434968017 0.07535980810234541
1 0.9230769230769231 0.15625 0.9262820512820513 0.1640625 0.9294871794871795 0.1640625 0.9358974358974359 0.1875 0.9358974358974359 0.21875 0.9326923076923077 0.2265625 0.9166666666666666 0.2265625 0.9102564102564102 0.2109375 0.9102564102564102 0.203125 0.907051282051282 0.1953125 0.907051282051282 0.1796875 0.9102564102564102 0.171875 0.9102564102564102 0.1640625 0.9198717948717948 0.15625
1 0.843816631130064 0.3729011194029851 0.04371002132196162 0.10654317697228145
1 0.6955128205128205 0.359375 0.7051282051282052 0.3828125 0.7051282051282052 0.390625 0.7083333333333334 0.3984375 0.7083333333333334 0.4296875 0.7019230769230769 0.4453125 0.6987179487179487 0.4453125 0.6955128205128205 0.453125 0.6858974358974359 0.453125 0.6762820512820513 0.4296875 0.6762820512820513 0.421875 0.6730769230769231 0.4140625 0.6730769230769231 0.390625 0.6762820512820513 0.3828125 0.6762820512820513 0.375 0.6794871794871795 0.3671875 0.6858974358974359 0.3671875 0.6891025641025641 0.359375 0.6923076923076923 0.359375
2 0.5833333333333334 0.484375 0.5961538461538461 0.484375 0.5993589743589743 0.4921875 0.5993589743589743 0.5234375 0.5961538461538461 0.5234375 0.592948717948718 0.53125 0.5865384615384616 0.53125 0.5801282051282052 0.515625 0.5801282051282052 0.5 0.5833333333333334 0.4921875
2 0.7052238805970149 0.923807302771855 0.02878464818763326 0.07016257995735607
2 0.28205128205128205 0.6328125 0.28205128205128205 0.6640625 0.27884615384615385 0.671875 0.266025641025641 0.671875 0.26282051282051283 0.6640625 0.26282051282051283 0.640625 0.266025641025641 0.6328125 0.2692307692307692 0.6328125 0.2724358974358974 0.625 0.27564102564102566 0.625 0.27884615384615385 0.6328125
2 0.2692307692307692 0.6953125 0.2724358974358974 0.703125 0.27564102564102566 0.703125 0.28205128205128205 0.71875 0.27884615384615385 0.7421875 0.27564102564102566 0.7421875 0.2724358974358974 0.75 0.266025641025641 0.75 0.25961538461538464 0.734375 0.25961538461538464 0.7109375 0.26282051282051283 0.703125 0.266025641025641 0.703125
2 0.10287846481876328 0.7406050106609808 0.022388059701492536 0.05716950959488273
2 0.15064102564102563 0.65625 0.15705128205128205 0.671875 0.15705128205128205 0.6953125 0.15064102564102563 0.7109375 0.1346153846153846 0.7109375 0.13141025641025642 0.703125 0.13141025641025642 0.6640625 0.14102564102564102 0.6484375 0.14423076923076922 0.6484375 0.14743589743589744 0.65625
2 0.08528784648187636 0.7912779850746269 0.02771855010660981 0.06496535181236673
2 0.08475479744136458 0.6860341151385928 0.024520255863539446 0.06236673773987207
2 0.035256410256410256 0.6640625 0.035256410256410256 0.6328125 0.038461538461538464 0.625 0.04807692307692308 0.625 0.05448717948717949 0.640625 0.05448717948717949 0.65625 0.05128205128205128 0.6640625 0.04807692307692308 0.6640625 0.04487179487179487 0.671875 0.041666666666666664 0.6640625 0.038461538461538464 0.6640625
2 0.13965884861407246 0.6197694562899787 0.02345415778251599 0.05457089552238806
2 0.7596153846153846 0.2890625 0.7660256410256411 0.3046875 0.7660256410256411 0.3203125 0.7596153846153846 0.3359375 0.7532051282051282 0.3359375 0.75 0.328125 0.7467948717948718 0.328125 0.7467948717948718 0.296875 0.7564102564102564 0.2890625
2 0.6474358974358975 0.2265625 0.6506410256410257 0.234375 0.6506410256410257 0.2734375 0.6474358974358975 0.28125 0.6346153846153846 0.28125 0.6282051282051282 0.2578125 0.6282051282051282 0.2421875 0.6346153846153846 0.2265625 0.6442307692307693 0.2265625
2 0.657051282051282 0.3359375 0.6666666666666666 0.3515625 0.6666666666666666 0.375 0.6634615384615384 0.3828125 0.6506410256410257 0.3828125 0.6474358974358975 0.375 0.6474358974358975 0.3515625 0.6506410256410257 0.34375 0.6538461538461539 0.34375
1 0.5628997867803839 0.2650586353944563 0.03411513859275053 0.08835287846481876
1 0.5341151385927505 0.20529051172707888 0.02771855010660981 0.07276119402985075
1 0.266025641025641 0.28125 0.2724358974358974 0.3046875 0.2724358974358974 0.328125 0.26282051282051283 0.3515625 0.2532051282051282 0.3515625 0.25 0.34375 0.2467948717948718 0.34375 0.2403846153846154 0.3203125 0.2403846153846154 0.3046875 0.24358974358974358 0.296875 0.24358974358974358 0.2890625 0.25 0.2734375 0.25961538461538464 0.2734375 0.26282051282051283 0.28125
1 0.1987179487179487 0.1015625 0.20512820512820512 0.1171875 0.20512820512820512 0.125 0.20833333333333334 0.1328125 0.20833333333333334 0.140625 0.20192307692307693 0.1640625 0.1794871794871795 0.1640625 0.1762820512820513 0.15625 0.17307692307692307 0.15625 0.16346153846153846 0.1328125 0.16346153846153846 0.109375 0.16987179487179488 0.09375 0.19230769230769232 0.09375 0.1955128205128205 0.1015625
1 0.1762820512820513 0.1875 0.1794871794871795 0.1953125 0.18269230769230768 0.1953125 0.1891025641025641 0.2109375 0.1891025641025641 0.2578125 0.1794871794871795 0.28125 0.17307692307692307 0.28125 0.16987179487179488 0.2890625 0.15705128205128205 0.2890625 0.14423076923076922 0.2578125 0.14423076923076922 0.2265625 0.14743589743589744 0.21875 0.15064102564102563 0.1953125 0.15384615384615385 0.1953125 0.15705128205128205 0.1875 0.17307692307692307 0.1875
2 0.36538461538461536 0.7578125 0.3717948717948718 0.7734375 0.3717948717948718 0.78125 0.375 0.7890625 0.375 0.8046875 0.3717948717948718 0.8125 0.3717948717948718 0.8203125 0.3685897435897436 0.8203125 0.36538461538461536 0.828125 0.358974358974359 0.828125 0.3525641025641026 0.8125 0.3525641025641026 0.8046875 0.34935897435897434 0.796875 0.34935897435897434 0.78125 0.358974358974359 0.7578125 0.36217948717948717 0.7578125
2 0.3782051282051282 0.6796875 0.3782051282051282 0.7109375 0.375 0.71875 0.36217948717948717 0.71875 0.36217948717948717 0.7109375 0.358974358974359 0.703125 0.358974358974359 0.6875 0.36217948717948717 0.6796875 0.36538461538461536 0.6796875 0.3685897435897436 0.671875 0.3717948717948718 0.671875 0.375 0.6796875
2 0.6057692307692307 0.21875 0.6089743589743589 0.2265625 0.6089743589743589 0.25 0.5993589743589743 0.265625 0.5897435897435898 0.25 0.5897435897435898 0.2265625 0.592948717948718 0.21875 0.6025641025641025 0.21875
2 0.7628205128205128 0.484375 0.7564102564102564 0.46875 0.7564102564102564 0.453125 0.7628205128205128 0.4375 0.7660256410256411 0.4375 0.7692307692307693 0.4453125 0.7692307692307693 0.4765625 0.7660256410256411 0.4765625
2 0.38461538461538464 0.1328125 0.38782051282051283 0.140625 0.38782051282051283 0.15625 0.38461538461538464 0.1640625 0.3814102564102564 0.1640625 0.375 0.1484375 0.375 0.140625 0.3782051282051282 0.1328125 0.3814102564102564 0.1328125
1 0.36538461538461536 0.046875 0.375 0.0703125 0.375 0.1015625 0.3717948717948718 0.109375 0.3717948717948718 0.1171875 0.36538461538461536 0.1328125 0.36217948717948717 0.1328125 0.358974358974359 0.140625 0.3557692307692308 0.1328125 0.34615384615384615 0.1328125 0.34294871794871795 0.125 0.34294871794871795 0.1171875 0.33974358974358976 0.109375 0.33974358974358976 0.078125 0.3525641025641026 0.046875 0.36217948717948717 0.046875
2 0.23507462686567165 0.5496068763326226 0.01812366737739872 0.04417643923240938
2 0.8214285714285714 0.18839952025586354 0.024520255863539446 0.059768123667377396
2 0.8017057569296375 0.12213486140724947 0.02345415778251599 0.05197228144989339
1 0.8589743589743589 0.0859375 0.8621794871794872 0.09375 0.8621794871794872 0.1171875 0.8589743589743589 0.125 0.8589743589743589 0.140625 0.8525641025641025 0.15625 0.8493589743589743 0.15625 0.8461538461538461 0.1640625 0.8397435897435898 0.1640625 0.8333333333333334 0.1484375 0.8333333333333334 0.1015625 0.8397435897435898 0.0859375 0.8557692307692307 0.0859375
2 0.8493589743589743 0.03125 0.8589743589743589 0.03125 0.8653846153846154 0.046875 0.8589743589743589 0.0625 0.8525641025641025 0.0625 0.8493589743589743 0.0546875 0.8493589743589743 0.0390625
0 0.9294871794871795 0 0.9391025641025641 0.015625 0.9391025641025641 0.0234375 0.9487179487179487 0.046875 0.9519230769230769 0.0703125 0.9583333333333334 0.0859375 0.9583333333333334 0.1015625 0.9615384615384616 0.109375 0.9615384615384616 0.140625 0.9551282051282052 0.1640625 0.9391025641025641 0.1640625 0.9358974358974359 0.15625 0.9294871794871795 0.15625 0.9262820512820513 0.1484375 0.9230769230769231 0.1484375 0.8974358974358975 0.078125 0.8974358974358975 0.0625 0.8942307692307693 0.0546875 0.8942307692307693 0.0078125 0.8974358974358975 0 0.9262820512820513 0
2 0.7724358974358975 0.0625 0.782051282051282 0.0625 0.7852564102564102 0.0703125 0.7852564102564102 0.078125 0.782051282051282 0.0859375 0.7724358974358975 0.0859375 0.7724358974358975 0.0703125
2 0.1282051282051282 0.0234375 0.13141025641025642 0.03125 0.13141025641025642 0.0390625 0.125 0.0546875 0.12179487179487179 0.046875 0.11858974358974358 0.046875 0.11858974358974358 0.03125 0.12179487179487179 0.0234375 0.125 0.0234375
2 0.15064102564102563 0.0078125 0.15384615384615385 0.015625 0.15384615384615385 0.0390625 0.15064102564102563 0.046875 0.14743589743589744 0.046875 0.14102564102564102 0.03125 0.14102564102564102 0.015625 0.14423076923076922 0.0078125 0.14743589743589744 0.0078125
2 0.23397435897435898 0.171875 0.24358974358974358 0.1875 0.24358974358974358 0.2109375 0.2403846153846154 0.21875 0.22756410256410256 0.21875 0.22756410256410256 0.2109375 0.22435897435897437 0.203125 0.22435897435897437 0.1796875 0.22756410256410256 0.171875 0.23076923076923078 0.171875
2 0.23397435897435898 0.234375 0.23397435897435898 0.2421875 0.23717948717948717 0.25 0.23397435897435898 0.2578125 0.23397435897435898 0.265625 0.22435897435897437 0.2578125 0.22435897435897437 0.2421875 0.22756410256410256 0.234375 0.23076923076923078 0.234375
1 0.2659914712153518 0.0896521855010661 0.04157782515991471 0.0857542643923241
1 0.2318763326226013 0.08705357142857142 0.03091684434968017 0.07535980810234541
2 0.27884615384615385 0.140625 0.27884615384615385 0.1640625 0.27564102564102566 0.1640625 0.2724358974358974 0.171875 0.2692307692307692 0.171875 0.26282051282051283 0.15625 0.26282051282051283 0.1484375 0.266025641025641 0.140625 0.27564102564102566 0.140625
2 0.1858974358974359 0 0.1858974358974359 0.015625 0.18269230769230768 0.0234375 0.1762820512820513 0.0234375 0.17307692307692307 0.03125 0.16666666666666666 0.03125 0.16346153846153846 0.0234375 0.16346153846153846 0.0078125 0.16666666666666666 0 0.18269230769230768 0
1 0.40191897654584224 0.5950826226012793 0.03411513859275053 0.08835287846481876
1 0.3814102564102564 0.4921875 0.38782051282051283 0.5078125 0.391025641025641 0.53125 0.38461538461538464 0.5546875 0.3782051282051282 0.5546875 0.375 0.5625 0.3525641025641026 0.5625 0.34935897435897434 0.5546875 0.34615384615384615 0.5546875 0.34615384615384615 0.546875 0.34294871794871795 0.5390625 0.34294871794871795 0.5234375 0.34615384615384615 0.515625 0.34615384615384615 0.5078125 0.3557692307692308 0.4921875 0.36217948717948717 0.4921875 0.36538461538461536 0.484375 0.375 0.484375 0.3782051282051282 0.4921875
2 0.6538461538461539 0.140625 0.6634615384615384 0.1640625 0.6634615384615384 0.171875 0.6602564102564102 0.1796875 0.6602564102564102 0.1875 0.6506410256410257 0.203125 0.6474358974358975 0.203125 0.6378205128205128 0.1875 0.6378205128205128 0.1484375 0.6410256410256411 0.140625 0.6506410256410257 0.140625
1 0.5993589743589743 0.140625 0.5993589743589743 0.1328125 0.5961538461538461 0.125 0.5961538461538461 0.109375 0.6025641025641025 0.09375 0.6089743589743589 0.09375 0.6153846153846154 0.0703125 0.625 0.0703125 0.6314102564102564 0.0859375 0.6314102564102564 0.09375 0.6346153846153846 0.1015625 0.6346153846153846 0.1171875 0.6217948717948718 0.1484375 0.6217948717948718 0.15625 0.6121794871794872 0.15625 0.6057692307692307 0.140625 0.6025641025641025 0.140625
2 0.3717948717948718 0.328125 0.3717948717948718 0.3125 0.375 0.3046875 0.38461538461538464 0.3046875 0.38461538461538464 0.3125 0.38782051282051283 0.3203125 0.38782051282051283 0.328125 0.38461538461538464 0.3359375 0.3782051282051282 0.3359375 0.375 0.328125
1 0.2403846153846154 0.3984375 0.24358974358974358 0.40625 0.2467948717948718 0.40625 0.2532051282051282 0.421875 0.2532051282051282 0.4609375 0.25 0.46875 0.23397435897435898 0.46875 0.22756410256410256 0.4453125 0.22756410256410256 0.4140625 0.23397435897435898 0.3984375 0.23717948717948717 0.3984375
2 0.7051282051282052 0.046875 0.7051282051282052 0.0703125 0.7019230769230769 0.078125 0.6923076923076923 0.0703125 0.6923076923076923 0.046875 0.6955128205128205 0.0390625 0.6987179487179487 0.0390625 0.7019230769230769 0.046875
1 0.7788461538461539 0 0.7788461538461539 0.0234375 0.7724358974358975 0.0390625 0.7692307692307693 0.0390625 0.7660256410256411 0.046875 0.7596153846153846 0.046875 0.7564102564102564 0.0390625 0.7532051282051282 0.0390625 0.7532051282051282 0.015625 0.75 0.0078125 0.75 0 0.7756410256410257 0
1 0.5384615384615384 0 0.5673076923076923 0 0.5673076923076923 0.03125 0.5608974358974359 0.046875 0.5576923076923077 0.046875 0.5544871794871795 0.0546875 0.5480769230769231 0.0546875 0.5384615384615384 0.0390625 0.5384615384615384 0.0078125
2 0.6153846153846154 0.3515625 0.6185897435897436 0.359375 0.6185897435897436 0.375 0.6153846153846154 0.3828125 0.6089743589743589 0.3828125 0.6089743589743589 0.375 0.6057692307692307 0.3671875 0.6057692307692307 0.359375 0.6089743589743589 0.3515625 0.6121794871794872 0.3515625
2 0.7275641025641025 0.4296875 0.7339743589743589 0.4296875 0.7403846153846154 0.4453125 0.7403846153846154 0.46875 0.7275641025641025 0.46875 0.7243589743589743 0.4609375 0.7243589743589743 0.4453125 0.7275641025641025 0.4375
2 0.8012820512820513 0.3125 0.8044871794871795 0.3203125 0.8044871794871795 0.3515625 0.8012820512820513 0.3515625 0.7980769230769231 0.34375 0.7980769230769231 0.3359375 0.7948717948717948 0.328125 0.7980769230769231 0.3203125
1 0.7852564102564102 0.234375 0.7884615384615384 0.2421875 0.7916666666666666 0.2421875 0.7980769230769231 0.265625 0.7980769230769231 0.2890625 0.7948717948717948 0.296875 0.7948717948717948 0.3046875 0.7916666666666666 0.3046875 0.7884615384615384 0.3125 0.7788461538461539 0.3125 0.7724358974358975 0.296875 0.7724358974358975 0.2890625 0.7692307692307693 0.28125 0.7692307692307693 0.2578125 0.7788461538461539 0.234375 0.782051282051282 0.234375
2 0.8269230769230769 0.265625 0.8301282051282052 0.2734375 0.8301282051282052 0.3046875 0.8269230769230769 0.3125 0.8237179487179487 0.3125 0.8173076923076923 0.296875 0.8173076923076923 0.2734375 0.8205128205128205 0.265625 0.8237179487179487 0.265625