0 0.4358974358974359 0.1320754716981132 0.4423076923076923 0.13962264150943396 0.44551282051282054 0.13962264150943396 0.4583333333333333 0.15471698113207547 0.46794871794871795 0.15849056603773584 0.46794871794871795 0.16226415094339622 0.47115384615384615 0.1660377358490566 0.47115384615384615 0.18867924528301888 0.46794871794871795 0.19245283018867926 0.46474358974358976 0.2037735849056604 0.4551282051282051 0.21509433962264152 0.44871794871794873 0.21509433962264152 0.4391025641025641 0.22264150943396227 0.4358974358974359 0.22264150943396227 0.42948717948717946 0.21509433962264152 0.42628205128205127 0.21509433962264152 0.42628205128205127 0.21132075471698114 0.4230769230769231 0.20754716981132076 0.4198717948717949 0.20754716981132076 0.40384615384615385 0.18867924528301888 0.40384615384615385 0.18490566037735848 0.40064102564102566 0.1811320754716981 0.40064102564102566 0.16981132075471697 0.40384615384615385 0.1660377358490566 0.40384615384615385 0.16226415094339622 0.40705128205128205 0.16226415094339622 0.41025641025641024 0.15849056603773584 0.41025641025641024 0.15471698113207547 0.4198717948717949 0.13962264150943396 0.4198717948717949 0.13584905660377358 0.4230769230769231 0.1320754716981132 0.4326923076923077 0.1320754716981132
1 0.4230769230769231 0.8226415094339623 0.42948717948717946 0.8301886792452831 0.42948717948717946 0.8339622641509434 0.4358974358974359 0.8452830188679246 0.4358974358974359 0.8603773584905661 0.4230769230769231 0.8716981132075472 0.40384615384615385 0.8716981132075472 0.40384615384615385 0.8679245283018868 0.40064102564102566 0.8641509433962264 0.40064102564102566 0.8566037735849057 0.3974358974358974 0.8528301886792453 0.3974358974358974 0.8377358490566038 0.40064102564102566 0.8339622641509434 0.40064102564102566 0.8301886792452831 0.41025641025641024 0.8226415094339623 0.4198717948717949 0.8226415094339623
2 0.40384615384615385 0.7547169811320755 0.40384615384615385 0.7396226415094339 0.41025641025641024 0.7320754716981132 0.4198717948717949 0.7320754716981132 0.42628205128205127 0.7396226415094339 0.42628205128205127 0.7509433962264151 0.4198717948717949 0.7584905660377359 0.41025641025641024 0.7584905660377359 0.40705128205128205 0.7547169811320755
1 0.48717948717948717 0.4981132075471698 0.5032051282051282 0.4981132075471698 0.5032051282051282 0.5018867924528302 0.5128205128205128 0.5169811320754717 0.5128205128205128 0.5245283018867924 0.5032051282051282 0.539622641509434 0.483974358974359 0.539622641509434 0.4807692307692308 0.5358490566037736 0.4807692307692308 0.5094339622641509 0.48717948717948717 0.5018867924528302
1 0.1955128205128205 0.4867924528301887 0.20512820512820512 0.4981132075471698 0.20512820512820512 0.5283018867924528 0.20192307692307693 0.5320754716981132 0.20192307692307693 0.5358490566037736 0.1987179487179487 0.5358490566037736 0.1891025641025641 0.5433962264150943 0.1762820512820513 0.5433962264150943 0.17307692307692307 0.539622641509434 0.16987179487179488 0.539622641509434 0.16025641025641027 0.5245283018867924 0.16025641025641027 0.5094339622641509 0.16987179487179488 0.49056603773584906 0.17307692307692307 0.49056603773584906 0.1762820512820513 0.4867924528301887 0.19230769230769232 0.4867924528301887
1 0.3637873754152825 0.34225537516454585 0.04318936877076412 0.04693788002256629
1 0.717948717948718 0.5433962264150943 0.7211538461538461 0.5471698113207547 0.7307692307692307 0.5471698113207547 0.7371794871794872 0.5547169811320755 0.7371794871794872 0.5622641509433962 0.7403846153846154 0.5660377358490566 0.7403846153846154 0.5773584905660377 0.7371794871794872 0.5811320754716981 0.7371794871794872 0.5849056603773585 0.7339743589743589 0.5849056603773585 0.7307692307692307 0.5886792452830188 0.6987179487179487 0.5886792452830188 0.6955128205128205 0.5849056603773585 0.6923076923076923 0.5849056603773585 0.6923076923076923 0.5811320754716981 0.6858974358974359 0.569811320754717 0.6858974358974359 0.5622641509433962 0.6891025641025641 0.5584905660377358 0.6923076923076923 0.5471698113207547 0.6955128205128205 0.5471698113207547 0.6987179487179487 0.5433962264150943 0.7147435897435898 0.5433962264150943
1 0.36461794019933563 0.7089575628408449 0.038205980066445176 0.04889362502350655
1 0.4326923076923077 0.6490566037735849 0.4326923076923077 0.6528301886792452 0.4358974358974359 0.6566037735849056 0.4358974358974359 0.6754716981132075 0.42948717948717946 0.6867924528301886 0.4230769230769231 0.6867924528301886 0.4198717948717949 0.690566037735849 0.40384615384615385 0.690566037735849 0.3942307692307692 0.6792452830188679 0.3942307692307692 0.6528301886792452 0.40384615384615385 0.6452830188679245 0.42628205128205127 0.6452830188679245 0.42948717948717946 0.6490566037735849
1 0.5415282392026578 0.6845107503290917 0.04318936877076412 0.05084937002444681
1 0.27884615384615385 0.4981132075471698 0.28846153846153844 0.5094339622641509 0.28846153846153844 0.5132075471698113 0.2948717948717949 0.5245283018867924 0.2948717948717949 0.5358490566037736 0.2916666666666667 0.539622641509434 0.2916666666666667 0.5433962264150943 0.28846153846153844 0.5433962264150943 0.28205128205128205 0.5509433962264151 0.26282051282051283 0.5509433962264151 0.25961538461538464 0.5471698113207547 0.25 0.5433962264150943 0.24358974358974358 0.5358490566037736 0.24358974358974358 0.5169811320754717 0.2467948717948718 0.5132075471698113 0.2467948717948718 0.5094339622641509 0.25961538461538464 0.4981132075471698 0.27564102564102566 0.4981132075471698
0 0.842948717948718 0.8641509433962264 0.8461538461538461 0.8679245283018868 0.8493589743589743 0.8679245283018868 0.8557692307692307 0.8754716981132076 0.8557692307692307 0.879245283018868 0.8653846153846154 0.8867924528301887 0.8653846153846154 0.9169811320754717 0.8621794871794872 0.9207547169811321 0.8525641025641025 0.9245283018867925 0.842948717948718 0.9358490566037736 0.8397435897435898 0.9358490566037736 0.8365384615384616 0.939622641509434 0.8269230769230769 0.939622641509434 0.8141025641025641 0.9245283018867925 0.8141025641025641 0.9207547169811321 0.8108974358974359 0.9169811320754717 0.8108974358974359 0.8867924528301887 0.8237179487179487 0.8716981132075472 0.8397435897435898 0.8641509433962264
1 0.3269230769230769 0.6867924528301886 0.33653846153846156 0.6943396226415094 0.33653846153846156 0.7169811320754716 0.3301282051282051 0.7245283018867924 0.3108974358974359 0.7245283018867924 0.30128205128205127 0.7094339622641509 0.30128205128205127 0.7018867924528301 0.3076923076923077 0.690566037735849 0.3108974358974359 0.690566037735849 0.3141025641025641 0.6867924528301886 0.32371794871794873 0.6867924528301886
1 0.3301282051282051 0.6377358490566037 0.3333333333333333 0.6377358490566037 0.33653846153846156 0.6339622641509434 0.3525641025641026 0.6339622641509434 0.358974358974359 0.6415094339622641 0.358974358974359 0.6641509433962264 0.34935897435897434 0.6754716981132075 0.33974358974358976 0.6754716981132075 0.3269230769230769 0.6641509433962264 0.3269230769230769 0.6452830188679245 0.3301282051282051 0.6415094339622641
1 0.38782051282051283 0.6452830188679245 0.391025641025641 0.6490566037735849 0.391025641025641 0.6754716981132075 0.38461538461538464 0.6830188679245283 0.3685897435897436 0.6830188679245283 0.36217948717948717 0.6754716981132075 0.358974358974359 0.6754716981132075 0.358974358974359 0.6528301886792452 0.3717948717948718 0.6415094339622641 0.3814102564102564 0.6415094339622641 0.38461538461538464 0.6452830188679245
1 0.2403846153846154 0.27169811320754716 0.25 0.28679245283018867 0.25 0.30943396226415093 0.24358974358974358 0.32075471698113206 0.22435897435897437 0.32075471698113206 0.21474358974358973 0.30566037735849055 0.21474358974358973 0.29056603773584905 0.21794871794871795 0.28679245283018867 0.22115384615384615 0.27547169811320754 0.23076923076923078 0.27547169811320754 0.23397435897435898 0.27169811320754716 0.23717948717948717 0.27169811320754716
1 0.30128205128205127 0.35094339622641507 0.30448717948717946 0.35471698113207545 0.3076923076923077 0.35471698113207545 0.3076923076923077 0.3584905660377358 0.3108974358974359 0.3622641509433962 0.3108974358974359 0.37735849056603776 0.30128205128205127 0.39245283018867927 0.28525641025641024 0.39245283018867927 0.27564102564102566 0.37735849056603776 0.27564102564102566 0.3584905660377358 0.28205128205128205 0.35094339622641507 0.2980769230769231 0.35094339622641507
1 0.34615384615384615 0.38113207547169814 0.34935897435897434 0.3849056603773585 0.34935897435897434 0.39245283018867927 0.3525641025641026 0.39622641509433965 0.3525641025641026 0.4 0.34935897435897434 0.4037735849056604 0.34935897435897434 0.4075471698113208 0.33653846153846156 0.4188679245283019 0.32371794871794873 0.4188679245283019 0.3108974358974359 0.4037735849056604 0.3108974358974359 0.39622641509433965 0.32051282051282054 0.38113207547169814 0.34294871794871795 0.38113207547169814
1 0.3076923076923077 0.3320754716981132 0.3269230769230769 0.3320754716981132 0.33974358974358976 0.3471698113207547 0.33974358974358976 0.36981132075471695 0.3301282051282051 0.37735849056603776 0.3141025641025641 0.37735849056603776 0.30128205128205127 0.3622641509433962 0.30128205128205127 0.3433962264150943 0.3076923076923077 0.33584905660377357
1 0.6057692307692307 0.46037735849056605 0.6089743589743589 0.4641509433962264 0.6121794871794872 0.4641509433962264 0.6185897435897436 0.47547169811320755 0.6185897435897436 0.49433962264150944 0.6153846153846154 0.4981132075471698 0.6153846153846154 0.5018867924528302 0.6057692307692307 0.5094339622641509 0.5961538461538461 0.5094339622641509 0.592948717948718 0.5056603773584906 0.5833333333333334 0.5056603773584906 0.5769230769230769 0.4981132075471698 0.5769230769230769 0.4716981132075472 0.5865384615384616 0.4641509433962264 0.5961538461538461 0.4641509433962264 0.5993589743589743 0.46037735849056605 0.6025641025641025 0.46037735849056605
1 0.7564102564102564 0.8981132075471698 0.7596153846153846 0.9018867924528302 0.7628205128205128 0.9018867924528302 0.7628205128205128 0.9056603773584906 0.7724358974358975 0.9207547169811321 0.7724358974358975 0.9320754716981132 0.7596153846153846 0.9471698113207547 0.75 0.9471698113207547 0.7339743589743589 0.9320754716981132 0.7339743589743589 0.9056603773584906 0.7435897435897436 0.8981132075471698 0.7532051282051282 0.8981132075471698
1 0.6153846153846154 0.8113207547169812 0.625 0.8188679245283019 0.625 0.8452830188679246 0.6185897435897436 0.8528301886792453 0.6121794871794872 0.8528301886792453 0.6089743589743589 0.8566037735849057 0.5993589743589743 0.8528301886792453 0.592948717948718 0.8452830188679246 0.592948717948718 0.8415094339622642 0.5897435897435898 0.8377358490566038 0.5897435897435898 0.8226415094339623 0.5961538461538461 0.8113207547169812 0.6121794871794872 0.8113207547169812
1 0.6506410256410257 0.2943396226415094 0.6538461538461539 0.2981132075471698 0.657051282051282 0.3169811320754717 0.6538461538461539 0.32075471698113206 0.6538461538461539 0.32452830188679244 0.6442307692307693 0.33584905660377357 0.6282051282051282 0.33584905660377357 0.6185897435897436 0.32452830188679244 0.6185897435897436 0.30566037735849055 0.6282051282051282 0.29056603773584905 0.6442307692307693 0.29056603773584905 0.6474358974358975 0.2943396226415094
1 0.9006410256410257 0.8 0.9102564102564102 0.8075471698113208 0.9102564102564102 0.8377358490566038 0.8942307692307693 0.8490566037735849 0.8910256410256411 0.8490566037735849 0.8878205128205128 0.8452830188679246 0.8814102564102564 0.8452830188679246 0.8782051282051282 0.8415094339622642 0.875 0.8301886792452831 0.8685897435897436 0.8226415094339623 0.8685897435897436 0.8150943396226416 0.8814102564102564 0.8 0.8974358974358975 0.8
1 0.25 0.7622641509433963 0.2532051282051282 0.7660377358490567 0.2532051282051282 0.7886792452830189 0.2403846153846154 0.8 0.23076923076923078 0.8 0.21794871794871795 0.7886792452830189 0.21794871794871795 0.7660377358490567 0.22756410256410256 0.7584905660377359 0.24358974358974358 0.7584905660377359 0.2467948717948718 0.7622641509433963
2 0.6146179401993356 0.9651601579640192 0.026578073089700994 0.029336175014103925
2 0.7724358974358975 0.9471698113207547 0.782051282051282 0.9584905660377359 0.782051282051282 0.9660377358490566 0.7788461538461539 0.969811320754717 0.7788461538461539 0.9735849056603774 0.7756410256410257 0.9735849056603774 0.7724358974358975 0.9773584905660377 0.7660256410256411 0.9773584905660377 0.7564102564102564 0.9660377358490566 0.7564102564102564 0.9584905660377359 0.7596153846153846 0.9547169811320755 0.7596153846153846 0.9509433962264151 0.7692307692307693 0.9471698113207547
2 0.5576923076923077 0.6150943396226415 0.5673076923076923 0.6226415094339622 0.5673076923076923 0.6377358490566037 0.5641025641025641 0.6415094339622641 0.5512820512820513 0.6415094339622641 0.5480769230769231 0.6377358490566037 0.5480769230769231 0.6226415094339622 0.5512820512820513 0.6188679245283019 0.5544871794871795 0.6188679245283019
2 0.5801282051282052 0.6264150943396226 0.5897435897435898 0.6377358490566037 0.5897435897435898 0.6452830188679245 0.5833333333333334 0.6528301886792452 0.5705128205128205 0.6528301886792452 0.5673076923076923 0.6490566037735849 0.5673076923076923 0.6339622641509434 0.5737179487179487 0.6264150943396226 0.5769230769230769 0.6264150943396226
2 0.30448717948717946 0.6377358490566037 0.30448717948717946 0.6339622641509434 0.30128205128205127 0.630188679245283 0.30128205128205127 0.6188679245283019 0.3076923076923077 0.6113207547169811 0.3173076923076923 0.6113207547169811 0.32371794871794873 0.6188679245283019 0.32371794871794873 0.6339622641509434 0.32051282051282054 0.6377358490566037 0.3076923076923077 0.6377358490566037
2 0.38461538461538464 0.4377358490566038 0.391025641025641 0.44528301886792454 0.391025641025641 0.4641509433962264 0.38782051282051283 0.4679245283018868 0.375 0.4679245283018868 0.3717948717948718 0.4641509433962264 0.3717948717948718 0.44528301886792454 0.3782051282051282 0.4377358490566038 0.3814102564102564 0.4377358490566038
2 0.38782051282051283 0.47924528301886793 0.391025641025641 0.4830188679245283 0.391025641025641 0.5018867924528302 0.38782051282051283 0.5056603773584906 0.375 0.5056603773584906 0.3717948717948718 0.5018867924528302 0.3717948717948718 0.4830188679245283 0.375 0.47924528301886793 0.38461538461538464 0.47924528301886793
2 0.4230769230769231 0.4339622641509434 0.4230769230769231 0.4377358490566038 0.42628205128205127 0.44150943396226416 0.42628205128205127 0.4528301886792453 0.4198717948717949 0.46037735849056605 0.41025641025641024 0.46037735849056605 0.40705128205128205 0.45660377358490567 0.40384615384615385 0.45660377358490567 0.40384615384615385 0.4377358490566038 0.40705128205128205 0.4377358490566038 0.41025641025641024 0.4339622641509434 0.4198717948717949 0.4339622641509434
2 0.4583333333333333 0.3584905660377358 0.46474358974358976 0.3660377358490566 0.46474358974358976 0.37735849056603776 0.4583333333333333 0.3849056603773585 0.44871794871794873 0.3849056603773585 0.4391025641025641 0.36981132075471695 0.44551282051282054 0.3584905660377358 0.4551282051282051 0.3584905660377358
2 0.45681063122923593 0.33052090515890425 0.026578073089700994 0.03129192001504419
2 0.4391025641025641 0.29056603773584905 0.4423076923076923 0.2943396226415094 0.44551282051282054 0.2943396226415094 0.44551282051282054 0.2981132075471698 0.44871794871794873 0.3018867924528302 0.44871794871794873 0.30943396226415093 0.4423076923076923 0.3169811320754717 0.4326923076923077 0.3169811320754717 0.42628205128205127 0.30943396226415093 0.42628205128205127 0.2981132075471698 0.4326923076923077 0.29056603773584905 0.4358974358974359 0.29056603773584905
2 0.40705128205128205 0.30566037735849055 0.40705128205128205 0.32075471698113206 0.3974358974358974 0.3283018867924528 0.38782051282051283 0.32452830188679244 0.38782051282051283 0.32075471698113206 0.38461538461538464 0.3169811320754717 0.38461538461538464 0.30943396226415093 0.391025641025641 0.3018867924528302 0.40064102564102566 0.3018867924528302 0.40384615384615385 0.30566037735849055
2 0.5880398671096346 0.44199837021249916 0.026578073089700994 0.03129192001504419
2 0.5340531561461794 0.4498213502162602 0.02491694352159468 0.03129192001504419
2 0.5096153846153846 0.4377358490566038 0.5128205128205128 0.44150943396226416 0.5128205128205128 0.45660377358490567 0.5064102564102564 0.4641509433962264 0.4967948717948718 0.4641509433962264 0.49038461538461536 0.45660377358490567 0.49038461538461536 0.44150943396226416 0.5 0.4339622641509434 0.5032051282051282 0.4339622641509434 0.5064102564102564 0.4377358490566038
2 0.4559800664451828 0.500670720240707 0.028239202657807303 0.03129192001504419
2 0.4967948717948718 0.8264150943396227 0.5064102564102564 0.8415094339622642 0.5032051282051282 0.8528301886792453 0.5 0.8528301886792453 0.4967948717948718 0.8566037735849057 0.48717948717948717 0.8566037735849057 0.4807692307692308 0.8452830188679246 0.4807692307692308 0.8415094339622642 0.483974358974359 0.8377358490566038 0.483974358974359 0.8301886792452831 0.4935897435897436 0.8264150943396227
2 0.5769230769230769 0.7924528301886793 0.5833333333333334 0.8 0.5833333333333334 0.8150943396226416 0.5737179487179487 0.8226415094339623 0.5641025641025641 0.8188679245283019 0.5641025641025641 0.8150943396226416 0.5608974358974359 0.8113207547169812 0.5608974358974359 0.8037735849056604 0.5641025641025641 0.8 0.5641025641025641 0.7962264150943397 0.5737179487179487 0.7924528301886793
2 0.5384615384615384 0.8037735849056604 0.5384615384615384 0.7849056603773585 0.5480769230769231 0.7773584905660378 0.5512820512820513 0.7773584905660378 0.5608974358974359 0.7886792452830189 0.5608974358974359 0.8 0.5544871794871795 0.8075471698113208 0.5448717948717948 0.8075471698113208 0.5416666666666666 0.8037735849056604
1 0.1891025641025641 0.4188679245283019 0.20192307692307693 0.4339622641509434 0.20192307692307693 0.45660377358490567 0.1891025641025641 0.4716981132075472 0.17307692307692307 0.4716981132075472 0.16346153846153846 0.45660377358490567 0.16346153846153846 0.4339622641509434 0.1762820512820513 0.4188679245283019 0.1858974358974359 0.4188679245283019
1 0.28846153846153844 0.5886792452830188 0.2948717948717949 0.5962264150943396 0.2948717948717949 0.6188679245283019 0.28846153846153844 0.630188679245283 0.266025641025641 0.630188679245283 0.25961538461538464 0.6188679245283019 0.25961538461538464 0.6037735849056604 0.26282051282051283 0.6 0.26282051282051283 0.5962264150943396 0.2692307692307692 0.5886792452830188 0.28525641025641024 0.5886792452830188
1 0.7051282051282052 0.7169811320754716 0.7083333333333334 0.720754716981132 0.7115384615384616 0.720754716981132 0.7115384615384616 0.7245283018867924 0.7211538461538461 0.7396226415094339 0.7211538461538461 0.7509433962264151 0.7083333333333334 0.7622641509433963 0.7019230769230769 0.7622641509433963 0.6987179487179487 0.7584905660377359 0.6891025641025641 0.7547169811320755 0.6794871794871795 0.7358490566037735 0.6794871794871795 0.7320754716981132 0.6826923076923077 0.7283018867924528 0.6826923076923077 0.720754716981132 0.6858974358974359 0.7169811320754716 0.7019230769230769 0.7169811320754716
1 0.16987179487179488 0.660377358490566 0.1762820512820513 0.6716981132075471 0.1762820512820513 0.6792452830188679 0.17307692307692307 0.6830188679245283 0.17307692307692307 0.690566037735849 0.16987179487179488 0.6943396226415094 0.16987179487179488 0.6981132075471698 0.16666666666666666 0.6981132075471698 0.16346153846153846 0.7018867924528301 0.15705128205128205 0.7018867924528301 0.15384615384615385 0.6981132075471698 0.13782051282051283 0.6981132075471698 0.13141025641025642 0.690566037735849 0.13141025641025642 0.6754716981132075 0.13782051282051283 0.6679245283018868 0.13782051282051283 0.6641509433962264 0.14102564102564102 0.6641509433962264 0.14743589743589744 0.6566037735849056 0.16346153846153846 0.6566037735849056 0.16666666666666666 0.660377358490566
1 0.7641196013289038 0.8575941829123048 0.04318936877076412 0.04889362502350655
1 0.7549833887043189 0.6532188303140474 0.0415282392026578 0.05084937002444681
1 0.6634615384615384 0.5433962264150943 0.6634615384615384 0.5471698113207547 0.6666666666666666 0.5509433962264151 0.6666666666666666 0.5735849056603773 0.6602564102564102 0.5811320754716981 0.6442307692307693 0.5811320754716981 0.6378205128205128 0.5735849056603773 0.6378205128205128 0.569811320754717 0.6346153846153846 0.5660377358490566 0.6314102564102564 0.5660377358490566 0.6314102564102564 0.5547169811320755 0.6378205128205128 0.5471698113207547 0.6410256410256411 0.5471698113207547 0.6442307692307693 0.5433962264150943 0.6602564102564102 0.5433962264150943
1 0.6506410256410257 0.6 0.6538461538461539 0.6037735849056604 0.6538461538461539 0.6113207547169811 0.657051282051282 0.6150943396226415 0.657051282051282 0.6339622641509434 0.6474358974358975 0.6415094339622641 0.6314102564102564 0.6415094339622641 0.6282051282051282 0.6377358490566037 0.625 0.6377358490566037 0.625 0.6339622641509434 0.6217948717948718 0.630188679245283 0.6217948717948718 0.6188679245283019 0.625 0.6150943396226415 0.6282051282051282 0.6037735849056604 0.6346153846153846 0.6037735849056604 0.6378205128205128 0.6 0.6474358974358975 0.6
1 0.42275747508305656 0.3559455901711277 0.0415282392026578 0.05084937002444681
1 0.6858974358974359 0.30943396226415093 0.6955128205128205 0.32075471698113206 0.6955128205128205 0.3471698113207547 0.6891025641025641 0.35471698113207545 0.6698717948717948 0.35471698113207545 0.6602564102564102 0.3433962264150943 0.6602564102564102 0.3169811320754717 0.6666666666666666 0.30943396226415093 0.6826923076923077 0.30943396226415093
1 0.41025641025641024 0.20754716981132076 0.41346153846153844 0.21132075471698114 0.4166666666666667 0.21132075471698114 0.42628205128205127 0.22641509433962265 0.42628205128205127 0.23773584905660378 0.4230769230769231 0.24150943396226415 0.4230769230769231 0.24528301886792453 0.41025641025641024 0.25660377358490566 0.3942307692307692 0.25660377358490566 0.391025641025641 0.2528301886792453 0.38782051282051283 0.2528301886792453 0.3782051282051282 0.23773584905660378 0.3782051282051282 0.22641509433962265 0.38782051282051283 0.21132075471698114 0.3942307692307692 0.21132075471698114 0.3974358974358974 0.20754716981132076 0.40705128205128205 0.20754716981132076
1 0.20833333333333334 0.24528301886792453 0.21153846153846154 0.2490566037735849 0.21153846153846154 0.25660377358490566 0.21794871794871795 0.2641509433962264 0.21794871794871795 0.2830188679245283 0.21153846153846154 0.29056603773584905 0.1955128205128205 0.29056603773584905 0.1858974358974359 0.2792452830188679 0.1858974358974359 0.2679245283018868 0.18269230769230768 0.2641509433962264 0.18269230769230768 0.2528301886792453 0.19230769230769232 0.24150943396226415 0.20192307692307693 0.24150943396226415 0.20512820512820512 0.24528301886792453
1 0.6287375415282392 0.7705635303704632 0.038205980066445176 0.04693788002256629
1 0.6474358974358975 0.690566037735849 0.6506410256410257 0.6943396226415094 0.6538461538461539 0.6943396226415094 0.6634615384615384 0.7094339622641509 0.6634615384615384 0.7169811320754716 0.6602564102564102 0.720754716981132 0.6538461538461539 0.7396226415094339 0.6506410256410257 0.7396226415094339 0.6474358974358975 0.7433962264150943 0.6346153846153846 0.7433962264150943 0.6314102564102564 0.7396226415094339 0.6282051282051282 0.7396226415094339 0.6282051282051282 0.7283018867924528 0.6217948717948718 0.7169811320754716 0.6217948717948718 0.7094339622641509 0.6282051282051282 0.7018867924528301 0.6282051282051282 0.6981132075471698 0.6346153846153846 0.690566037735849 0.6442307692307693 0.690566037735849
2 0.6410256410256411 0.6566037735849056 0.6474358974358975 0.6641509433962264 0.6474358974358975 0.6754716981132075 0.6442307692307693 0.6792452830188679 0.6442307692307693 0.6830188679245283 0.6314102564102564 0.6830188679245283 0.625 0.6716981132075471 0.625 0.660377358490566 0.6282051282051282 0.6566037735849056 0.6378205128205128 0.6566037735849056
1 0.4935897435897436 0.2943396226415094 0.4935897435897436 0.28679245283018867 0.49038461538461536 0.2830188679245283 0.49038461538461536 0.27169811320754716 0.5064102564102564 0.2528301886792453 0.5224358974358975 0.2528301886792453 0.532051282051282 0.2641509433962264 0.532051282051282 0.28679245283018867 0.5288461538461539 0.29056603773584905 0.5288461538461539 0.2943396226415094 0.5160256410256411 0.30566037735849055 0.5096153846153846 0.30566037735849055 0.4967948717948718 0.2943396226415094
1 0.5822259136212625 0.32954303265843415 0.0415282392026578 0.05280511502538707
2 0.5506644518272426 0.36376857017488873 0.02491694352159468 0.027380430013163665
2 0.5480769230769231 0.2792452830188679 0.5480769230769231 0.26037735849056604 0.5512820512820513 0.25660377358490566 0.5608974358974359 0.25660377358490566 0.5608974358974359 0.26037735849056604 0.5641025641025641 0.2641509433962264 0.5608974358974359 0.27547169811320754 0.5576923076923077 0.2792452830188679 0.5512820512820513 0.2792452830188679
2 0.6378205128205128 0.5207547169811321 0.6474358974358975 0.5283018867924528 0.6474358974358975 0.5433962264150943 0.6378205128205128 0.5471698113207547 0.6282051282051282 0.539622641509434 0.6282051282051282 0.5245283018867924 0.6346153846153846 0.5245283018867924
2 0.5993589743589743 0.5773584905660377 0.6025641025641025 0.5811320754716981 0.6025641025641025 0.6 0.5865384615384616 0.6 0.5801282051282052 0.5924528301886792 0.5801282051282052 0.5773584905660377 0.5833333333333334 0.5735849056603773 0.592948717948718 0.5735849056603773 0.5961538461538461 0.5773584905660377
2 0.25961538461538464 0.3886792452830189 0.27564102564102566 0.3886792452830189 0.27564102564102566 0.39245283018867927 0.27884615384615385 0.39622641509433965 0.27564102564102566 0.4 0.27884615384615385 0.4037735849056604 0.27564102564102566 0.41509433962264153 0.26282051282051283 0.41509433962264153 0.2564102564102564 0.4075471698113208 0.2564102564102564 0.39622641509433965 0.25961538461538464 0.39245283018867927
2 0.30448717948717946 0.4037735849056604 0.3108974358974359 0.41132075471698115 0.3076923076923077 0.41509433962264153 0.30448717948717946 0.42641509433962266 0.2980769230769231 0.4339622641509434 0.28846153846153844 0.4339622641509434 0.28525641025641024 0.43018867924528303 0.28525641025641024 0.41132075471698115 0.28846153846153844 0.4075471698113208 0.2948717948717949 0.4075471698113208 0.2980769230769231 0.4037735849056604 0.30128205128205127 0.4037735849056604
2 0.23397435897435898 0.3849056603773585 0.23397435897435898 0.38113207547169814 0.23076923076923078 0.37735849056603776 0.23076923076923078 0.3660377358490566 0.23717948717948717 0.3584905660377358 0.2467948717948718 0.3584905660377358 0.25 0.3622641509433962 0.25 0.37735849056603776 0.2467948717948718 0.38113207547169814 0.2467948717948718 0.3849056603773585 0.23717948717948717 0.3849056603773585
2 0.28525641025641024 0.32075471698113206 0.2916666666666667 0.3320754716981132 0.2916666666666667 0.3471698113207547 0.28846153846153844 0.3471698113207547 0.28525641025641024 0.35094339622641507 0.27564102564102566 0.3471698113207547 0.27564102564102566 0.3433962264150943 0.2724358974358974 0.33962264150943394 0.2724358974358974 0.3283018867924528 0.27884615384615385 0.32075471698113206 0.28205128205128205 0.32075471698113206
2 0.2403846153846154 0.3471698113207547 0.2403846153846154 0.3320754716981132 0.25 0.32075471698113206 0.2532051282051282 0.32075471698113206 0.25961538461538464 0.3283018867924528 0.25961538461538464 0.33962264150943394 0.2564102564102564 0.3433962264150943 0.2564102564102564 0.3471698113207547 0.2532051282051282 0.3471698113207547 0.25 0.35094339622641507 0.2467948717948718 0.35094339622641507 0.24358974358974358 0.3471698113207547
1 0.7756410256410257 0.5132075471698113 0.782051282051282 0.5245283018867924 0.782051282051282 0.5509433962264151 0.7756410256410257 0.5584905660377358 0.7628205128205128 0.5584905660377358 0.7532051282051282 0.5471698113207547 0.7435897435897436 0.5471698113207547 0.7371794871794872 0.539622641509434 0.7371794871794872 0.5320754716981132 0.7467948717948718 0.5132075471698113 0.7564102564102564 0.5132075471698113 0.7596153846153846 0.5094339622641509 0.7692307692307693 0.5094339622641509 0.7724358974358975 0.5132075471698113
1 0.6506410256410257 0.35094339622641507 0.6602564102564102 0.3622641509433962 0.6602564102564102 0.37358490566037733 0.6538461538461539 0.38113207547169814 0.6474358974358975 0.38113207547169814 0.6442307692307693 0.3849056603773585 0.6217948717948718 0.3849056603773585 0.6153846153846154 0.37735849056603776 0.6153846153846154 0.3660377358490566 0.6185897435897436 0.3622641509433962 0.6185897435897436 0.3584905660377358 0.6282051282051282 0.3471698113207547 0.6442307692307693 0.3471698113207547 0.6474358974358975 0.35094339622641507
1 0.5058139534883721 0.34323324766501595 0.04485049833887043 0.05280511502538707
1 0.5512820512820513 0.3018867924528302 0.5512820512820513 0.30566037735849055 0.5544871794871795 0.30943396226415093 0.5544871794871795 0.33584905660377357 0.5448717948717948 0.35094339622641507 0.532051282051282 0.35094339622641507 0.5224358974358975 0.33962264150943394 0.5224358974358975 0.30943396226415093 0.532051282051282 0.3018867924528302 0.5480769230769231 0.3018867924528302
1 0.6955128205128205 0.8754716981132076 0.7019230769230769 0.8830188679245283 0.7019230769230769 0.909433962264151 0.6987179487179487 0.9132075471698113 0.6794871794871795 0.9132075471698113 0.6698717948717948 0.9056603773584906 0.6698717948717948 0.8905660377358491 0.6730769230769231 0.8867924528301887 0.6730769230769231 0.8830188679245283 0.6826923076923077 0.8754716981132076 0.6923076923076923 0.8754716981132076
1 0.6314102564102564 0.8490566037735849 0.6346153846153846 0.8490566037735849 0.6378205128205128 0.8452830188679246 0.6538461538461539 0.8452830188679246 0.6634615384615384 0.8603773584905661 0.6634615384615384 0.8679245283018868 0.6538461538461539 0.8830188679245283 0.6378205128205128 0.8830188679245283 0.6282051282051282 0.8716981132075472 0.6282051282051282 0.8603773584905661 0.6314102564102564 0.8566037735849057 0.6314102564102564 0.8528301886792453
1 0.08554817275747513 0.6326835078041747 0.0415282392026578 0.04889362502350655
1 0.08653846153846154 0.8264150943396227 0.08653846153846154 0.8226415094339623 0.08333333333333333 0.8188679245283019 0.08333333333333333 0.7924528301886793 0.09615384615384616 0.7811320754716982 0.10576923076923077 0.7811320754716982 0.10897435897435898 0.7849056603773585 0.11538461538461539 0.7849056603773585 0.12179487179487179 0.7924528301886793 0.12179487179487179 0.7962264150943397 0.125 0.8 0.125 0.8188679245283019 0.11217948717948718 0.8339622641509434 0.10576923076923077 0.8339622641509434 0.10256410256410256 0.8377358490566038 0.09294871794871795 0.8339622641509434 0.09294871794871795 0.8301886792452831 0.08974358974358974 0.8264150943396227
2 0.2403846153846154 0.8528301886792453 0.2564102564102564 0.8528301886792453 0.2564102564102564 0.8716981132075472 0.2532051282051282 0.8754716981132076 0.24358974358974358 0.8754716981132076 0.2403846153846154 0.8716981132075472 0.2403846153846154 0.8566037735849057
2 0.30128205128205127 0.9132075471698113 0.30448717948717946 0.9169811320754717 0.30448717948717946 0.9358490566037736 0.30128205128205127 0.939622641509434 0.2948717948717949 0.939622641509434 0.28846153846153844 0.9320754716981132 0.28846153846153844 0.9169811320754717 0.2980769230769231 0.9132075471698113
2 0.3557692307692308 0.7849056603773585 0.3717948717948718 0.7849056603773585 0.3782051282051282 0.7962264150943397 0.3782051282051282 0.8 0.36538461538461536 0.8150943396226416 0.358974358974359 0.8150943396226416 0.3557692307692308 0.8113207547169812 0.3557692307692308 0.7886792452830189
2 0.15384615384615385 0.7396226415094339 0.16346153846153846 0.7358490566037735 0.17307692307692307 0.7471698113207547 0.17307692307692307 0.7547169811320755 0.16987179487179488 0.7584905660377359 0.16025641025641027 0.7584905660377359 0.15384615384615385 0.7509433962264151 0.15384615384615385 0.7433962264150943
1 0.34615384615384615 0.7547169811320755 0.3557692307692308 0.7660377358490567 0.3557692307692308 0.7886792452830189 0.34615384615384615 0.8 0.34294871794871795 0.8 0.33974358974358976 0.8037735849056604 0.3301282051282051 0.8037735849056604 0.3269230769230769 0.8 0.32051282051282054 0.8 0.3141025641025641 0.7924528301886793 0.3141025641025641 0.7735849056603774 0.3333333333333333 0.7547169811320755 0.34294871794871795 0.7547169811320755
1 0.17307692307692307 0.7962264150943397 0.1762820512820513 0.8 0.18269230769230768 0.8 0.1858974358974359 0.8037735849056604 0.1858974358974359 0.8377358490566038 0.1794871794871795 0.8452830188679246 0.17307692307692307 0.8452830188679246 0.16987179487179488 0.8490566037735849 0.15705128205128205 0.8490566037735849 0.14423076923076922 0.8377358490566038 0.14423076923076922 0.8150943396226416 0.14743589743589744 0.8113207547169812 0.14743589743589744 0.8075471698113208 0.15384615384615385 0.8 0.16025641025641027 0.8 0.16346153846153846 0.7962264150943397 0.16666666666666666 0.7962264150943397 0.16987179487179488 0.8
1 0.28525641025641024 0.6641509433962264 0.2948717948717949 0.6754716981132075 0.2948717948717949 0.6792452830188679 0.2980769230769231 0.6830188679245283 0.2980769230769231 0.6981132075471698 0.2916666666666667 0.7056603773584905 0.27564102564102566 0.7056603773584905 0.2724358974358974 0.7018867924528301 0.2692307692307692 0.7018867924528301 0.266025641025641 0.6981132075471698 0.266025641025641 0.690566037735849 0.26282051282051283 0.6867924528301886 0.26282051282051283 0.6792452830188679 0.266025641025641 0.6754716981132075 0.266025641025641 0.6716981132075471 0.2724358974358974 0.6641509433962264 0.28205128205128205 0.6641509433962264
1 0.33653846153846156 0.8754716981132076 0.34294871794871795 0.8867924528301887 0.34294871794871795 0.9018867924528302 0.3333333333333333 0.9132075471698113 0.3269230769230769 0.9132075471698113 0.32371794871794873 0.9169811320754717 0.3076923076923077 0.9169811320754717 0.30128205128205127 0.909433962264151 0.30128205128205127 0.9056603773584906 0.2980769230769231 0.9018867924528302 0.2980769230769231 0.8830188679245283 0.3141025641025641 0.8716981132075472 0.3301282051282051 0.8716981132075472 0.3333333333333333 0.8754716981132076
1 0.3525641025641026 0.22264150943396227 0.3557692307692308 0.22641509433962265 0.36217948717948717 0.22641509433962265 0.3717948717948718 0.24150943396226415 0.3717948717948718 0.26037735849056604 0.36217948717948717 0.2679245283018868 0.34935897435897434 0.2679245283018868 0.34615384615384615 0.2641509433962264 0.34294871794871795 0.2641509433962264 0.3333333333333333 0.2528301886792453 0.3333333333333333 0.2339622641509434 0.33974358974358976 0.22641509433962265 0.34935897435897434 0.22264150943396227
2 0.6025641025641025 0.2792452830188679 0.6057692307692307 0.2830188679245283 0.6089743589743589 0.2830188679245283 0.6089743589743589 0.2981132075471698 0.6025641025641025 0.30566037735849055 0.592948717948718 0.30566037735849055 0.592948717948718 0.3018867924528302 0.5865384615384616 0.2943396226415094 0.5865384615384616 0.29056603773584905 0.592948717948718 0.2830188679245283 0.5993589743589743 0.2830188679245283
2 0.6968438538205981 0.38332602018429135 0.02491694352159468 0.027380430013163665
2 0.5641025641025641 0.5358490566037736 0.5673076923076923 0.5358490566037736 0.5705128205128205 0.5320754716981132 0.5801282051282052 0.5320754716981132 0.5897435897435898 0.5433962264150943 0.5897435897435898 0.5471698113207547 0.5833333333333334 0.5547169811320755 0.5833333333333334 0.5584905660377358 0.5801282051282052 0.5584905660377358 0.5769230769230769 0.5622641509433962 0.5673076923076923 0.5622641509433962 0.5608974358974359 0.5509433962264151 0.5608974358974359 0.5433962264150943 0.5641025641025641 0.539622641509434
2 0.5714285714285715 0.567166050272676 0.023255813953488372 0.03129192001504419
1 0.5064102564102564 0.6943396226415094 0.5096153846153846 0.6981132075471698 0.5128205128205128 0.6981132075471698 0.5128205128205128 0.7018867924528301 0.5160256410256411 0.7056603773584905 0.5160256410256411 0.7169811320754716 0.5128205128205128 0.720754716981132 0.5128205128205128 0.7245283018867924 0.5032051282051282 0.7320754716981132 0.4807692307692308 0.7320754716981132 0.47435897435897434 0.720754716981132 0.47435897435897434 0.7132075471698113 0.4775641025641026 0.7094339622641509 0.4775641025641026 0.7056603773584905 0.48717948717948717 0.6943396226415094 0.5032051282051282 0.6943396226415094
1 0.4593023255813954 0.6610418103178085 0.038205980066445176 0.04693788002256629
1 0.5008305647840532 0.6141039302952421 0.04485049833887043 0.04693788002256629
1 0.4967948717948718 0.6339622641509434 0.5096153846153846 0.6452830188679245 0.5096153846153846 0.6716981132075471 0.5 0.6792452830188679 0.483974358974359 0.6792452830188679 0.4807692307692308 0.6754716981132075 0.4775641025641026 0.6754716981132075 0.46794871794871795 0.660377358490566 0.46794871794871795 0.6566037735849056 0.47115384615384615 0.6528301886792452 0.47115384615384615 0.6452830188679245 0.4775641025641026 0.6339622641509434 0.4935897435897436 0.6339622641509434
1 0.6089743589743589 0.8867924528301887 0.6121794871794872 0.8867924528301887 0.6153846153846154 0.8830188679245283 0.6378205128205128 0.8830188679245283 0.6442307692307693 0.8943396226415095 0.6442307692307693 0.9169811320754717 0.6410256410256411 0.9207547169811321 0.6410256410256411 0.9245283018867925 0.6378205128205128 0.9283018867924528 0.6314102564102564 0.9283018867924528 0.6282051282051282 0.9320754716981132 0.6185897435897436 0.9320754716981132 0.6153846153846154 0.9283018867924528 0.6121794871794872 0.9283018867924528 0.6121794871794872 0.9245283018867925 0.6057692307692307 0.9169811320754717 0.6057692307692307 0.8943396226415095 0.6089743589743589 0.8905660377358491
1 0.23397435897435898 0.5471698113207547 0.23717948717948717 0.5509433962264151 0.24358974358974358 0.5509433962264151 0.2467948717948718 0.5547169811320755 0.25 0.5547169811320755 0.25 0.5584905660377358 0.2564102564102564 0.5660377358490566 0.2564102564102564 0.5849056603773585 0.2467948717948718 0.5924528301886792 0.23076923076923078 0.5886792452830188 0.21474358974358973 0.5735849056603773 0.21474358974358973 0.5547169811320755 0.22115384615384615 0.5471698113207547 0.23076923076923078 0.5471698113207547
1 0.25961538461538464 0.6075471698113207 0.2724358974358974 0.6226415094339622 0.2724358974358974 0.6264150943396226 0.27564102564102566 0.630188679245283 0.27564102564102566 0.6490566037735849 0.2692307692307692 0.6566037735849056 0.2564102564102564 0.6566037735849056 0.24358974358974358 0.6415094339622641 0.24358974358974358 0.6188679245283019 0.2532051282051282 0.6075471698113207 0.2564102564102564 0.6075471698113207
1 0.21794871794871795 0.5811320754716981 0.23076923076923078 0.5924528301886792 0.23076923076923078 0.6150943396226415 0.22756410256410256 0.6188679245283019 0.21794871794871795 0.6188679245283019 0.21474358974358973 0.6226415094339622 0.20192307692307693 0.6226415094339622 0.19230769230769232 0.6150943396226415 0.19230769230769232 0.5962264150943396 0.1987179487179487 0.5886792452830188 0.1987179487179487 0.5849056603773585 0.20192307692307693 0.5849056603773585 0.20512820512820512 0.5811320754716981 0.21474358974358973 0.5811320754716981
1 0.22757475083056486 0.6453958503102865 0.03654485049833887 0.04302639002068576
1 0.40033222591362133 0.5378298752585721 0.04318936877076412 0.04302639002068576
1 0.46153846153846156 0.4339622641509434 0.47435897435897434 0.4528301886792453 0.47435897435897434 0.4716981132075472 0.46794871794871795 0.47924528301886793 0.46153846153846156 0.47924528301886793 0.4583333333333333 0.4830188679245283 0.4423076923076923 0.4830188679245283 0.4358974358974359 0.47547169811320755 0.4358974358974359 0.44528301886792454 0.44871794871794873 0.4339622641509434 0.4583333333333333 0.4339622641509434
1 0.42948717948717946 0.4679245283018868 0.4358974358974359 0.47924528301886793 0.4358974358974359 0.5056603773584906 0.42628205128205127 0.5132075471698113 0.4198717948717949 0.5132075471698113 0.40705128205128205 0.5018867924528302 0.40384615384615385 0.5018867924528302 0.40384615384615385 0.47924528301886793 0.40705128205128205 0.47924528301886793 0.4166666666666667 0.4679245283018868 0.42628205128205127 0.4679245283018868
1 0.44871794871794873 0.3849056603773585 0.4519230769230769 0.3886792452830189 0.4551282051282051 0.3886792452830189 0.4551282051282051 0.39245283018867927 0.46153846153846156 0.4 0.46153846153846156 0.4188679245283019 0.4583333333333333 0.4188679245283019 0.4551282051282051 0.4226415094339623 0.44871794871794873 0.4226415094339623 0.44551282051282054 0.42641509433962266 0.42948717948717946 0.42641509433962266 0.42628205128205127 0.4226415094339623 0.4166666666666667 0.4188679245283019 0.41025641025641024 0.41132075471698115 0.41025641025641024 0.39245283018867927 0.41346153846153844 0.3886792452830189 0.4166666666666667 0.3886792452830189 0.42628205128205127 0.38113207547169814 0.4423076923076923 0.38113207547169814 0.44551282051282054 0.3849056603773585
1 0.38782051282051283 0.3584905660377358 0.3942307692307692 0.3660377358490566 0.3942307692307692 0.38113207547169814 0.38782051282051283 0.3886792452830189 0.38782051282051283 0.39245283018867927 0.375 0.4037735849056604 0.36538461538461536 0.4037735849056604 0.36217948717948717 0.4 0.358974358974359 0.4 0.3525641025641026 0.39245283018867927 0.3525641025641026 0.37735849056603776 0.358974358974359 0.3660377358490566 0.36538461538461536 0.3660377358490566 0.375 0.3584905660377358 0.38461538461538464 0.3584905660377358
1 0.40705128205128205 0.39622641509433965 0.40705128205128205 0.4 0.41025641025641024 0.4037735849056604 0.41025641025641024 0.4188679245283019 0.40064102564102566 0.42641509433962266 0.3782051282051282 0.42641509433962266 0.375 0.4226415094339623 0.375 0.4037735849056604 0.38782051282051283 0.3886792452830189 0.3974358974358974 0.3886792452830189 0.40384615384615385 0.39622641509433965
1 0.1858974358974359 0.38113207547169814 0.1858974358974359 0.4075471698113208 0.1762820512820513 0.41509433962264153 0.15705128205128205 0.41509433962264153 0.15064102564102563 0.4075471698113208 0.15064102564102563 0.39622641509433965 0.15384615384615385 0.39245283018867927 0.15384615384615385 0.3849056603773585 0.16346153846153846 0.37735849056603776 0.1794871794871795 0.37735849056603776 0.18269230769230768 0.38113207547169814
1 0.44871794871794873 0.8301886792452831 0.4519230769230769 0.8301886792452831 0.4551282051282051 0.8264150943396227 0.4775641025641026 0.8264150943396227 0.4807692307692308 0.8301886792452831 0.4807692307692308 0.8528301886792453 0.47115384615384615 0.8641509433962264 0.4519230769230769 0.8641509433962264 0.44551282051282054 0.8566037735849057 0.44551282051282054 0.8528301886792453 0.4423076923076923 0.8490566037735849 0.4423076923076923 0.8415094339622642 0.44871794871794873 0.8339622641509434
1 0.5544871794871795 0.38113207547169814 0.5608974358974359 0.38113207547169814 0.5641025641025641 0.37735849056603776 0.5673076923076923 0.37735849056603776 0.5705128205128205 0.38113207547169814 0.5769230769230769 0.38113207547169814 0.5833333333333334 0.39245283018867927 0.5833333333333334 0.41132075471698115 0.5801282051282052 0.41509433962264153 0.5608974358974359 0.41509433962264153 0.5512820512820513 0.4037735849056604 0.5512820512820513 0.3886792452830189 0.5544871794871795 0.3849056603773585
1 0.6891025641025641 0.2528301886792453 0.6923076923076923 0.25660377358490566 0.6923076923076923 0.27547169811320754 0.6794871794871795 0.28679245283018867 0.6698717948717948 0.28679245283018867 0.6666666666666666 0.2830188679245283 0.6634615384615384 0.2830188679245283 0.6634615384615384 0.2792452830188679 0.6602564102564102 0.27547169811320754 0.6602564102564102 0.25660377358490566 0.6666666666666666 0.2490566037735849 0.6826923076923077 0.2490566037735849 0.6858974358974359 0.2528301886792453
2 0.8173076923076923 0.28679245283018867 0.8205128205128205 0.29056603773584905 0.8205128205128205 0.30566037735849055 0.8173076923076923 0.30943396226415093 0.8108974358974359 0.30943396226415093 0.8076923076923077 0.30566037735849055 0.8044871794871795 0.30566037735849055 0.8044871794871795 0.2981132075471698 0.8012820512820513 0.2943396226415094 0.8012820512820513 0.29056603773584905 0.8044871794871795 0.28679245283018867 0.8141025641025641 0.28679245283018867
2 0.8461538461538461 0.3584905660377358 0.8493589743589743 0.3622641509433962 0.8493589743589743 0.36981132075471695 0.842948717948718 0.37735849056603776 0.8365384615384616 0.37735849056603776 0.8333333333333334 0.37358490566037733 0.8333333333333334 0.3660377358490566 0.8397435897435898 0.3584905660377358 0.842948717948718 0.3584905660377358
1 0.9455128205128205 0.5622641509433962 0.9487179487179487 0.5660377358490566 0.9551282051282052 0.5660377358490566 0.9583333333333334 0.569811320754717 0.9583333333333334 0.5773584905660377 0.9615384615384616 0.5811320754716981 0.9615384615384616 0.5886792452830188 0.9551282051282052 0.5962264150943396 0.9487179487179487 0.5962264150943396 0.9455128205128205 0.6 0.9326923076923077 0.6 0.9230769230769231 0.5849056603773585 0.9230769230769231 0.5735849056603773 0.9262820512820513 0.569811320754717 0.9262820512820513 0.5660377358490566 0.9294871794871795 0.5660377358490566 0.9326923076923077 0.5622641509433962 0.9423076923076923 0.5622641509433962
1 0.9583333333333334 0.5132075471698113 0.9615384615384616 0.5169811320754717 0.9647435897435898 0.5132075471698113 0.967948717948718 0.5169811320754717 0.9711538461538461 0.5169811320754717 0.9807692307692307 0.5283018867924528 0.9807692307692307 0.5471698113207547 0.9775641025641025 0.5509433962264151 0.9775641025641025 0.5547169811320755 0.9743589743589743 0.5584905660377358 0.9551282051282052 0.5584905660377358 0.9455128205128205 0.5471698113207547 0.9455128205128205 0.5207547169811321 0.9487179487179487 0.5169811320754717 0.9551282051282052 0.5169811320754717
1 0.717948717948718 0.2679245283018868 0.7211538461538461 0.27169811320754716 0.7243589743589743 0.27169811320754716 0.7243589743589743 0.2830188679245283 0.7307692307692307 0.2943396226415094 0.7307692307692307 0.3018867924528302 0.7275641025641025 0.30566037735849055 0.7275641025641025 0.30943396226415093 0.7243589743589743 0.30943396226415093 0.7211538461538461 0.3132075471698113 0.7051282051282052 0.3132075471698113 0.6955128205128205 0.3018867924528302 0.6955128205128205 0.2830188679245283 0.6987179487179487 0.2792452830188679 0.6987179487179487 0.27547169811320754 0.7019230769230769 0.27169811320754716 0.7083333333333334 0.27169811320754716 0.7115384615384616 0.2679245283018868 0.7147435897435898 0.2679245283018868
1 0.5833333333333334 0.7018867924528301 0.6025641025641025 0.7018867924528301 0.6089743589743589 0.7094339622641509 0.6089743589743589 0.7132075471698113 0.6121794871794872 0.7169811320754716 0.6121794871794872 0.7245283018867924 0.6153846153846154 0.7283018867924528 0.6153846153846154 0.7396226415094339 0.6089743589743589 0.7471698113207547 0.6057692307692307 0.7471698113207547 0.6025641025641025 0.7509433962264151 0.5897435897435898 0.7509433962264151 0.5865384615384616 0.7471698113207547 0.5833333333333334 0.7471698113207547 0.5769230769230769 0.7358490566037735 0.5769230769230769 0.7169811320754716 0.5833333333333334 0.7094339622641509 0.5833333333333334 0.7056603773584905
1 0.8878205128205128 0.5735849056603773 0.8974358974358975 0.5849056603773585 0.8974358974358975 0.6037735849056604 0.8910256410256411 0.6113207547169811 0.8653846153846154 0.6113207547169811 0.8557692307692307 0.5962264150943396 0.8557692307692307 0.5886792452830188 0.8589743589743589 0.5849056603773585 0.8589743589743589 0.5811320754716981 0.8621794871794872 0.5811320754716981 0.8653846153846154 0.5773584905660377 0.8782051282051282 0.5773584905660377 0.8814102564102564 0.5735849056603773 0.8846153846153846 0.5735849056603773
1 0.8961794019933554 0.5564094527675045 0.04485049833887043 0.04498213502162602
1 0.9102564102564102 0.49056603773584906 0.9166666666666666 0.4981132075471698 0.9166666666666666 0.5056603773584906 0.9198717948717948 0.5094339622641509 0.9198717948717948 0.5320754716981132 0.9166666666666666 0.5320754716981132 0.9102564102564102 0.539622641509434 0.8974358974358975 0.539622641509434 0.8942307692307693 0.5358490566037736 0.8910256410256411 0.5358490566037736 0.8878205128205128 0.5320754716981132 0.8878205128205128 0.5245283018867924 0.8846153846153846 0.5207547169811321 0.8846153846153846 0.5056603773584906 0.8878205128205128 0.5018867924528302 0.8878205128205128 0.4981132075471698 0.8910256410256411 0.4981132075471698 0.8974358974358975 0.49056603773584906 0.907051282051282 0.49056603773584906
2 0.7564102564102564 0.3886792452830189 0.7660256410256411 0.3886792452830189 0.7692307692307693 0.39245283018867927 0.7692307692307693 0.4037735849056604 0.7628205128205128 0.41132075471698115 0.7596153846153846 0.41132075471698115 0.7532051282051282 0.4037735849056604 0.7532051282051282 0.39622641509433965 0.7564102564102564 0.39245283018867927
2 0.75 0.25660377358490566 0.7628205128205128 0.25660377358490566 0.7660256410256411 0.26037735849056604 0.7660256410256411 0.2792452830188679 0.7596153846153846 0.28679245283018867 0.7532051282051282 0.28679245283018867 0.7467948717948718 0.2792452830188679 0.7467948717948718 0.2641509433962264 0.75 0.26037735849056604
2 0.7450166112956811 0.3168306901523224 0.02159468438538206 0.027380430013163665
1 0.7243589743589743 0.33584905660377357 0.7275641025641025 0.33962264150943394 0.7307692307692307 0.33962264150943394 0.7435897435897436 0.35471698113207545 0.7435897435897436 0.36981132075471695 0.7371794871794872 0.37735849056603776 0.7243589743589743 0.37735849056603776 0.7211538461538461 0.37358490566037733 0.7147435897435898 0.37358490566037733 0.7115384615384616 0.36981132075471695 0.7051282051282052 0.36981132075471695 0.7019230769230769 0.3660377358490566 0.7019230769230769 0.3471698113207547 0.7115384615384616 0.33584905660377357 0.7211538461538461 0.33584905660377357
1 0.7788461538461539 0.2830188679245283 0.7852564102564102 0.2943396226415094 0.7852564102564102 0.30566037735849055 0.7884615384615384 0.30943396226415093 0.7884615384615384 0.32452830188679244 0.7756410256410257 0.33584905660377357 0.7660256410256411 0.33584905660377357 0.7564102564102564 0.32452830188679244 0.7564102564102564 0.32075471698113206 0.7532051282051282 0.3169811320754717 0.7532051282051282 0.2943396226415094 0.7660256410256411 0.2830188679245283 0.7756410256410257 0.2830188679245283
1 0.7682724252491695 0.3549677176706575 0.0415282392026578 0.04498213502162602
1 0.6818936877076412 0.5221839152510499 0.038205980066445176 0.04302639002068576
2 0.6955128205128205 0.4716981132075472 0.7019230769230769 0.47924528301886793 0.7019230769230769 0.49056603773584906 0.6987179487179487 0.49056603773584906 0.6955128205128205 0.49433962264150944 0.6891025641025641 0.49433962264150944 0.6858974358974359 0.49056603773584906 0.6858974358974359 0.47547169811320755 0.6891025641025641 0.4716981132075472 0.6923076923076923 0.4716981132075472
1 0.10256410256410256 0.2641509433962264 0.10576923076923077 0.2679245283018868 0.10576923076923077 0.27547169811320754 0.10897435897435898 0.2792452830188679 0.10897435897435898 0.2981132075471698 0.10256410256410256 0.30566037735849055 0.08974358974358974 0.30566037735849055 0.08653846153846154 0.3018867924528302 0.07692307692307693 0.3018867924528302 0.0673076923076923 0.29056603773584905 0.0673076923076923 0.27169811320754716 0.07371794871794872 0.2641509433962264 0.07692307692307693 0.2641509433962264 0.08012820512820513 0.26037735849056604 0.09615384615384616 0.26037735849056604 0.09935897435897435 0.2641509433962264
1 0.14102564102564102 0.3132075471698113 0.14743589743589744 0.32452830188679244 0.14743589743589744 0.33962264150943394 0.14423076923076922 0.3433962264150943 0.14102564102564102 0.35471698113207545 0.1346153846153846 0.35471698113207545 0.13141025641025642 0.3584905660377358 0.11858974358974358 0.3584905660377358 0.10897435897435898 0.35094339622641507 0.10897435897435898 0.3471698113207547 0.10576923076923077 0.3433962264150943 0.10576923076923077 0.32075471698113206 0.11538461538461539 0.3132075471698113 0.13782051282051283 0.3132075471698113
2 0.17307692307692307 0.29056603773584905 0.18269230769230768 0.2981132075471698 0.18269230769230768 0.3132075471698113 0.1762820512820513 0.3132075471698113 0.17307692307692307 0.3169811320754717 0.16666666666666666 0.3169811320754717 0.16346153846153846 0.3132075471698113 0.16025641025641027 0.3132075471698113 0.16025641025641027 0.2943396226415094 0.16987179487179488 0.29056603773584905
2 0.6217948717948718 0.26037735849056604 0.6346153846153846 0.26037735849056604 0.6378205128205128 0.2641509433962264 0.6378205128205128 0.2792452830188679 0.6346153846153846 0.2830188679245283 0.625 0.2830188679245283 0.6217948717948718 0.2792452830188679 0.6217948717948718 0.2641509433962264
1 0.28846153846153844 0.7283018867924528 0.2980769230769231 0.7396226415094339 0.2980769230769231 0.7433962264150943 0.30128205128205127 0.7471698113207547 0.30128205128205127 0.7660377358490567 0.2948717948717949 0.7735849056603774 0.27564102564102566 0.7735849056603774 0.2724358974358974 0.769811320754717 0.2692307692307692 0.769811320754717 0.2692307692307692 0.7433962264150943 0.28205128205128205 0.7283018867924528 0.28525641025641024 0.7283018867924528
1 0.16025641025641027 0.8566037735849057 0.16666666666666666 0.8641509433962264 0.16987179487179488 0.8641509433962264 0.16987179487179488 0.8716981132075472 0.17307692307692307 0.8754716981132076 0.17307692307692307 0.8905660377358491 0.16666666666666666 0.8981132075471698 0.15384615384615385 0.8981132075471698 0.15064102564102563 0.8943396226415095 0.14102564102564102 0.8905660377358491 0.13141025641025642 0.879245283018868 0.13141025641025642 0.8754716981132076 0.1282051282051282 0.8716981132075472 0.1282051282051282 0.8641509433962264 0.1346153846153846 0.8566037735849057 0.15705128205128205 0.8566037735849057
1 0.2192691029900333 0.7324265028521281 0.03654485049833887 0.04498213502162602
2 0.6666666666666666 0.6339622641509434 0.6698717948717948 0.6377358490566037 0.6698717948717948 0.6566037735849056 0.6666666666666666 0.660377358490566 0.6602564102564102 0.660377358490566 0.6506410256410257 0.6490566037735849 0.6538461538461539 0.6377358490566037 0.6634615384615384 0.6339622641509434
2 0.6891025641025641 0.6339622641509434 0.6891025641025641 0.6452830188679245 0.6858974358974359 0.6490566037735849 0.6858974358974359 0.6528301886792452 0.6826923076923077 0.6528301886792452 0.6794871794871795 0.6566037735849056 0.6762820512820513 0.6566037735849056 0.6698717948717948 0.6490566037735849 0.6698717948717948 0.6339622641509434 0.6730769230769231 0.630188679245283 0.6826923076923077 0.630188679245283 0.6858974358974359 0.6339622641509434
1 0.6955128205128205 0.6641509433962264 0.7147435897435898 0.6641509433962264 0.7147435897435898 0.6679245283018868 0.7211538461538461 0.6792452830188679 0.7211538461538461 0.6943396226415094 0.7115384615384616 0.7056603773584905 0.6987179487179487 0.7056603773584905 0.6923076923076923 0.6981132075471698 0.6923076923076923 0.690566037735849 0.6891025641025641 0.6867924528301886 0.6891025641025641 0.6792452830188679 0.6955128205128205 0.6679245283018868
1 0.6727574750830565 0.6923337303328527 0.03986710963455149 0.05476086002632733
1 0.4358974358974359 0.569811320754717 0.4358974358974359 0.5735849056603773 0.4391025641025641 0.5773584905660377 0.4391025641025641 0.5924528301886792 0.42948717948717946 0.6037735849056604 0.4198717948717949 0.6037735849056604 0.41346153846153844 0.5962264150943396 0.41346153846153844 0.5735849056603773 0.4198717948717949 0.5660377358490566 0.42948717948717946 0.5660377358490566 0.4326923076923077 0.569811320754717
1 0.8108974358974359 0.8415094339622642 0.8173076923076923 0.8490566037735849 0.8173076923076923 0.8641509433962264 0.8141025641025641 0.8641509433962264 0.8108974358974359 0.8679245283018868 0.8108974358974359 0.8716981132075472 0.8076923076923077 0.8716981132075472 0.8044871794871795 0.8754716981132076 0.7884615384615384 0.8754716981132076 0.7852564102564102 0.8716981132075472 0.7852564102564102 0.8528301886792453 0.7916666666666666 0.8415094339622642 0.8076923076923077 0.8415094339622642
1 0.7980769230769231 0.879245283018868 0.8044871794871795 0.8867924528301887 0.8044871794871795 0.9056603773584906 0.7980769230769231 0.9169811320754717 0.7884615384615384 0.9169811320754717 0.7852564102564102 0.9207547169811321 0.782051282051282 0.9169811320754717 0.7788461538461539 0.9169811320754717 0.7692307692307693 0.9056603773584906 0.7692307692307693 0.8943396226415095 0.7724358974358975 0.8943396226415095 0.7788461538461539 0.8830188679245283 0.782051282051282 0.8830188679245283 0.7852564102564102 0.879245283018868 0.7948717948717948 0.879245283018868
1 0.8333333333333334 0.8264150943396227 0.8397435897435898 0.8377358490566038 0.8397435897435898 0.8566037735849057 0.8365384615384616 0.8603773584905661 0.8205128205128205 0.8603773584905661 0.8173076923076923 0.8566037735849057 0.8141025641025641 0.8566037735849057 0.8044871794871795 0.8452830188679246 0.8044871794871795 0.8301886792452831 0.8108974358974359 0.8226415094339623 0.8269230769230769 0.8226415094339623 0.8301282051282052 0.8264150943396227
1 0.4423076923076923 0.8679245283018868 0.44871794871794873 0.8754716981132076 0.44871794871794873 0.8943396226415095 0.4423076923076923 0.9056603773584906 0.4198717948717949 0.9056603773584906 0.41346153846153844 0.8981132075471698 0.41346153846153844 0.8754716981132076 0.4230769230769231 0.8679245283018868 0.4391025641025641 0.8679245283018868
1 0.7243589743589743 0.8679245283018868 0.7307692307692307 0.8754716981132076 0.7307692307692307 0.8981132075471698 0.7275641025641025 0.9018867924528302 0.7211538461538461 0.9018867924528302 0.717948717948718 0.9056603773584906 0.7083333333333334 0.9056603773584906 0.6987179487179487 0.8943396226415095 0.6987179487179487 0.879245283018868 0.7083333333333334 0.8641509433962264 0.717948717948718 0.8641509433962264 0.7211538461538461 0.8679245283018868
2 0.5032051282051282 0.879245283018868 0.5096153846153846 0.8867924528301887 0.5096153846153846 0.9056603773584906 0.4935897435897436 0.9056603773584906 0.49038461538461536 0.9018867924528302 0.49038461538461536 0.8867924528301887 0.4967948717948718 0.879245283018868 0.5 0.879245283018868
2 0.7134551495016611 0.9426690904532062 0.02159468438538206 0.027380430013163665
2 0.16666666666666666 0.33962264150943394 0.1794871794871795 0.33962264150943394 0.18269230769230768 0.3433962264150943 0.18269230769230768 0.35471698113207545 0.1794871794871795 0.3584905660377358 0.17307692307692307 0.3584905660377358 0.16987179487179488 0.35471698113207545 0.16666666666666666 0.35471698113207545 0.16666666666666666 0.3433962264150943
1 0.13782051282051283 0.7094339622641509 0.14423076923076922 0.7169811320754716 0.14423076923076922 0.7245283018867924 0.14743589743589744 0.7283018867924528 0.14423076923076922 0.7396226415094339 0.13782051282051283 0.7471698113207547 0.11858974358974358 0.7471698113207547 0.11217948717948718 0.7396226415094339 0.11217948717948718 0.7169811320754716 0.11858974358974358 0.7094339622641509 0.1346153846153846 0.7094339622641509
1 0.2566445182724253 0.4879583777345953 0.0548172757475083 0.05280511502538707
1 0.15705128205128205 0.7584905660377359 0.16346153846153846 0.769811320754717 0.16346153846153846 0.7849056603773585 0.15705128205128205 0.7924528301886793 0.14423076923076922 0.7924528301886793 0.14102564102564102 0.7886792452830189 0.1346153846153846 0.7886792452830189 0.13141025641025642 0.7849056603773585 0.13141025641025642 0.7660377358490567 0.13782051282051283 0.7584905660377359 0.15384615384615385 0.7584905660377359
1 0.2209302325581396 0.46644518272425245 0.03654485049833887 0.04498213502162602
1 0.9651162790697674 0.8155456653920892 0.03654485049833887 0.04302639002068576
1 0.6858974358974359 0.9207547169811321 0.6858974358974359 0.9245283018867925 0.6891025641025641 0.9283018867924528 0.6891025641025641 0.9433962264150944 0.6762820512820513 0.9547169811320755 0.6666666666666666 0.9547169811320755 0.6634615384615384 0.9509433962264151 0.6602564102564102 0.9509433962264151 0.6538461538461539 0.939622641509434 0.6538461538461539 0.9283018867924528 0.6634615384615384 0.9169811320754717 0.6794871794871795 0.9169811320754717 0.6826923076923077 0.9207547169811321
1 0.8205128205128205 0.7849056603773585 0.8397435897435898 0.7849056603773585 0.8493589743589743 0.8 0.8493589743589743 0.8037735849056604 0.8461538461538461 0.8075471698113208 0.8461538461538461 0.8188679245283019 0.842948717948718 0.8188679245283019 0.8397435897435898 0.8226415094339623 0.8301282051282052 0.8226415094339623 0.8269230769230769 0.8188679245283019 0.8269230769230769 0.8150943396226416 0.8237179487179487 0.8113207547169812 0.8205128205128205 0.8113207547169812 0.8205128205128205 0.7886792452830189
2 0.5673076923076923 0.9132075471698113 0.5769230769230769 0.9132075471698113 0.5801282051282052 0.9169811320754717 0.5801282051282052 0.9358490566037736 0.5769230769230769 0.939622641509434 0.5641025641025641 0.939622641509434 0.5641025641025641 0.9358490566037736 0.5608974358974359 0.9320754716981132 0.5608974358974359 0.9245283018867925 0.5673076923076923 0.9169811320754717
2 0.6089743589743589 0.9207547169811321 0.6121794871794872 0.9245283018867925 0.6121794871794872 0.939622641509434 0.6057692307692307 0.9471698113207547 0.5961538461538461 0.9471698113207547 0.5897435897435898 0.9358490566037736 0.592948717948718 0.9245283018867925 0.5993589743589743 0.9169811320754717 0.6025641025641025 0.9169811320754717 0.6057692307692307 0.9207547169811321
2 0.7632890365448506 0.455688585219081 0.02491694352159468 0.027380430013163665
2 0.7852564102564102 0.44150943396226416 0.8012820512820513 0.44150943396226416 0.8012820512820513 0.44528301886792454 0.8044871794871795 0.4490566037735849 0.8044871794871795 0.45660377358490567 0.7980769230769231 0.4641509433962264 0.7884615384615384 0.4641509433962264 0.782051282051282 0.4528301886792453 0.782051282051282 0.4490566037735849 0.7852564102564102 0.44528301886792454
2 0.8529900332225915 0.7676299128690528 0.028239202657807303 0.029336175014103925
2 0.770764119601329 0.7118911803422554 0.023255813953488372 0.027380430013163665
1 0.8222591362126246 0.753939697862471 0.04318936877076412 0.04498213502162602
1 0.8685897435897436 0.7056603773584905 0.8782051282051282 0.7169811320754716 0.8782051282051282 0.7358490566037735 0.8717948717948718 0.7433962264150943 0.8653846153846154 0.7433962264150943 0.8621794871794872 0.7471698113207547 0.8589743589743589 0.7471698113207547 0.8557692307692307 0.7433962264150943 0.8493589743589743 0.7433962264150943 0.8461538461538461 0.7396226415094339 0.842948717948718 0.7283018867924528 0.8461538461538461 0.7245283018867924 0.8461538461538461 0.7169811320754716 0.8525641025641025 0.7094339622641509 0.8589743589743589 0.7094339622641509 0.8621794871794872 0.7056603773584905 0.8653846153846154 0.7056603773584905
1 0.9166666666666666 0.7132075471698113 0.9262820512820513 0.7283018867924528 0.9262820512820513 0.7433962264150943 0.9166666666666666 0.7509433962264151 0.9038461538461539 0.7509433962264151 0.9006410256410257 0.7471698113207547 0.8974358974358975 0.7471698113207547 0.8910256410256411 0.7358490566037735 0.8910256410256411 0.7245283018867924 0.8974358974358975 0.7132075471698113 0.9134615384615384 0.7132075471698113
1 0.9543189368770764 0.7490503353601202 0.05149501661129568 0.04693788002256629
1 0.9455128205128205 0.6867924528301886 0.9551282051282052 0.6981132075471698 0.9551282051282052 0.7169811320754716 0.9487179487179487 0.7245283018867924 0.9294871794871795 0.7245283018867924 0.9294871794871795 0.720754716981132 0.9198717948717948 0.7056603773584905 0.9198717948717948 0.6943396226415094 0.9262820512820513 0.6867924528301886 0.9423076923076923 0.6867924528301886
1 0.9134615384615384 0.6830188679245283 0.9198717948717948 0.690566037735849 0.9198717948717948 0.7056603773584905 0.9230769230769231 0.7094339622641509 0.9230769230769231 0.7132075471698113 0.9134615384615384 0.7245283018867924 0.9102564102564102 0.7245283018867924 0.9006410256410257 0.7169811320754716 0.8910256410256411 0.7169811320754716 0.8878205128205128 0.7132075471698113 0.8878205128205128 0.690566037735849 0.8942307692307693 0.6830188679245283 0.9102564102564102 0.6830188679245283
2 0.8557692307692307 0.3283018867924528 0.8653846153846154 0.33584905660377357 0.8653846153846154 0.33962264150943394 0.8685897435897436 0.3433962264150943 0.8653846153846154 0.3471698113207547 0.8653846153846154 0.35094339622641507 0.8621794871794872 0.35471698113207545 0.8525641025641025 0.35471698113207545 0.8493589743589743 0.35094339622641507 0.8461538461538461 0.35094339622641507 0.8461538461538461 0.33962264150943394 0.8493589743589743 0.33584905660377357 0.8493589743589743 0.3320754716981132 0.8525641025641025 0.3320754716981132
1 0.10256410256410256 0.6641509433962264 0.10576923076923077 0.6641509433962264 0.10897435897435898 0.660377358490566 0.11858974358974358 0.660377358490566 0.1282051282051282 0.6754716981132075 0.1282051282051282 0.6867924528301886 0.12179487179487179 0.6981132075471698 0.10576923076923077 0.6981132075471698 0.09615384615384616 0.6867924528301886 0.09615384615384616 0.6754716981132075 0.10256410256410256 0.6679245283018868
1 0.266025641025641 0.8301886792452831 0.28846153846153844 0.8301886792452831 0.28846153846153844 0.8339622641509434 0.2948717948717949 0.8452830188679246 0.2948717948717949 0.8566037735849057 0.28846153846153844 0.8641509433962264 0.27884615384615385 0.8679245283018868 0.27564102564102566 0.8641509433962264 0.2692307692307692 0.8641509433962264 0.26282051282051283 0.8528301886792453 0.26282051282051283 0.8377358490566038 0.266025641025641 0.8339622641509434
2 0.1987179487179487 0.8452830188679246 0.20192307692307693 0.8490566037735849 0.20512820512820512 0.8490566037735849 0.21153846153846154 0.8603773584905661 0.20833333333333334 0.8716981132075472 0.20512820512820512 0.8716981132075472 0.20192307692307693 0.8754716981132076 0.1891025641025641 0.8754716981132076 0.1858974358974359 0.8716981132075472 0.1858974358974359 0.8566037735849057 0.19230769230769232 0.8490566037735849 0.1955128205128205 0.8490566037735849
1 0.12292358803986722 0.21024258760107814 0.03654485049833887 0.04498213502162602
1 0.3814102564102564 0.16226415094339622 0.38782051282051283 0.17358490566037735 0.38782051282051283 0.19245283018867926 0.3814102564102564 0.2 0.3685897435897436 0.2 0.36538461538461536 0.19622641509433963 0.3557692307692308 0.19622641509433963 0.34615384615384615 0.18490566037735848 0.34615384615384615 0.1660377358490566 0.3525641025641026 0.15849056603773584 0.375 0.15849056603773584 0.3782051282051282 0.16226415094339622
1 0.12179487179487179 0.4 0.1282051282051282 0.4075471698113208 0.1282051282051282 0.43018867924528303 0.125 0.43018867924528303 0.12179487179487179 0.4339622641509434 0.10576923076923077 0.4339622641509434 0.09935897435897435 0.42641509433962266 0.09935897435897435 0.4075471698113208 0.10897435897435898 0.4 0.11858974358974358 0.4
2 0.16346153846153846 0.539622641509434 0.16987179487179488 0.5509433962264151 0.16987179487179488 0.5584905660377358 0.16666666666666666 0.5622641509433962 0.16666666666666666 0.5660377358490566 0.16346153846153846 0.5660377358490566 0.16025641025641027 0.569811320754717 0.15064102564102563 0.569811320754717 0.14423076923076922 0.5622641509433962 0.14423076923076922 0.5471698113207547 0.15064102564102563 0.539622641509434 0.16025641025641027 0.539622641509434
1 0.4807692307692308 0.21132075471698114 0.48717948717948717 0.2188679245283019 0.48717948717948717 0.24150943396226415 0.483974358974359 0.24150943396226415 0.4807692307692308 0.24528301886792453 0.46794871794871795 0.24528301886792453 0.4583333333333333 0.2339622641509434 0.4583333333333333 0.2188679245283019 0.46794871794871795 0.21132075471698114 0.4775641025641026 0.21132075471698114
1 0.5032051282051282 0.1660377358490566 0.5096153846153846 0.1660377358490566 0.5160256410256411 0.17358490566037735 0.5160256410256411 0.1811320754716981 0.5192307692307693 0.18490566037735848 0.5192307692307693 0.2 0.5160256410256411 0.2037735849056604 0.5 0.2037735849056604 0.4935897435897436 0.19622641509433963 0.49038461538461536 0.19622641509433963 0.49038461538461536 0.17735849056603772 0.4967948717948718 0.17735849056603772 0.5032051282051282 0.16981132075471697
1 0.09615384615384616 0.8679245283018868 0.10256410256410256 0.8754716981132076 0.10256410256410256 0.8981132075471698 0.09935897435897435 0.9018867924528302 0.09935897435897435 0.9056603773584906 0.09294871794871795 0.9056603773584906 0.08974358974358974 0.909433962264151 0.07692307692307693 0.909433962264151 0.0641025641025641 0.8943396226415095 0.0641025641025641 0.879245283018868 0.07692307692307693 0.8679245283018868 0.09294871794871795 0.8679245283018868
1 0.125 0.9018867924528302 0.125 0.9056603773584906 0.1282051282051282 0.909433962264151 0.1282051282051282 0.9245283018867925 0.11538461538461539 0.9358490566037736 0.10256410256410256 0.9358490566037736 0.09294871794871795 0.9207547169811321 0.09294871794871795 0.909433962264151 0.10256410256410256 0.8981132075471698 0.11858974358974358 0.8981132075471698 0.12179487179487179 0.9018867924528302
1 0.6129568106312292 0.6766877703253306 0.03322259136212624 0.04693788002256629
1 0.5224358974358975 0.5773584905660377 0.5256410256410257 0.5773584905660377 0.5288461538461539 0.5735849056603773 0.5512820512820513 0.5735849056603773 0.5576923076923077 0.5811320754716981 0.5576923076923077 0.5886792452830188 0.5608974358974359 0.5924528301886792 0.5608974358974359 0.6 0.5512820512820513 0.6113207547169811 0.5352564102564102 0.6113207547169811 0.5288461538461539 0.6037735849056604 0.5256410256410257 0.6037735849056604 0.5256410256410257 0.6 0.5224358974358975 0.5962264150943396 0.5224358974358975 0.5811320754716981
1 0.5833333333333334 0.660377358490566 0.5865384615384616 0.6641509433962264 0.5897435897435898 0.6641509433962264 0.5897435897435898 0.6679245283018868 0.592948717948718 0.6716981132075471 0.592948717948718 0.6830188679245283 0.5897435897435898 0.6867924528301886 0.5897435897435898 0.690566037735849 0.5865384615384616 0.690566037735849 0.5833333333333334 0.6943396226415094 0.5833333333333334 0.6981132075471698 0.5673076923076923 0.6981132075471698 0.5673076923076923 0.690566037735849 0.5641025641025641 0.6867924528301886 0.5641025641025641 0.6754716981132075 0.5673076923076923 0.6716981132075471 0.5673076923076923 0.6641509433962264 0.5705128205128205 0.660377358490566 0.5801282051282052 0.660377358490566
2 0.5307308970099668 0.6248605278004137 0.02159468438538206 0.029336175014103925
1 0.40705128205128205 0.7849056603773585 0.41346153846153844 0.7924528301886793 0.41346153846153844 0.8037735849056604 0.40384615384615385 0.8150943396226416 0.38782051282051283 0.8150943396226416 0.3814102564102564 0.8037735849056604 0.3814102564102564 0.7962264150943397 0.38461538461538464 0.7924528301886793 0.38461538461538464 0.7849056603773585 0.38782051282051283 0.7811320754716982 0.3974358974358974 0.7773584905660378 0.40384615384615385 0.7849056603773585
1 0.4519230769230769 0.7584905660377359 0.4519230769230769 0.7622641509433963 0.4583333333333333 0.7735849056603774 0.4583333333333333 0.7811320754716982 0.44551282051282054 0.7924528301886793 0.42948717948717946 0.7924528301886793 0.4198717948717949 0.7811320754716982 0.4198717948717949 0.7660377358490567 0.42628205128205127 0.7584905660377359 0.44871794871794873 0.7584905660377359
1 0.20833333333333334 0.3433962264150943 0.21794871794871795 0.35471698113207545 0.21794871794871795 0.3660377358490566 0.20833333333333334 0.37735849056603776 0.1987179487179487 0.37735849056603776 0.19230769230769232 0.36981132075471695 0.19230769230769232 0.3622641509433962 0.1891025641025641 0.3584905660377358 0.1891025641025641 0.35471698113207545 0.1955128205128205 0.3433962264150943 0.20512820512820512 0.3433962264150943
1 0.6858974358974359 0.8415094339622642 0.6923076923076923 0.8490566037735849 0.6923076923076923 0.8641509433962264 0.6858974358974359 0.8716981132075472 0.6730769230769231 0.8716981132075472 0.6698717948717948 0.8679245283018868 0.6666666666666666 0.8679245283018868 0.6666666666666666 0.8490566037735849 0.6730769230769231 0.8415094339622642 0.6826923076923077 0.8415094339622642
1 0.7243589743589743 0.8264150943396227 0.7307692307692307 0.8339622641509434 0.7307692307692307 0.8528301886792453 0.7243589743589743 0.8603773584905661 0.717948717948718 0.8603773584905661 0.7083333333333334 0.8528301886792453 0.7083333333333334 0.8377358490566038 0.7115384615384616 0.8339622641509434 0.7115384615384616 0.8301886792452831 0.7211538461538461 0.8264150943396227
1 0.33388704318936885 0.017601705008462358 0.03322259136212624 0.035203410016924716
1 0.4750830564784053 0.04791575252303642 0.03322259136212624 0.04498213502162602
1 0.8878205128205128 0.8452830188679246 0.8910256410256411 0.8490566037735849 0.8942307692307693 0.8490566037735849 0.8942307692307693 0.8566037735849057 0.8974358974358975 0.8603773584905661 0.8974358974358975 0.8679245283018868 0.8878205128205128 0.8830188679245283 0.875 0.8830188679245283 0.8717948717948718 0.879245283018868 0.8717948717948718 0.8641509433962264 0.875 0.8603773584905661 0.875 0.8528301886792453 0.8814102564102564 0.8452830188679246 0.8846153846153846 0.8452830188679246
1 0.782051282051282 0.5811320754716981 0.7884615384615384 0.5886792452830188 0.7884615384615384 0.6037735849056604 0.782051282051282 0.6113207547169811 0.7692307692307693 0.6113207547169811 0.7692307692307693 0.6075471698113207 0.7660256410256411 0.6037735849056604 0.7660256410256411 0.5886792452830188 0.7692307692307693 0.5849056603773585 0.7788461538461539 0.5811320754716981
2 0.7435897435897436 0.7584905660377359 0.7467948717948718 0.7622641509433963 0.7467948717948718 0.7849056603773585 0.7435897435897436 0.7886792452830189 0.7307692307692307 0.7886792452830189 0.7275641025641025 0.7849056603773585 0.7275641025641025 0.7622641509433963 0.7307692307692307 0.7584905660377359 0.7403846153846154 0.7584905660377359
2 0.7532051282051282 0.7622641509433963 0.7628205128205128 0.7622641509433963 0.7692307692307693 0.7735849056603774 0.7660256410256411 0.7849056603773585 0.7532051282051282 0.7849056603773585 0.7532051282051282 0.7811320754716982 0.75 0.7773584905660378 0.75 0.769811320754717 0.7532051282051282 0.7660377358490567
2 0.7435897435897436 0.9584905660377359 0.7467948717948718 0.9622641509433962 0.7467948717948718 0.969811320754717 0.7403846153846154 0.9773584905660377 0.7371794871794872 0.9773584905660377 0.7339743589743589 0.9735849056603774 0.7339743589743589 0.9622641509433962 0.7371794871794872 0.9584905660377359 0.7403846153846154 0.9584905660377359
2 0.6987179487179487 0.9584905660377359 0.7019230769230769 0.9622641509433962 0.7019230769230769 0.9735849056603774 0.6955128205128205 0.9811320754716981 0.6891025641025641 0.9811320754716981 0.6858974358974359 0.9773584905660377 0.6826923076923077 0.9773584905660377 0.6826923076923077 0.9622641509433962 0.6858974358974359 0.9584905660377359 0.6955128205128205 0.9584905660377359
1 0.478405315614618 0.9387576004513256 0.02990033222591362 0.039114900018805236
1 0.4534883720930233 0.9270231304456842 0.02990033222591362 0.039114900018805236
1 0.8333333333333334 0.5547169811320755 0.8493589743589743 0.5547169811320755 0.8493589743589743 0.5584905660377358 0.8525641025641025 0.5622641509433962 0.8525641025641025 0.5811320754716981 0.8461538461538461 0.5886792452830188 0.8333333333333334 0.5886792452830188 0.8301282051282052 0.5849056603773585 0.8269230769230769 0.5849056603773585 0.8269230769230769 0.5660377358490566 0.8333333333333334 0.5584905660377358
1 0.1987179487179487 0.6867924528301886 0.20512820512820512 0.6943396226415094 0.20512820512820512 0.7132075471698113 0.1987179487179487 0.720754716981132 0.1987179487179487 0.7245283018867924 0.1891025641025641 0.7320754716981132 0.18269230769230768 0.7320754716981132 0.17307692307692307 0.7245283018867924 0.17307692307692307 0.7018867924528301 0.1858974358974359 0.6867924528301886 0.1955128205128205 0.6867924528301886
1 0.30128205128205127 0.539622641509434 0.30128205128205127 0.5245283018867924 0.30448717948717946 0.5207547169811321 0.30448717948717946 0.5169811320754717 0.3141025641025641 0.5056603773584906 0.3301282051282051 0.5056603773584906 0.33653846153846156 0.5132075471698113 0.33653846153846156 0.5283018867924528 0.3333333333333333 0.5320754716981132 0.3333333333333333 0.5358490566037736 0.32371794871794873 0.5433962264150943 0.3076923076923077 0.5433962264150943 0.30448717948717946 0.539622641509434
2 0.3557692307692308 0.49433962264150944 0.358974358974359 0.4981132075471698 0.36217948717948717 0.4981132075471698 0.36217948717948717 0.5018867924528302 0.3685897435897436 0.5132075471698113 0.36538461538461536 0.5169811320754717 0.36538461538461536 0.5207547169811321 0.36217948717948717 0.5207547169811321 0.358974358974359 0.5245283018867924 0.34935897435897434 0.5245283018867924 0.34294871794871795 0.5169811320754717 0.34294871794871795 0.5018867924528302 0.34935897435897434 0.49433962264150944 0.3525641025641026 0.49433962264150944
2 0.8237179487179487 0.9509433962264151 0.8397435897435898 0.9509433962264151 0.8461538461538461 0.9622641509433962 0.842948717948718 0.9660377358490566 0.842948717948718 0.969811320754717 0.8397435897435898 0.969811320754717 0.8365384615384616 0.9735849056603774 0.8269230769230769 0.9735849056603774 0.8237179487179487 0.969811320754717 0.8237179487179487 0.9547169811320755
2 0.7916666666666666 0.9245283018867925 0.8012820512820513 0.9207547169811321 0.8076923076923077 0.9283018867924528 0.8076923076923077 0.939622641509434 0.8044871794871795 0.9433962264150944 0.7980769230769231 0.9433962264150944 0.7948717948717948 0.939622641509434 0.7916666666666666 0.939622641509434 0.7916666666666666 0.9283018867924528
2 0.8653846153846154 0.939622641509434 0.8653846153846154 0.9245283018867925 0.8685897435897436 0.9207547169811321 0.8782051282051282 0.9207547169811321 0.8814102564102564 0.9245283018867925 0.8814102564102564 0.9320754716981132 0.875 0.939622641509434 0.8685897435897436 0.939622641509434
2 0.8814102564102564 0.8867924528301887 0.8942307692307693 0.8867924528301887 0.8942307692307693 0.8905660377358491 0.8974358974358975 0.8943396226415095 0.8974358974358975 0.9056603773584906 0.8910256410256411 0.9132075471698113 0.8846153846153846 0.9132075471698113 0.8814102564102564 0.909433962264151 0.8782051282051282 0.909433962264151 0.8782051282051282 0.8943396226415095 0.8814102564102564 0.8905660377358491
2 0.9327242524916943 0.9025763179339309 0.02159468438538206 0.029336175014103925
1 0.9230769230769231 0.8528301886792453 0.9294871794871795 0.8603773584905661 0.9294871794871795 0.8754716981132076 0.9230769230769231 0.8830188679245283 0.9006410256410257 0.8830188679245283 0.9006410256410257 0.879245283018868 0.8974358974358975 0.8754716981132076 0.8974358974358975 0.8603773584905661 0.9038461538461539 0.8528301886792453 0.9102564102564102 0.8528301886792453 0.9134615384615384 0.8490566037735849 0.9166666666666666 0.8490566037735849 0.9198717948717948 0.8528301886792453
2 0.8974358974358975 0.9320754716981132 0.9038461538461539 0.939622641509434 0.9006410256410257 0.9509433962264151 0.8910256410256411 0.9509433962264151 0.8878205128205128 0.9471698113207547 0.8878205128205128 0.9358490566037736 0.8910256410256411 0.9320754716981132 0.8942307692307693 0.9320754716981132
2 0.7051282051282052 0.42641509433962266 0.7083333333333334 0.43018867924528303 0.7115384615384616 0.43018867924528303 0.7115384615384616 0.44528301886792454 0.7083333333333334 0.4490566037735849 0.7083333333333334 0.4528301886792453 0.6955128205128205 0.4528301886792453 0.6923076923076923 0.4490566037735849 0.6923076923076923 0.4339622641509434 0.6955128205128205 0.43018867924528303 0.7019230769230769 0.43018867924528303
2 0.6727574750830565 0.4713345452266031 0.019933554817275746 0.027380430013163665
2 0.6602564102564102 0.49056603773584906 0.6634615384615384 0.49433962264150944 0.6634615384615384 0.5018867924528302 0.6602564102564102 0.5056603773584906 0.6602564102564102 0.5094339622641509 0.6474358974358975 0.5094339622641509 0.6442307692307693 0.5056603773584906 0.6442307692307693 0.49433962264150944 0.6506410256410257 0.4867924528301887 0.6538461538461539 0.4867924528301887 0.657051282051282 0.49056603773584906
2 0.6237541528239203 0.5749890302764369 0.02159468438538206 0.027380430013163665
2 0.6121794871794872 0.6037735849056604 0.6121794871794872 0.6113207547169811 0.6153846153846154 0.6150943396226415 0.6153846153846154 0.6188679245283019 0.6025641025641025 0.630188679245283 0.5993589743589743 0.6264150943396226 0.5961538461538461 0.6264150943396226 0.5961538461538461 0.6226415094339622 0.592948717948718 0.6188679245283019 0.592948717948718 0.6113207547169811 0.5993589743589743 0.6037735849056604 0.6089743589743589 0.6037735849056604
2 0.5833333333333334 0.8830188679245283 0.5865384615384616 0.8867924528301887 0.5897435897435898 0.8867924528301887 0.5897435897435898 0.8905660377358491 0.592948717948718 0.8943396226415095 0.592948717948718 0.9018867924528302 0.5897435897435898 0.9056603773584906 0.5737179487179487 0.9056603773584906 0.5705128205128205 0.9018867924528302 0.5705128205128205 0.8867924528301887 0.5801282051282052 0.8830188679245283
1 0.7115384615384616 0.4830188679245283 0.7339743589743589 0.4830188679245283 0.7403846153846154 0.49056603773584906 0.7403846153846154 0.5018867924528302 0.7371794871794872 0.5056603773584906 0.7371794871794872 0.5132075471698113 0.7307692307692307 0.5207547169811321 0.7115384615384616 0.5207547169811321 0.7051282051282052 0.5132075471698113 0.7051282051282052 0.49433962264150944 0.7115384615384616 0.4867924528301887
1 0.8782051282051282 0.25660377358490566 0.8814102564102564 0.26037735849056604 0.8814102564102564 0.2830188679245283 0.8782051282051282 0.28679245283018867 0.8653846153846154 0.28679245283018867 0.8621794871794872 0.2830188679245283 0.8589743589743589 0.2830188679245283 0.8589743589743589 0.2792452830188679 0.8557692307692307 0.27547169811320754 0.8557692307692307 0.2641509433962264 0.8589743589743589 0.26037735849056604 0.8621794871794872 0.26037735849056604 0.8653846153846154 0.25660377358490566 0.875 0.25660377358490566
1 0.9111295681063123 0.3168306901523224 0.028239202657807303 0.035203410016924716
1 0.9455128205128205 0.2037735849056604 0.9487179487179487 0.20754716981132076 0.9519230769230769 0.20754716981132076 0.9519230769230769 0.21509433962264152 0.9551282051282052 0.2188679245283019 0.9519230769230769 0.23018867924528302 0.9487179487179487 0.2339622641509434 0.9423076923076923 0.2339622641509434 0.9391025641025641 0.23018867924528302 0.9358974358974359 0.23018867924528302 0.9358974358974359 0.22641509433962265 0.9326923076923077 0.22264150943396227 0.9326923076923077 0.21132075471698114 0.9423076923076923 0.20754716981132076
1 0.9230769230769231 0.15849056603773584 0.9326923076923077 0.16981132075471697 0.9326923076923077 0.18490566037735848 0.9230769230769231 0.19245283018867926 0.9166666666666666 0.19245283018867926 0.9134615384615384 0.18867924528301888 0.9102564102564102 0.18867924528301888 0.9102564102564102 0.18490566037735848 0.907051282051282 0.1811320754716981 0.907051282051282 0.17358490566037735 0.9102564102564102 0.16981132075471697 0.9102564102564102 0.1660377358490566 0.9166666666666666 0.15849056603773584 0.9198717948717948 0.15849056603773584
1 0.9038461538461539 0.2339622641509434 0.9134615384615384 0.24150943396226415 0.9134615384615384 0.24528301886792453 0.9102564102564102 0.2490566037735849 0.9134615384615384 0.2528301886792453 0.9134615384615384 0.25660377358490566 0.9102564102564102 0.26037735849056604 0.9102564102564102 0.2641509433962264 0.9038461538461539 0.2641509433962264 0.9006410256410257 0.2679245283018868 0.8942307692307693 0.2679245283018868 0.8910256410256411 0.2641509433962264 0.8878205128205128 0.2641509433962264 0.8878205128205128 0.26037735849056604 0.8846153846153846 0.25660377358490566 0.8846153846153846 0.24528301886792453 0.8910256410256411 0.23773584905660378 0.9006410256410257 0.2339622641509434
2 0.9169435215946843 0.21610982260389894 0.023255813953488372 0.02151319501034288
2 0.8461538461538461 0.2981132075471698 0.8557692307692307 0.2981132075471698 0.8621794871794872 0.30566037735849055 0.8621794871794872 0.30943396226415093 0.8589743589743589 0.3132075471698113 0.8493589743589743 0.3169811320754717 0.8461538461538461 0.3132075471698113 0.8461538461538461 0.3018867924528302
2 0.8846153846153846 0.45660377358490567 0.8878205128205128 0.46037735849056605 0.8878205128205128 0.4679245283018868 0.8814102564102564 0.47547169811320755 0.875 0.47547169811320755 0.875 0.46037735849056605 0.8782051282051282 0.45660377358490567 0.8814102564102564 0.45660377358490567
1 0.054817275747508415 0.19166301009214567 0.02990033222591362 0.035203410016924716
1 0.08471760797342198 0.32758728765749384 0.03322259136212624 0.03715915501786497
1 0.11217948717948718 0.5207547169811321 0.1282051282051282 0.5207547169811321 0.13141025641025642 0.5245283018867924 0.1346153846153846 0.5245283018867924 0.1346153846153846 0.5283018867924528 0.13782051282051283 0.5320754716981132 0.13782051282051283 0.539622641509434 0.13141025641025642 0.5509433962264151 0.11538461538461539 0.5547169811320755 0.11217948717948718 0.5509433962264151 0.11217948717948718 0.5245283018867924