0 0.5737179487179487 0.1320754716981132 0.5833333333333334 0.1471698113207547 0.5865384615384616 0.15849056603773584 0.5897435897435898 0.16226415094339622 0.592948717948718 0.16226415094339622 0.592948717948718 0.1660377358490566 0.5961538461538461 0.16981132075471697 0.5961538461538461 0.1811320754716981 0.592948717948718 0.18490566037735848 0.592948717948718 0.18867924528301888 0.5769230769230769 0.20754716981132076 0.5737179487179487 0.20754716981132076 0.5705128205128205 0.21132075471698114 0.5705128205128205 0.21509433962264152 0.5673076923076923 0.21509433962264152 0.5608974358974359 0.22264150943396227 0.5576923076923077 0.22264150943396227 0.5480769230769231 0.21509433962264152 0.5416666666666666 0.21509433962264152 0.532051282051282 0.2037735849056604 0.532051282051282 0.2 0.5256410256410257 0.18867924528301888 0.5256410256410257 0.1660377358490566 0.5288461538461539 0.16226415094339622 0.5288461538461539 0.15849056603773584 0.5384615384615384 0.15471698113207547 0.5512820512820513 0.13962264150943396 0.5544871794871795 0.13962264150943396 0.5608974358974359 0.1320754716981132 0.5705128205128205 0.1320754716981132
1 0.5865384615384616 0.8226415094339623 0.5897435897435898 0.8264150943396227 0.592948717948718 0.8264150943396227 0.5993589743589743 0.8377358490566038 0.5993589743589743 0.8528301886792453 0.5961538461538461 0.8566037735849057 0.5961538461538461 0.8641509433962264 0.592948717948718 0.8679245283018868 0.592948717948718 0.8716981132075472 0.5737179487179487 0.8716981132075472 0.5608974358974359 0.8603773584905661 0.5608974358974359 0.8452830188679246 0.5641025641025641 0.8415094339622642 0.5673076923076923 0.8301886792452831 0.5737179487179487 0.8226415094339623 0.5833333333333334 0.8226415094339623
2 0.5822259136212624 0.74709459035918 0.02491694352159468 0.03129192001504419
1 0.4935897435897436 0.4981132075471698 0.5096153846153846 0.4981132075471698 0.5096153846153846 0.5018867924528302 0.5160256410256411 0.5094339622641509 0.5160256410256411 0.5358490566037736 0.5128205128205128 0.539622641509434 0.4935897435897436 0.539622641509434 0.483974358974359 0.5245283018867924 0.483974358974359 0.5169811320754717 0.4935897435897436 0.5018867924528302
1 0.8205128205128205 0.4867924528301887 0.8301282051282052 0.49433962264150944 0.8301282051282052 0.4981132075471698 0.8365384615384616 0.5094339622641509 0.8365384615384616 0.5245283018867924 0.8333333333333334 0.5283018867924528 0.8333333333333334 0.5320754716981132 0.8205128205128205 0.5433962264150943 0.8076923076923077 0.5433962264150943 0.8044871794871795 0.539622641509434 0.7948717948717948 0.5358490566037736 0.7948717948717948 0.5320754716981132 0.7916666666666666 0.5283018867924528 0.7916666666666666 0.4981132075471698 0.8012820512820513 0.4867924528301887 0.8173076923076923 0.4867924528301887
1 0.6185897435897436 0.3584905660377358 0.6185897435897436 0.35471698113207545 0.6153846153846154 0.35094339622641507 0.6153846153846154 0.3320754716981132 0.625 0.32075471698113206 0.6474358974358975 0.32075471698113206 0.657051282051282 0.3320754716981132 0.657051282051282 0.3471698113207547 0.6538461538461539 0.35094339622641507 0.6538461538461539 0.35471698113207545 0.6442307692307693 0.3622641509433962 0.625 0.3622641509433962 0.6217948717948718 0.3584905660377358
1 0.2980769230769231 0.5433962264150943 0.30128205128205127 0.5471698113207547 0.30448717948717946 0.5471698113207547 0.30448717948717946 0.5509433962264151 0.3108974358974359 0.5622641509433962 0.3108974358974359 0.569811320754717 0.3076923076923077 0.5735849056603773 0.30448717948717946 0.5849056603773585 0.30128205128205127 0.5849056603773585 0.2980769230769231 0.5886792452830188 0.266025641025641 0.5886792452830188 0.26282051282051283 0.5849056603773585 0.25961538461538464 0.5849056603773585 0.25961538461538464 0.5811320754716981 0.2564102564102564 0.5773584905660377 0.2564102564102564 0.5660377358490566 0.25961538461538464 0.5622641509433962 0.25961538461538464 0.5547169811320755 0.266025641025641 0.5471698113207547 0.27564102564102566 0.5471698113207547 0.27884615384615385 0.5433962264150943 0.2948717948717949 0.5433962264150943
1 0.6185897435897436 0.7283018867924528 0.6185897435897436 0.690566037735849 0.6217948717948718 0.6867924528301886 0.6442307692307693 0.6867924528301886 0.6538461538461539 0.6981132075471698 0.6538461538461539 0.7132075471698113 0.6410256410256411 0.7320754716981132 0.625 0.7320754716981132 0.6217948717948718 0.7283018867924528
1 0.5641025641025641 0.6490566037735849 0.5673076923076923 0.6490566037735849 0.5705128205128205 0.6452830188679245 0.592948717948718 0.6452830188679245 0.6025641025641025 0.6528301886792452 0.6025641025641025 0.6792452830188679 0.592948717948718 0.690566037735849 0.5769230769230769 0.690566037735849 0.5737179487179487 0.6867924528301886 0.5673076923076923 0.6867924528301886 0.5641025641025641 0.6830188679245283 0.5641025641025641 0.6792452830188679 0.5608974358974359 0.6754716981132075 0.5608974358974359 0.6566037735849056 0.5641025641025641 0.6528301886792452
1 0.45847176079734214 0.6845107503290917 0.04318936877076412 0.05084937002444681
1 0.7371794871794872 0.4981132075471698 0.75 0.5094339622641509 0.75 0.5132075471698113 0.7532051282051282 0.5169811320754717 0.7532051282051282 0.5358490566037736 0.7467948717948718 0.5433962264150943 0.7435897435897436 0.5433962264150943 0.7339743589743589 0.5509433962264151 0.7147435897435898 0.5509433962264151 0.7083333333333334 0.5433962264150943 0.7051282051282052 0.5433962264150943 0.7051282051282052 0.539622641509434 0.7019230769230769 0.5358490566037736 0.7019230769230769 0.5245283018867924 0.7051282051282052 0.5207547169811321 0.7083333333333334 0.5094339622641509 0.717948717948718 0.4981132075471698 0.7339743589743589 0.4981132075471698
0 0.16025641025641027 0.8641509433962264 0.16346153846153846 0.8679245283018868 0.17307692307692307 0.8716981132075472 0.1858974358974359 0.8867924528301887 0.1858974358974359 0.9169811320754717 0.18269230769230768 0.9207547169811321 0.18269230769230768 0.9245283018867925 0.16987179487179488 0.939622641509434 0.16025641025641027 0.939622641509434 0.15705128205128205 0.9358490566037736 0.15384615384615385 0.9358490566037736 0.14423076923076922 0.9245283018867925 0.14102564102564102 0.9245283018867925 0.13141025641025642 0.9169811320754717 0.13141025641025642 0.8867924528301887 0.1346153846153846 0.8830188679245283 0.13782051282051283 0.8830188679245283 0.14743589743589744 0.8679245283018868 0.15705128205128205 0.8641509433962264
1 0.6826923076923077 0.6867924528301886 0.6858974358974359 0.690566037735849 0.6891025641025641 0.690566037735849 0.6955128205128205 0.7018867924528301 0.6955128205128205 0.7094339622641509 0.6858974358974359 0.7245283018867924 0.6666666666666666 0.7245283018867924 0.6602564102564102 0.7169811320754716 0.6602564102564102 0.6943396226415094 0.6698717948717948 0.6867924528301886 0.6794871794871795 0.6867924528301886
1 0.6666666666666666 0.6377358490566037 0.6666666666666666 0.6415094339622641 0.6698717948717948 0.6452830188679245 0.6698717948717948 0.6641509433962264 0.657051282051282 0.6754716981132075 0.6474358974358975 0.6754716981132075 0.6378205128205128 0.6641509433962264 0.6378205128205128 0.6415094339622641 0.6442307692307693 0.6339622641509434 0.6602564102564102 0.6339622641509434 0.6634615384615384 0.6377358490566037
1 0.6314102564102564 0.6452830188679245 0.6378205128205128 0.6528301886792452 0.6378205128205128 0.6754716981132075 0.6346153846153846 0.6754716981132075 0.6282051282051282 0.6830188679245283 0.6121794871794872 0.6830188679245283 0.6057692307692307 0.6754716981132075 0.6057692307692307 0.6490566037735849 0.6153846153846154 0.6415094339622641 0.625 0.6415094339622641 0.6282051282051282 0.6452830188679245
1 0.7628205128205128 0.27169811320754716 0.7660256410256411 0.27547169811320754 0.7756410256410257 0.27547169811320754 0.7756410256410257 0.2792452830188679 0.782051282051282 0.29056603773584905 0.782051282051282 0.30566037735849055 0.7724358974358975 0.32075471698113206 0.7532051282051282 0.32075471698113206 0.7467948717948718 0.30943396226415093 0.7467948717948718 0.28679245283018867 0.75 0.2830188679245283 0.75 0.2792452830188679 0.7564102564102564 0.27169811320754716 0.7596153846153846 0.27169811320754716
1 0.7147435897435898 0.35094339622641507 0.7211538461538461 0.3584905660377358 0.7211538461538461 0.37735849056603776 0.7115384615384616 0.39245283018867927 0.6955128205128205 0.39245283018867927 0.6858974358974359 0.37735849056603776 0.6858974358974359 0.3622641509433962 0.6891025641025641 0.3584905660377358 0.6891025641025641 0.35471698113207545 0.6923076923076923 0.35471698113207545 0.6955128205128205 0.35094339622641507 0.7115384615384616 0.35094339622641507
1 0.6762820512820513 0.38113207547169814 0.6826923076923077 0.3886792452830189 0.6826923076923077 0.39245283018867927 0.6858974358974359 0.39622641509433965 0.6858974358974359 0.4037735849056604 0.6730769230769231 0.4188679245283019 0.6602564102564102 0.4188679245283019 0.657051282051282 0.41509433962264153 0.6538461538461539 0.41509433962264153 0.6442307692307693 0.4 0.6442307692307693 0.39622641509433965 0.6474358974358975 0.39245283018867927 0.6474358974358975 0.3849056603773585 0.6506410256410257 0.38113207547169814 0.6730769230769231 0.38113207547169814
1 0.6891025641025641 0.3320754716981132 0.6891025641025641 0.33584905660377357 0.6955128205128205 0.3433962264150943 0.6955128205128205 0.3622641509433962 0.6826923076923077 0.37735849056603776 0.6666666666666666 0.37735849056603776 0.6634615384615384 0.37358490566037733 0.6602564102564102 0.37358490566037733 0.657051282051282 0.36981132075471695 0.657051282051282 0.3471698113207547 0.6698717948717948 0.3320754716981132 0.6858974358974359 0.3320754716981132
1 0.3974358974358974 0.46037735849056605 0.40064102564102566 0.4641509433962264 0.41025641025641024 0.4641509433962264 0.4198717948717949 0.4716981132075472 0.4198717948717949 0.4981132075471698 0.41346153846153844 0.5056603773584906 0.40384615384615385 0.5056603773584906 0.40064102564102566 0.5094339622641509 0.391025641025641 0.5094339622641509 0.38782051282051283 0.5056603773584906 0.38461538461538464 0.5056603773584906 0.3782051282051282 0.49433962264150944 0.3782051282051282 0.47547169811320755 0.3814102564102564 0.4716981132075472 0.3814102564102564 0.4679245283018868 0.38461538461538464 0.4641509433962264 0.3942307692307692 0.46037735849056605
1 0.2532051282051282 0.8981132075471698 0.26282051282051283 0.9056603773584906 0.26282051282051283 0.9320754716981132 0.2467948717948718 0.9471698113207547 0.23717948717948717 0.9471698113207547 0.22435897435897437 0.9320754716981132 0.22435897435897437 0.9207547169811321 0.23397435897435898 0.9056603773584906 0.23397435897435898 0.9018867924528302 0.23717948717948717 0.9018867924528302 0.2403846153846154 0.8981132075471698 0.25 0.8981132075471698
1 0.40064102564102566 0.8113207547169812 0.40705128205128205 0.8226415094339623 0.40705128205128205 0.8377358490566038 0.40384615384615385 0.8415094339622642 0.40384615384615385 0.8452830188679246 0.391025641025641 0.8566037735849057 0.38782051282051283 0.8566037735849057 0.38461538461538464 0.8528301886792453 0.3782051282051282 0.8528301886792453 0.3717948717948718 0.8452830188679246 0.3717948717948718 0.8188679245283019 0.3814102564102564 0.8113207547169812 0.3974358974358974 0.8113207547169812
1 0.3588039867109634 0.3129192001504419 0.03986710963455149 0.05084937002444681
1 0.11538461538461539 0.8 0.1282051282051282 0.8150943396226416 0.1282051282051282 0.8226415094339623 0.12179487179487179 0.8301886792452831 0.11858974358974358 0.8415094339622642 0.11538461538461539 0.8452830188679246 0.10897435897435898 0.8452830188679246 0.10576923076923077 0.8490566037735849 0.10256410256410256 0.8490566037735849 0.08653846153846154 0.8377358490566038 0.08653846153846154 0.8075471698113208 0.09615384615384616 0.8 0.11217948717948718 0.8
1 0.7756410256410257 0.7622641509433963 0.7788461538461539 0.7660377358490567 0.7788461538461539 0.7886792452830189 0.7660256410256411 0.8 0.7564102564102564 0.8 0.7435897435897436 0.7886792452830189 0.7435897435897436 0.7660377358490567 0.7532051282051282 0.7584905660377359 0.7692307692307693 0.7584905660377359 0.7724358974358975 0.7622641509433963
2 0.3853820598006644 0.9651601579640192 0.026578073089700994 0.029336175014103925
2 0.23076923076923078 0.9471698113207547 0.23397435897435898 0.9509433962264151 0.23717948717948717 0.9509433962264151 0.23717948717948717 0.9547169811320755 0.2403846153846154 0.9584905660377359 0.2403846153846154 0.9660377358490566 0.23076923076923078 0.9773584905660377 0.22435897435897437 0.9773584905660377 0.22115384615384615 0.9735849056603774 0.21794871794871795 0.9735849056603774 0.21794871794871795 0.969811320754717 0.21474358974358973 0.9660377358490566 0.21474358974358973 0.9584905660377359 0.22435897435897437 0.9471698113207547 0.22756410256410256 0.9471698113207547
2 0.4391025641025641 0.6150943396226415 0.44871794871794873 0.6226415094339622 0.44871794871794873 0.6377358490566037 0.44551282051282054 0.6415094339622641 0.4326923076923077 0.6415094339622641 0.42948717948717946 0.6377358490566037 0.42948717948717946 0.6226415094339622 0.4326923076923077 0.6188679245283019 0.4358974358974359 0.6188679245283019
2 0.4230769230769231 0.6264150943396226 0.42948717948717946 0.6339622641509434 0.42948717948717946 0.6490566037735849 0.42628205128205127 0.6528301886792452 0.41346153846153844 0.6528301886792452 0.40705128205128205 0.6452830188679245 0.40705128205128205 0.6377358490566037 0.4166666666666667 0.6264150943396226 0.4198717948717949 0.6264150943396226
2 0.6843853820598006 0.6258384003008838 0.026578073089700994 0.03129192001504419
2 0.6185897435897436 0.4377358490566038 0.625 0.44528301886792454 0.625 0.4641509433962264 0.6217948717948718 0.4679245283018868 0.6089743589743589 0.4679245283018868 0.6057692307692307 0.4641509433962264 0.6057692307692307 0.44528301886792454 0.6121794871794872 0.4377358490566038 0.6153846153846154 0.4377358490566038
2 0.6217948717948718 0.47924528301886793 0.625 0.4830188679245283 0.625 0.5018867924528302 0.6217948717948718 0.5056603773584906 0.6089743589743589 0.5056603773584906 0.6057692307692307 0.5018867924528302 0.6057692307692307 0.4830188679245283 0.6089743589743589 0.47924528301886793 0.6185897435897436 0.47924528301886793
2 0.5737179487179487 0.4339622641509434 0.5865384615384616 0.4339622641509434 0.5897435897435898 0.4377358490566038 0.592948717948718 0.4377358490566038 0.592948717948718 0.45660377358490567 0.5897435897435898 0.45660377358490567 0.5865384615384616 0.46037735849056605 0.5769230769230769 0.46037735849056605 0.5705128205128205 0.4528301886792453 0.5705128205128205 0.44150943396226416 0.5737179487179487 0.4377358490566038
2 0.5512820512820513 0.3584905660377358 0.5576923076923077 0.36981132075471695 0.5480769230769231 0.3849056603773585 0.5384615384615384 0.3849056603773585 0.532051282051282 0.37735849056603776 0.532051282051282 0.3660377358490566 0.5384615384615384 0.3584905660377358 0.5480769230769231 0.3584905660377358
2 0.5431893687707641 0.33052090515890425 0.026578073089700994 0.03129192001504419
2 0.5641025641025641 0.29056603773584905 0.5705128205128205 0.2981132075471698 0.5705128205128205 0.30943396226415093 0.5641025641025641 0.3169811320754717 0.5544871794871795 0.3169811320754717 0.5480769230769231 0.30943396226415093 0.5480769230769231 0.3018867924528302 0.5512820512820513 0.2981132075471698 0.5512820512820513 0.2943396226415094 0.5608974358974359 0.29056603773584905
2 0.5897435897435898 0.30566037735849055 0.592948717948718 0.30566037735849055 0.5961538461538461 0.3018867924528302 0.6057692307692307 0.3018867924528302 0.6121794871794872 0.30943396226415093 0.6121794871794872 0.3169811320754717 0.6089743589743589 0.32075471698113206 0.6089743589743589 0.32452830188679244 0.6057692307692307 0.32452830188679244 0.6025641025641025 0.3283018867924528 0.5993589743589743 0.3283018867924528 0.5897435897435898 0.32075471698113206 0.5897435897435898 0.30943396226415093
2 0.4119601328903654 0.44199837021249916 0.026578073089700994 0.03129192001504419
2 0.4583333333333333 0.46037735849056605 0.4583333333333333 0.45660377358490567 0.4551282051282051 0.4528301886792453 0.4551282051282051 0.44528301886792454 0.46153846153846156 0.4339622641509434 0.47115384615384615 0.4339622641509434 0.4775641025641026 0.44150943396226416 0.4775641025641026 0.45660377358490567 0.46794871794871795 0.4641509433962264 0.46474358974358976 0.4641509433962264 0.46153846153846156 0.46037735849056605
2 0.5032051282051282 0.4377358490566038 0.5064102564102564 0.44150943396226416 0.5064102564102564 0.45660377358490567 0.5 0.4641509433962264 0.49038461538461536 0.4641509433962264 0.483974358974359 0.45660377358490567 0.483974358974359 0.44150943396226416 0.4935897435897436 0.4339622641509434 0.4967948717948718 0.4339622641509434 0.5 0.4377358490566038
2 0.5352564102564102 0.4867924528301887 0.5512820512820513 0.4867924528301887 0.5576923076923077 0.4981132075471698 0.5576923076923077 0.5018867924528302 0.5512820512820513 0.5132075471698113 0.5352564102564102 0.5132075471698113 0.5352564102564102 0.5094339622641509 0.532051282051282 0.5056603773584906 0.532051282051282 0.49433962264150944 0.5352564102564102 0.49056603773584906
2 0.5064102564102564 0.8264150943396227 0.5096153846153846 0.8301886792452831 0.5128205128205128 0.8301886792452831 0.5128205128205128 0.8377358490566038 0.5160256410256411 0.8415094339622642 0.5160256410256411 0.8452830188679246 0.5096153846153846 0.8566037735849057 0.5 0.8566037735849057 0.4967948717948718 0.8528301886792453 0.4935897435897436 0.8528301886792453 0.4935897435897436 0.8490566037735849 0.49038461538461536 0.8452830188679246 0.4935897435897436 0.8339622641509434 0.5 0.8264150943396227 0.5032051282051282 0.8264150943396227
2 0.42628205128205127 0.7924528301886793 0.42948717948717946 0.7962264150943397 0.4326923076923077 0.7962264150943397 0.4326923076923077 0.8 0.4358974358974359 0.8037735849056604 0.4358974358974359 0.8113207547169812 0.4326923076923077 0.8150943396226416 0.4326923076923077 0.8188679245283019 0.42948717948717946 0.8188679245283019 0.42628205128205127 0.8226415094339623 0.4230769230769231 0.8226415094339623 0.41346153846153844 0.8150943396226416 0.41346153846153844 0.8 0.4198717948717949 0.7924528301886793 0.4230769230769231 0.7924528301886793
2 0.4551282051282051 0.7811320754716982 0.4583333333333333 0.7849056603773585 0.4583333333333333 0.8037735849056604 0.4551282051282051 0.8037735849056604 0.4519230769230769 0.8075471698113208 0.4423076923076923 0.8075471698113208 0.4358974358974359 0.8 0.4358974358974359 0.7886792452830189 0.44551282051282054 0.7773584905660378 0.44871794871794873 0.7773584905660378 0.4519230769230769 0.7811320754716982
1 0.8205128205128205 0.4188679245283019 0.8333333333333334 0.4339622641509434 0.8333333333333334 0.45660377358490567 0.8237179487179487 0.4716981132075472 0.8076923076923077 0.4716981132075472 0.7948717948717948 0.45660377358490567 0.7948717948717948 0.4339622641509434 0.8076923076923077 0.4188679245283019 0.8173076923076923 0.4188679245283019
1 0.7275641025641025 0.5886792452830188 0.7371794871794872 0.6037735849056604 0.7371794871794872 0.6188679245283019 0.7307692307692307 0.630188679245283 0.7083333333333334 0.630188679245283 0.7019230769230769 0.6188679245283019 0.7019230769230769 0.5962264150943396 0.7083333333333334 0.5886792452830188 0.7243589743589743 0.5886792452830188
1 0.3108974358974359 0.7169811320754716 0.3141025641025641 0.720754716981132 0.3141025641025641 0.7283018867924528 0.3173076923076923 0.7320754716981132 0.3173076923076923 0.7358490566037735 0.3141025641025641 0.7396226415094339 0.3108974358974359 0.7509433962264151 0.2948717948717949 0.7622641509433963 0.28846153846153844 0.7622641509433963 0.28525641025641024 0.7584905660377359 0.28205128205128205 0.7584905660377359 0.27564102564102566 0.7509433962264151 0.27564102564102566 0.7396226415094339 0.28525641025641024 0.7245283018867924 0.28525641025641024 0.720754716981132 0.28846153846153844 0.720754716981132 0.2916666666666667 0.7169811320754716 0.3076923076923077 0.7169811320754716
1 0.8589743589743589 0.6641509433962264 0.8589743589743589 0.6679245283018868 0.8653846153846154 0.6754716981132075 0.8653846153846154 0.690566037735849 0.8589743589743589 0.6981132075471698 0.842948717948718 0.6981132075471698 0.8397435897435898 0.7018867924528301 0.8333333333333334 0.7018867924528301 0.8301282051282052 0.6981132075471698 0.8269230769230769 0.6981132075471698 0.8269230769230769 0.6943396226415094 0.8237179487179487 0.690566037735849 0.8237179487179487 0.6830188679245283 0.8205128205128205 0.6792452830188679 0.8205128205128205 0.6716981132075471 0.8237179487179487 0.6679245283018868 0.8237179487179487 0.6641509433962264 0.8333333333333334 0.6566037735849056 0.8493589743589743 0.6566037735849056 0.8557692307692307 0.6641509433962264
1 0.2467948717948718 0.8377358490566038 0.2564102564102564 0.8490566037735849 0.2564102564102564 0.8641509433962264 0.25 0.8754716981132076 0.24358974358974358 0.8754716981132076 0.2403846153846154 0.879245283018868 0.23717948717948717 0.879245283018868 0.22756410256410256 0.8716981132075472 0.22115384615384615 0.8716981132075472 0.22115384615384615 0.8679245283018868 0.21474358974358973 0.8603773584905661 0.21474358974358973 0.8490566037735849 0.22115384615384615 0.8377358490566038 0.22756410256410256 0.8377358490566038 0.23076923076923078 0.8339622641509434 0.2403846153846154 0.8339622641509434 0.24358974358974358 0.8377358490566038
1 0.24501661129568106 0.6532188303140474 0.0415282392026578 0.05084937002444681
1 0.3333333333333333 0.5433962264150943 0.3525641025641026 0.5433962264150943 0.36538461538461536 0.5547169811320755 0.36538461538461536 0.5660377358490566 0.36217948717948717 0.5660377358490566 0.3525641025641026 0.5811320754716981 0.33653846153846156 0.5811320754716981 0.3301282051282051 0.5735849056603773 0.3301282051282051 0.5509433962264151 0.3333333333333333 0.5471698113207547
1 0.358974358974359 0.6 0.36217948717948717 0.6037735849056604 0.3685897435897436 0.6037735849056604 0.3685897435897436 0.6075471698113207 0.375 0.6188679245283019 0.375 0.630188679245283 0.3717948717948718 0.6339622641509434 0.3717948717948718 0.6377358490566037 0.3685897435897436 0.6377358490566037 0.36538461538461536 0.6415094339622641 0.34935897435897434 0.6415094339622641 0.33974358974358976 0.6339622641509434 0.33974358974358976 0.6150943396226415 0.34294871794871795 0.6113207547169811 0.34294871794871795 0.6037735849056604 0.34615384615384615 0.6 0.3557692307692308 0.6
1 0.5705128205128205 0.3320754716981132 0.5865384615384616 0.3320754716981132 0.5961538461538461 0.33962264150943394 0.5961538461538461 0.3660377358490566 0.5865384615384616 0.37735849056603776 0.5673076923076923 0.37735849056603776 0.5576923076923077 0.3660377358490566 0.5576923076923077 0.35471698113207545 0.5608974358974359 0.35094339622641507 0.5608974358974359 0.3471698113207547 0.5705128205128205 0.33584905660377357
1 0.3301282051282051 0.30943396226415093 0.33653846153846156 0.3169811320754717 0.33653846153846156 0.3433962264150943 0.3269230769230769 0.35471698113207545 0.3076923076923077 0.35471698113207545 0.30128205128205127 0.3471698113207547 0.30128205128205127 0.32075471698113206 0.3108974358974359 0.30943396226415093 0.3269230769230769 0.30943396226415093
1 0.5993589743589743 0.20754716981132076 0.6025641025641025 0.21132075471698114 0.6089743589743589 0.21132075471698114 0.6185897435897436 0.22641509433962265 0.6185897435897436 0.23773584905660378 0.6153846153846154 0.24150943396226415 0.6153846153846154 0.24528301886792453 0.6025641025641025 0.25660377358490566 0.5865384615384616 0.25660377358490566 0.5833333333333334 0.2528301886792453 0.5801282051282052 0.2528301886792453 0.5705128205128205 0.23773584905660378 0.5705128205128205 0.22641509433962265 0.5737179487179487 0.22264150943396227 0.5737179487179487 0.2188679245283019 0.5865384615384616 0.20754716981132076 0.5961538461538461 0.20754716981132076
1 0.7965116279069766 0.2669591926283457 0.038205980066445176 0.05280511502538707
1 0.38461538461538464 0.7509433962264151 0.38782051282051283 0.7547169811320755 0.38782051282051283 0.7811320754716982 0.3782051282051282 0.7924528301886793 0.3685897435897436 0.7924528301886793 0.36538461538461536 0.7886792452830189 0.36217948717948717 0.7886792452830189 0.3525641025641026 0.7773584905660378 0.3525641025641026 0.7622641509433963 0.36217948717948717 0.7471698113207547 0.3782051282051282 0.7471698113207547 0.3814102564102564 0.7509433962264151
1 0.36217948717948717 0.690566037735849 0.375 0.7094339622641509 0.375 0.7169811320754716 0.3685897435897436 0.7283018867924528 0.3685897435897436 0.7396226415094339 0.36538461538461536 0.7396226415094339 0.36217948717948717 0.7433962264150943 0.34935897435897434 0.7433962264150943 0.34615384615384615 0.7396226415094339 0.34294871794871795 0.7396226415094339 0.34294871794871795 0.7358490566037735 0.3333333333333333 0.7169811320754716 0.3333333333333333 0.7094339622641509 0.34294871794871795 0.6943396226415094 0.34615384615384615 0.6943396226415094 0.34935897435897434 0.690566037735849 0.358974358974359 0.690566037735849
2 0.3685897435897436 0.6566037735849056 0.3717948717948718 0.660377358490566 0.3717948717948718 0.6716981132075471 0.36538461538461536 0.6830188679245283 0.3525641025641026 0.6830188679245283 0.3525641025641026 0.6792452830188679 0.34935897435897434 0.6754716981132075 0.34935897435897434 0.6641509433962264 0.3557692307692308 0.6566037735849056 0.36538461538461536 0.6566037735849056
1 0.48421926910298996 0.2786936626339873 0.04485049833887043 0.056716605027267594
1 0.4177740863787375 0.32954303265843415 0.0415282392026578 0.05280511502538707
2 0.4551282051282051 0.35471698113207545 0.46153846153846156 0.3622641509433962 0.46153846153846156 0.36981132075471695 0.4583333333333333 0.37358490566037733 0.4391025641025641 0.37358490566037733 0.4391025641025641 0.3584905660377358 0.44551282051282054 0.35094339622641507 0.44871794871794873 0.35094339622641507 0.4519230769230769 0.35471698113207545
2 0.4358974358974359 0.25660377358490566 0.44551282051282054 0.25660377358490566 0.44871794871794873 0.26037735849056604 0.44871794871794873 0.2792452830188679 0.4391025641025641 0.2792452830188679 0.4358974358974359 0.27547169811320754 0.4358974358974359 0.27169811320754716 0.4326923076923077 0.2679245283018868 0.4326923076923077 0.2641509433962264 0.4358974358974359 0.26037735849056604
2 0.358974358974359 0.5207547169811321 0.36217948717948717 0.5245283018867924 0.3685897435897436 0.5245283018867924 0.3685897435897436 0.539622641509434 0.358974358974359 0.5471698113207547 0.34935897435897434 0.5433962264150943 0.34935897435897434 0.5283018867924528 0.3525641025641026 0.5245283018867924 0.3557692307692308 0.5245283018867924
2 0.3942307692307692 0.6 0.3942307692307692 0.5811320754716981 0.40384615384615385 0.5735849056603773 0.41346153846153844 0.5735849056603773 0.4166666666666667 0.5773584905660377 0.4166666666666667 0.5924528301886792 0.41025641025641024 0.6 0.3974358974358974 0.6
2 0.7211538461538461 0.3886792452830189 0.7371794871794872 0.3886792452830189 0.7371794871794872 0.39245283018867927 0.7403846153846154 0.39622641509433965 0.7403846153846154 0.4075471698113208 0.7339743589743589 0.41509433962264153 0.7211538461538461 0.41509433962264153 0.7211538461538461 0.41132075471698115 0.717948717948718 0.4075471698113208 0.717948717948718 0.4037735849056604 0.7211538461538461 0.4 0.717948717948718 0.39622641509433965 0.7211538461538461 0.39245283018867927
2 0.6987179487179487 0.4037735849056604 0.7019230769230769 0.4075471698113208 0.7083333333333334 0.4075471698113208 0.7115384615384616 0.41132075471698115 0.7115384615384616 0.43018867924528303 0.7083333333333334 0.4339622641509434 0.6987179487179487 0.4339622641509434 0.6923076923076923 0.42641509433962266 0.6923076923076923 0.4226415094339623 0.6858974358974359 0.41132075471698115 0.6923076923076923 0.4037735849056604 0.6955128205128205 0.4037735849056604
2 0.75 0.3849056603773585 0.75 0.38113207547169814 0.7467948717948718 0.37735849056603776 0.7467948717948718 0.3622641509433962 0.75 0.3584905660377358 0.7596153846153846 0.3584905660377358 0.7660256410256411 0.3660377358490566 0.7660256410256411 0.37735849056603776 0.7628205128205128 0.38113207547169814 0.7628205128205128 0.3849056603773585 0.7532051282051282 0.3849056603773585
2 0.717948717948718 0.32075471698113206 0.7243589743589743 0.3283018867924528 0.7243589743589743 0.33962264150943394 0.7211538461538461 0.3433962264150943 0.7211538461538461 0.3471698113207547 0.717948717948718 0.3471698113207547 0.7147435897435898 0.35094339622641507 0.7051282051282052 0.3471698113207547 0.7051282051282052 0.3320754716981132 0.7083333333333334 0.3283018867924528 0.7083333333333334 0.32452830188679244 0.7115384615384616 0.32075471698113206 0.7147435897435898 0.32075471698113206
2 0.7403846153846154 0.3471698113207547 0.7403846153846154 0.3433962264150943 0.7371794871794872 0.33962264150943394 0.7371794871794872 0.3283018867924528 0.7435897435897436 0.32075471698113206 0.7467948717948718 0.32075471698113206 0.7564102564102564 0.3320754716981132 0.7564102564102564 0.3471698113207547 0.7532051282051282 0.3471698113207547 0.75 0.35094339622641507 0.7467948717948718 0.35094339622641507 0.7435897435897436 0.3471698113207547
1 0.25 0.5132075471698113 0.25961538461538464 0.5320754716981132 0.25961538461538464 0.539622641509434 0.2532051282051282 0.5471698113207547 0.24358974358974358 0.5471698113207547 0.23397435897435898 0.5584905660377358 0.22115384615384615 0.5584905660377358 0.21474358974358973 0.5509433962264151 0.21474358974358973 0.5245283018867924 0.21794871794871795 0.5207547169811321 0.21794871794871795 0.5169811320754717 0.22756410256410256 0.5094339622641509 0.23717948717948717 0.5094339622641509 0.2403846153846154 0.5132075471698113 0.2467948717948718 0.5132075471698113
1 0.35797342192691023 0.3676800601767692 0.04817275747508305 0.04302639002068576
1 0.5032051282051282 0.32075471698113206 0.5128205128205128 0.3283018867924528 0.5128205128205128 0.33584905660377357 0.5160256410256411 0.33962264150943394 0.5160256410256411 0.35471698113207545 0.5096153846153846 0.3660377358490566 0.483974358974359 0.3660377358490566 0.47435897435897434 0.3584905660377358 0.47435897435897434 0.33584905660377357 0.4775641025641026 0.3320754716981132 0.4775641025641026 0.3283018867924528 0.483974358974359 0.32075471698113206 0.49038461538461536 0.32075471698113206 0.4935897435897436 0.3169811320754717 0.4967948717948718 0.3169811320754717 0.5 0.32075471698113206
1 0.44551282051282054 0.3018867924528302 0.46474358974358976 0.3018867924528302 0.47435897435897434 0.30943396226415093 0.47435897435897434 0.33962264150943394 0.46474358974358976 0.35094339622641507 0.4519230769230769 0.35094339622641507 0.4423076923076923 0.33584905660377357 0.4423076923076923 0.30943396226415093 0.44551282051282054 0.30566037735849055
1 0.3141025641025641 0.8754716981132076 0.3173076923076923 0.879245283018868 0.32051282051282054 0.879245283018868 0.3269230769230769 0.8905660377358491 0.3269230769230769 0.9056603773584906 0.3173076923076923 0.9132075471698113 0.2980769230769231 0.9132075471698113 0.2948717948717949 0.909433962264151 0.2948717948717949 0.8830188679245283 0.30128205128205127 0.8754716981132076 0.3108974358974359 0.8754716981132076
1 0.36538461538461536 0.8490566037735849 0.36538461538461536 0.8566037735849057 0.3685897435897436 0.8603773584905661 0.3685897435897436 0.8716981132075472 0.358974358974359 0.8830188679245283 0.34294871794871795 0.8830188679245283 0.33653846153846156 0.8754716981132076 0.33653846153846156 0.8716981132075472 0.3333333333333333 0.8679245283018868 0.3333333333333333 0.8603773584905661 0.34294871794871795 0.8452830188679246 0.358974358974359 0.8452830188679246 0.36217948717948717 0.8490566037735849
1 0.9262820512820513 0.6150943396226415 0.9326923076923077 0.6226415094339622 0.9326923076923077 0.6415094339622641 0.9230769230769231 0.6528301886792452 0.9038461538461539 0.6528301886792452 0.8942307692307693 0.6377358490566037 0.8974358974358975 0.6188679245283019 0.907051282051282 0.6075471698113207 0.9166666666666666 0.6075471698113207 0.9230769230769231 0.6150943396226415
1 0.907051282051282 0.7849056603773585 0.9134615384615384 0.7924528301886793 0.9134615384615384 0.8188679245283019 0.9102564102564102 0.8226415094339623 0.9102564102564102 0.8264150943396227 0.907051282051282 0.8264150943396227 0.9038461538461539 0.8301886792452831 0.9038461538461539 0.8339622641509434 0.9006410256410257 0.8339622641509434 0.8974358974358975 0.8377358490566038 0.8942307692307693 0.8377358490566038 0.8910256410256411 0.8339622641509434 0.8846153846153846 0.8339622641509434 0.8717948717948718 0.8188679245283019 0.8717948717948718 0.8 0.8814102564102564 0.7849056603773585 0.8878205128205128 0.7849056603773585 0.8910256410256411 0.7811320754716982 0.9006410256410257 0.7811320754716982 0.9038461538461539 0.7849056603773585
2 0.7403846153846154 0.8528301886792453 0.7564102564102564 0.8528301886792453 0.7564102564102564 0.8716981132075472 0.7532051282051282 0.8754716981132076 0.7435897435897436 0.8754716981132076 0.7403846153846154 0.8716981132075472 0.7403846153846154 0.8566037735849057
2 0.7019230769230769 0.9132075471698113 0.7051282051282052 0.9169811320754717 0.7083333333333334 0.9169811320754717 0.7083333333333334 0.9320754716981132 0.7019230769230769 0.939622641509434 0.6955128205128205 0.939622641509434 0.6923076923076923 0.9358490566037736 0.6923076923076923 0.9169811320754717 0.6955128205128205 0.9132075471698113 0.6987179487179487 0.9132075471698113
2 0.6303986710963455 0.7998997053845671 0.02491694352159468 0.035203410016924716
2 0.842948717948718 0.7396226415094339 0.842948717948718 0.7509433962264151 0.8365384615384616 0.7584905660377359 0.8269230769230769 0.7584905660377359 0.8237179487179487 0.7547169811320755 0.8237179487179487 0.7471698113207547 0.8333333333333334 0.7358490566037735 0.8365384615384616 0.7358490566037735 0.8397435897435898 0.7396226415094339
1 0.6634615384615384 0.7547169811320755 0.6826923076923077 0.7735849056603774 0.6826923076923077 0.7924528301886793 0.6762820512820513 0.8 0.6698717948717948 0.8 0.6666666666666666 0.8037735849056604 0.657051282051282 0.8037735849056604 0.6538461538461539 0.8 0.6506410256410257 0.8 0.6410256410256411 0.7886792452830189 0.6410256410256411 0.7660377358490567 0.6506410256410257 0.7547169811320755 0.6602564102564102 0.7547169811320755
1 0.8237179487179487 0.7962264150943397 0.8269230769230769 0.8 0.8301282051282052 0.7962264150943397 0.8333333333333334 0.7962264150943397 0.8365384615384616 0.8 0.842948717948718 0.8 0.8493589743589743 0.8075471698113208 0.8493589743589743 0.8113207547169812 0.8525641025641025 0.8150943396226416 0.8525641025641025 0.8377358490566038 0.8397435897435898 0.8490566037735849 0.8269230769230769 0.8490566037735849 0.8237179487179487 0.8452830188679246 0.8173076923076923 0.8452830188679246 0.8108974358974359 0.8377358490566038 0.8108974358974359 0.8037735849056604 0.8141025641025641 0.8 0.8205128205128205 0.8
1 0.7243589743589743 0.6641509433962264 0.7307692307692307 0.6716981132075471 0.7307692307692307 0.6754716981132075 0.7339743589743589 0.6792452830188679 0.7339743589743589 0.6867924528301886 0.7307692307692307 0.690566037735849 0.7307692307692307 0.6981132075471698 0.7211538461538461 0.7056603773584905 0.7051282051282052 0.7056603773584905 0.6987179487179487 0.6981132075471698 0.6987179487179487 0.6830188679245283 0.7019230769230769 0.6792452830188679 0.7019230769230769 0.6754716981132075 0.7115384615384616 0.6641509433962264 0.7211538461538461 0.6641509433962264
1 0.6891025641025641 0.8754716981132076 0.6987179487179487 0.8830188679245283 0.6987179487179487 0.9018867924528302 0.6891025641025641 0.9169811320754717 0.6730769230769231 0.9169811320754717 0.6698717948717948 0.9132075471698113 0.6634615384615384 0.9132075471698113 0.6538461538461539 0.9018867924528302 0.6538461538461539 0.8867924528301887 0.6602564102564102 0.8754716981132076 0.6634615384615384 0.8754716981132076 0.6666666666666666 0.8716981132075472 0.6826923076923077 0.8716981132075472 0.6858974358974359 0.8754716981132076
1 0.6506410256410257 0.22264150943396227 0.6634615384615384 0.2339622641509434 0.6634615384615384 0.2528301886792453 0.6538461538461539 0.2641509433962264 0.6506410256410257 0.2641509433962264 0.6474358974358975 0.2679245283018868 0.6346153846153846 0.2679245283018868 0.625 0.26037735849056604 0.625 0.24150943396226415 0.6282051282051282 0.23773584905660378 0.6282051282051282 0.2339622641509434 0.6346153846153846 0.22641509433962265 0.6410256410256411 0.22641509433962265 0.6442307692307693 0.22264150943396227 0.6474358974358975 0.22264150943396227
2 0.3942307692307692 0.2792452830188679 0.3974358974358974 0.2830188679245283 0.40384615384615385 0.2830188679245283 0.41025641025641024 0.29056603773584905 0.41025641025641024 0.2943396226415094 0.40384615384615385 0.3018867924528302 0.40384615384615385 0.30566037735849055 0.3942307692307692 0.30566037735849055 0.38782051282051283 0.2981132075471698 0.38782051282051283 0.2830188679245283 0.391025641025641 0.2830188679245283
2 0.30315614617940195 0.38332602018429135 0.02491694352159468 0.027380430013163665
2 0.4326923076923077 0.5358490566037736 0.4326923076923077 0.539622641509434 0.4358974358974359 0.5433962264150943 0.4358974358974359 0.5509433962264151 0.42948717948717946 0.5622641509433962 0.4198717948717949 0.5622641509433962 0.4166666666666667 0.5584905660377358 0.41346153846153844 0.5584905660377358 0.41346153846153844 0.5547169811320755 0.40705128205128205 0.5471698113207547 0.40705128205128205 0.5433962264150943 0.4166666666666667 0.5320754716981132 0.42628205128205127 0.5320754716981132 0.42948717948717946 0.5358490566037736
2 0.4285714285714285 0.567166050272676 0.023255813953488372 0.03129192001504419
1 0.5096153846153846 0.6943396226415094 0.5192307692307693 0.7056603773584905 0.5192307692307693 0.7094339622641509 0.5224358974358975 0.7132075471698113 0.5224358974358975 0.720754716981132 0.5160256410256411 0.7320754716981132 0.4935897435897436 0.7320754716981132 0.49038461538461536 0.7283018867924528 0.48717948717948717 0.7283018867924528 0.4807692307692308 0.7169811320754716 0.4807692307692308 0.7056603773584905 0.483974358974359 0.7018867924528301 0.483974358974359 0.6981132075471698 0.48717948717948717 0.6981132075471698 0.49038461538461536 0.6943396226415094 0.5064102564102564 0.6943396226415094
1 0.5480769230769231 0.6415094339622641 0.5576923076923077 0.6528301886792452 0.5576923076923077 0.6716981132075471 0.5512820512820513 0.6792452830188679 0.5448717948717948 0.6792452830188679 0.5416666666666666 0.6830188679245283 0.5384615384615384 0.6792452830188679 0.5352564102564102 0.6830188679245283 0.5224358974358975 0.6716981132075471 0.5224358974358975 0.6528301886792452 0.532051282051282 0.6377358490566037 0.5416666666666666 0.6377358490566037 0.5448717948717948 0.6415094339622641
1 0.483974358974359 0.5924528301886792 0.5064102564102564 0.5924528301886792 0.5192307692307693 0.6075471698113207 0.5192307692307693 0.6264150943396226 0.5160256410256411 0.630188679245283 0.5128205128205128 0.630188679245283 0.5096153846153846 0.6339622641509434 0.49038461538461536 0.6339622641509434 0.4775641025641026 0.6188679245283019 0.4775641025641026 0.6037735849056604 0.483974358974359 0.5962264150943396
1 0.5192307692307693 0.6339622641509434 0.5256410256410257 0.6452830188679245 0.5256410256410257 0.6528301886792452 0.5288461538461539 0.6566037735849056 0.5288461538461539 0.660377358490566 0.5256410256410257 0.6641509433962264 0.5256410256410257 0.6679245283018868 0.5128205128205128 0.6792452830188679 0.4967948717948718 0.6792452830188679 0.48717948717948717 0.6716981132075471 0.48717948717948717 0.6452830188679245 0.5 0.6339622641509434 0.5160256410256411 0.6339622641509434
1 0.38782051282051283 0.8867924528301887 0.38782051282051283 0.8905660377358491 0.391025641025641 0.8943396226415095 0.391025641025641 0.9169811320754717 0.38461538461538464 0.9245283018867925 0.38461538461538464 0.9283018867924528 0.3814102564102564 0.9283018867924528 0.3782051282051282 0.9320754716981132 0.3685897435897436 0.9320754716981132 0.36538461538461536 0.9283018867924528 0.358974358974359 0.9283018867924528 0.3557692307692308 0.9245283018867925 0.3557692307692308 0.9207547169811321 0.3525641025641026 0.9169811320754717 0.3525641025641026 0.8943396226415095 0.358974358974359 0.8830188679245283 0.3814102564102564 0.8830188679245283 0.38461538461538464 0.8867924528301887
1 0.7756410256410257 0.5471698113207547 0.782051282051282 0.5547169811320755 0.782051282051282 0.5735849056603773 0.7660256410256411 0.5886792452830188 0.7596153846153846 0.5886792452830188 0.7564102564102564 0.5924528301886792 0.75 0.5924528301886792 0.7403846153846154 0.5849056603773585 0.7403846153846154 0.5660377358490566 0.7467948717948718 0.5584905660377358 0.7467948717948718 0.5547169811320755 0.75 0.5547169811320755 0.7532051282051282 0.5509433962264151 0.7596153846153846 0.5509433962264151 0.7628205128205128 0.5471698113207547 0.7724358974358975 0.5471698113207547
1 0.7435897435897436 0.6075471698113207 0.7532051282051282 0.6188679245283019 0.7532051282051282 0.6415094339622641 0.7403846153846154 0.6566037735849056 0.7275641025641025 0.6566037735849056 0.7211538461538461 0.6490566037735849 0.7211538461538461 0.630188679245283 0.7243589743589743 0.6264150943396226 0.7243589743589743 0.6226415094339622 0.7371794871794872 0.6075471698113207 0.7403846153846154 0.6075471698113207
1 0.7916666666666666 0.5811320754716981 0.7948717948717948 0.5849056603773585 0.7980769230769231 0.5849056603773585 0.7980769230769231 0.5886792452830188 0.8044871794871795 0.5962264150943396 0.8044871794871795 0.6150943396226415 0.7948717948717948 0.6226415094339622 0.782051282051282 0.6226415094339622 0.7788461538461539 0.6188679245283019 0.7692307692307693 0.6188679245283019 0.7660256410256411 0.6150943396226415 0.7660256410256411 0.5924528301886792 0.7788461538461539 0.5811320754716981 0.7884615384615384 0.5811320754716981
1 0.782051282051282 0.630188679245283 0.7884615384615384 0.6377358490566037 0.7884615384615384 0.6566037735849056 0.7788461538461539 0.6641509433962264 0.7724358974358975 0.6641509433962264 0.7692307692307693 0.660377358490566 0.7596153846153846 0.660377358490566 0.7564102564102564 0.6566037735849056 0.7564102564102564 0.630188679245283 0.7596153846153846 0.6264150943396226 0.7756410256410257 0.6264150943396226 0.7788461538461539 0.630188679245283
1 0.6121794871794872 0.5207547169811321 0.6185897435897436 0.5283018867924528 0.6185897435897436 0.5433962264150943 0.6025641025641025 0.5584905660377358 0.5897435897435898 0.5584905660377358 0.5833333333333334 0.5509433962264151 0.5801282051282052 0.5509433962264151 0.5801282051282052 0.5283018867924528 0.5897435897435898 0.5169811320754717 0.592948717948718 0.5169811320754717 0.5961538461538461 0.5207547169811321 0.6089743589743589 0.5207547169811321
1 0.5480769230769231 0.4339622641509434 0.5608974358974359 0.44528301886792454 0.5608974358974359 0.47547169811320755 0.5544871794871795 0.4830188679245283 0.5384615384615384 0.4830188679245283 0.5352564102564102 0.47924528301886793 0.5288461538461539 0.47924528301886793 0.5224358974358975 0.4716981132075472 0.5224358974358975 0.4528301886792453 0.5288461538461539 0.44528301886792454 0.5288461538461539 0.44150943396226416 0.5352564102564102 0.4339622641509434 0.5448717948717948 0.4339622641509434
1 0.5801282051282052 0.4679245283018868 0.5897435897435898 0.47924528301886793 0.592948717948718 0.47924528301886793 0.592948717948718 0.5018867924528302 0.5897435897435898 0.5018867924528302 0.5769230769230769 0.5132075471698113 0.5705128205128205 0.5132075471698113 0.5608974358974359 0.5056603773584906 0.5608974358974359 0.47924528301886793 0.5673076923076923 0.4679245283018868 0.5769230769230769 0.4679245283018868
1 0.5769230769230769 0.3849056603773585 0.5865384615384616 0.39245283018867927 0.5865384615384616 0.41132075471698115 0.5801282051282052 0.4188679245283019 0.5769230769230769 0.4188679245283019 0.5673076923076923 0.42641509433962266 0.5512820512820513 0.42641509433962266 0.5480769230769231 0.4226415094339623 0.5416666666666666 0.4226415094339623 0.5384615384615384 0.4188679245283019 0.5352564102564102 0.4188679245283019 0.5352564102564102 0.4 0.5416666666666666 0.39245283018867927 0.5416666666666666 0.3886792452830189 0.5448717948717948 0.3886792452830189 0.5544871794871795 0.38113207547169814 0.5705128205128205 0.38113207547169814 0.5737179487179487 0.3849056603773585
1 0.6217948717948718 0.3584905660377358 0.6314102564102564 0.3660377358490566 0.6378205128205128 0.3660377358490566 0.6442307692307693 0.37735849056603776 0.6442307692307693 0.39245283018867927 0.6314102564102564 0.4037735849056604 0.6217948717948718 0.4037735849056604 0.6153846153846154 0.39622641509433965 0.6121794871794872 0.39622641509433965 0.6025641025641025 0.38113207547169814 0.6025641025641025 0.3660377358490566 0.6089743589743589 0.3584905660377358 0.6185897435897436 0.3584905660377358
1 0.5897435897435898 0.39622641509433965 0.592948717948718 0.39622641509433965 0.5993589743589743 0.3886792452830189 0.6089743589743589 0.3886792452830189 0.6217948717948718 0.4037735849056604 0.6217948717948718 0.4226415094339623 0.6185897435897436 0.42641509433962266 0.5961538461538461 0.42641509433962266 0.5865384615384616 0.4188679245283019 0.5865384615384616 0.4037735849056604 0.5897435897435898 0.4
1 0.8108974358974359 0.38113207547169814 0.8141025641025641 0.38113207547169814 0.8173076923076923 0.37735849056603776 0.8333333333333334 0.37735849056603776 0.842948717948718 0.3849056603773585 0.842948717948718 0.39245283018867927 0.8461538461538461 0.39622641509433965 0.8461538461538461 0.4075471698113208 0.8397435897435898 0.41509433962264153 0.8205128205128205 0.41509433962264153 0.8108974358974359 0.4075471698113208 0.8108974358974359 0.3849056603773585
1 0.5480769230769231 0.8301886792452831 0.5480769230769231 0.8339622641509434 0.5544871794871795 0.8415094339622642 0.5544871794871795 0.8490566037735849 0.5448717948717948 0.8641509433962264 0.5256410256410257 0.8641509433962264 0.5160256410256411 0.8528301886792453 0.5160256410256411 0.8301886792452831 0.5192307692307693 0.8264150943396227 0.5416666666666666 0.8264150943396227 0.5448717948717948 0.8301886792452831
1 0.4294019933554817 0.3979941076913433 0.03488372093023256 0.0410706450197455
1 0.31976744186046513 0.2669591926283457 0.03488372093023256 0.0410706450197455
2 0.19230769230769232 0.28679245283018867 0.1955128205128205 0.29056603773584905 0.1955128205128205 0.2943396226415094 0.19230769230769232 0.2981132075471698 0.19230769230769232 0.30566037735849055 0.1891025641025641 0.30566037735849055 0.1858974358974359 0.30943396226415093 0.1794871794871795 0.30943396226415093 0.1762820512820513 0.30566037735849055 0.1762820512820513 0.29056603773584905 0.1794871794871795 0.28679245283018867 0.1891025641025641 0.28679245283018867
2 0.15705128205128205 0.3584905660377358 0.16346153846153846 0.3660377358490566 0.16346153846153846 0.37358490566037733 0.16025641025641027 0.37735849056603776 0.15384615384615385 0.37735849056603776 0.14743589743589744 0.36981132075471695 0.14743589743589744 0.3622641509433962 0.15064102564102563 0.3584905660377358 0.15384615384615385 0.3584905660377358
1 0.0641025641025641 0.5622641509433962 0.0673076923076923 0.5660377358490566 0.07051282051282051 0.5660377358490566 0.07051282051282051 0.569811320754717 0.07371794871794872 0.5735849056603773 0.07371794871794872 0.5849056603773585 0.0641025641025641 0.6 0.05128205128205128 0.6 0.04807692307692308 0.5962264150943396 0.041666666666666664 0.5962264150943396 0.035256410256410256 0.5886792452830188 0.035256410256410256 0.5811320754716981 0.038461538461538464 0.5773584905660377 0.038461538461538464 0.569811320754717 0.041666666666666664 0.5660377358490566 0.04807692307692308 0.5660377358490566 0.05128205128205128 0.5622641509433962 0.060897435897435896 0.5622641509433962
1 0.03205128205128205 0.5132075471698113 0.035256410256410256 0.5169811320754717 0.038461538461538464 0.5132075471698113 0.041666666666666664 0.5169811320754717 0.04807692307692308 0.5169811320754717 0.05128205128205128 0.5207547169811321 0.05128205128205128 0.5471698113207547 0.041666666666666664 0.5584905660377358 0.022435897435897436 0.5584905660377358 0.019230769230769232 0.5547169811320755 0.019230769230769232 0.5509433962264151 0.016025641025641024 0.5471698113207547 0.016025641025641024 0.5283018867924528 0.02564102564102564 0.5169811320754717 0.028846153846153848 0.5169811320754717
1 0.28525641025641024 0.2679245283018868 0.28846153846153844 0.27169811320754716 0.2948717948717949 0.27169811320754716 0.30128205128205127 0.2830188679245283 0.30128205128205127 0.3018867924528302 0.2916666666666667 0.3132075471698113 0.27564102564102566 0.3132075471698113 0.2724358974358974 0.30943396226415093 0.2692307692307692 0.30943396226415093 0.2692307692307692 0.30566037735849055 0.266025641025641 0.3018867924528302 0.266025641025641 0.2943396226415094 0.2724358974358974 0.2830188679245283 0.2724358974358974 0.27169811320754716 0.28205128205128205 0.2679245283018868
1 0.41346153846153844 0.7018867924528301 0.41346153846153844 0.7094339622641509 0.4198717948717949 0.7169811320754716 0.4198717948717949 0.7358490566037735 0.4166666666666667 0.7396226415094339 0.4166666666666667 0.7433962264150943 0.40705128205128205 0.7509433962264151 0.3942307692307692 0.7509433962264151 0.391025641025641 0.7471698113207547 0.38782051282051283 0.7471698113207547 0.3814102564102564 0.7396226415094339 0.3814102564102564 0.7283018867924528 0.38461538461538464 0.7245283018867924 0.38461538461538464 0.7169811320754716 0.38782051282051283 0.7132075471698113 0.38782051282051283 0.7094339622641509 0.3942307692307692 0.7018867924528301 0.41025641025641024 0.7018867924528301
1 0.11538461538461539 0.5735849056603773 0.11858974358974358 0.5773584905660377 0.13141025641025642 0.5773584905660377 0.1346153846153846 0.5811320754716981 0.13782051282051283 0.5811320754716981 0.13782051282051283 0.5849056603773585 0.14102564102564102 0.5886792452830188 0.14102564102564102 0.5962264150943396 0.13141025641025642 0.6113207547169811 0.10576923076923077 0.6113207547169811 0.09935897435897435 0.6037735849056604 0.09935897435897435 0.5849056603773585 0.10897435897435898 0.5735849056603773 0.11217948717948718 0.5735849056603773
1 0.1038205980066445 0.5564094527675045 0.04485049833887043 0.04498213502162602
1 0.09935897435897435 0.49056603773584906 0.10576923076923077 0.4981132075471698 0.10897435897435898 0.4981132075471698 0.10897435897435898 0.5018867924528302 0.11217948717948718 0.5056603773584906 0.11217948717948718 0.5207547169811321 0.10897435897435898 0.5245283018867924 0.10897435897435898 0.5320754716981132 0.09935897435897435 0.539622641509434 0.08653846153846154 0.539622641509434 0.08012820512820513 0.5320754716981132 0.07692307692307693 0.5320754716981132 0.07692307692307693 0.5094339622641509 0.08012820512820513 0.5056603773584906 0.08012820512820513 0.4981132075471698 0.08653846153846154 0.49056603773584906 0.09615384615384616 0.49056603773584906
2 0.23504983388704317 0.39994985269228356 0.018272425249169433 0.025424685012223405
2 0.2467948717948718 0.25660377358490566 0.2467948717948718 0.26037735849056604 0.25 0.2641509433962264 0.25 0.2792452830188679 0.24358974358974358 0.28679245283018867 0.23717948717948717 0.28679245283018867 0.23076923076923078 0.2792452830188679 0.23076923076923078 0.26037735849056604 0.23397435897435898 0.25660377358490566 0.24358974358974358 0.25660377358490566
2 0.2549833887043189 0.3168306901523224 0.02159468438538206 0.027380430013163665
1 0.28525641025641024 0.33584905660377357 0.2948717948717949 0.3471698113207547 0.2948717948717949 0.3660377358490566 0.2916666666666667 0.36981132075471695 0.28525641025641024 0.36981132075471695 0.28205128205128205 0.37358490566037733 0.27564102564102566 0.37358490566037733 0.2724358974358974 0.37735849056603776 0.25961538461538464 0.37735849056603776 0.2532051282051282 0.36981132075471695 0.2532051282051282 0.35471698113207545 0.266025641025641 0.33962264150943394 0.2692307692307692 0.33962264150943394 0.2724358974358974 0.33584905660377357 0.28205128205128205 0.33584905660377357
1 0.23076923076923078 0.2830188679245283 0.24358974358974358 0.2943396226415094 0.24358974358974358 0.3169811320754717 0.2403846153846154 0.32075471698113206 0.2403846153846154 0.32452830188679244 0.23076923076923078 0.33584905660377357 0.22115384615384615 0.33584905660377357 0.20833333333333334 0.32452830188679244 0.20833333333333334 0.30943396226415093 0.21153846153846154 0.30566037735849055 0.21153846153846154 0.2943396226415094 0.21474358974358973 0.29056603773584905 0.21474358974358973 0.28679245283018867 0.21794871794871795 0.2830188679245283 0.22756410256410256 0.2830188679245283
1 0.2403846153846154 0.33584905660377357 0.25 0.3471698113207547 0.25 0.3622641509433962 0.2403846153846154 0.37358490566037733 0.21474358974358973 0.37358490566037733 0.21474358974358973 0.36981132075471695 0.21153846153846154 0.3660377358490566 0.21153846153846154 0.35094339622641507 0.21474358974358973 0.3471698113207547 0.21474358974358973 0.3433962264150943 0.22435897435897437 0.3320754716981132 0.23397435897435898 0.3320754716981132 0.23717948717948717 0.33584905660377357
1 0.3269230769230769 0.5056603773584906 0.33653846153846156 0.5132075471698113 0.33653846153846156 0.5320754716981132 0.3301282051282051 0.539622641509434 0.3076923076923077 0.539622641509434 0.30128205128205127 0.5320754716981132 0.30128205128205127 0.5169811320754717 0.30448717948717946 0.5132075471698113 0.30448717948717946 0.5094339622641509 0.3108974358974359 0.5018867924528302 0.32051282051282054 0.5018867924528302 0.32371794871794873 0.5056603773584906
2 0.3076923076923077 0.4716981132075472 0.3108974358974359 0.47547169811320755 0.3108974358974359 0.49056603773584906 0.3076923076923077 0.49433962264150944 0.30128205128205127 0.49433962264150944 0.2980769230769231 0.49056603773584906 0.2948717948717949 0.49056603773584906 0.2948717948717949 0.47924528301886793 0.30128205128205127 0.4716981132075472 0.30448717948717946 0.4716981132075472
1 0.9230769230769231 0.2641509433962264 0.9294871794871795 0.27169811320754716 0.9294871794871795 0.29056603773584905 0.9198717948717948 0.3018867924528302 0.9102564102564102 0.3018867924528302 0.907051282051282 0.30566037735849055 0.8942307692307693 0.30566037735849055 0.8878205128205128 0.2981132075471698 0.8878205128205128 0.2792452830188679 0.8910256410256411 0.27547169811320754 0.8910256410256411 0.2679245283018868 0.9006410256410257 0.26037735849056604 0.9166666666666666 0.26037735849056604 0.9198717948717948 0.2641509433962264
1 0.8814102564102564 0.3132075471698113 0.8910256410256411 0.32075471698113206 0.8910256410256411 0.3433962264150943 0.8878205128205128 0.3471698113207547 0.8878205128205128 0.35094339622641507 0.8782051282051282 0.3584905660377358 0.8653846153846154 0.3584905660377358 0.8621794871794872 0.35471698113207545 0.8557692307692307 0.35471698113207545 0.8557692307692307 0.35094339622641507 0.8493589743589743 0.33962264150943394 0.8493589743589743 0.32452830188679244 0.8557692307692307 0.3132075471698113 0.8782051282051282 0.3132075471698113
2 0.8301282051282052 0.29056603773584905 0.8333333333333334 0.2943396226415094 0.8365384615384616 0.2943396226415094 0.8365384615384616 0.3132075471698113 0.8333333333333334 0.3132075471698113 0.8301282051282052 0.3169811320754717 0.8141025641025641 0.3132075471698113 0.8141025641025641 0.2981132075471698 0.8173076923076923 0.2943396226415094 0.8269230769230769 0.29056603773584905
2 0.375 0.26037735849056604 0.375 0.2792452830188679 0.3717948717948718 0.2830188679245283 0.36217948717948717 0.2830188679245283 0.358974358974359 0.2792452830188679 0.358974358974359 0.2641509433962264 0.36217948717948717 0.26037735849056604 0.3717948717948718 0.26037735849056604
1 0.7147435897435898 0.7283018867924528 0.7275641025641025 0.7433962264150943 0.7275641025641025 0.769811320754717 0.7243589743589743 0.769811320754717 0.7211538461538461 0.7735849056603774 0.7019230769230769 0.7735849056603774 0.6955128205128205 0.7660377358490567 0.6955128205128205 0.7471698113207547 0.6987179487179487 0.7433962264150943 0.6987179487179487 0.7396226415094339 0.7083333333333334 0.7283018867924528 0.7115384615384616 0.7283018867924528
1 0.8621794871794872 0.8566037735849057 0.8685897435897436 0.8641509433962264 0.8685897435897436 0.8716981132075472 0.8653846153846154 0.8754716981132076 0.8653846153846154 0.879245283018868 0.8557692307692307 0.8905660377358491 0.8525641025641025 0.8905660377358491 0.842948717948718 0.8981132075471698 0.8301282051282052 0.8981132075471698 0.8237179487179487 0.8905660377358491 0.8237179487179487 0.8754716981132076 0.8269230769230769 0.8716981132075472 0.8269230769230769 0.8641509433962264 0.8301282051282052 0.8641509433962264 0.8365384615384616 0.8566037735849057 0.8589743589743589 0.8566037735849057
1 0.7807308970099667 0.7324265028521281 0.03654485049833887 0.04498213502162602
2 0.33653846153846156 0.6339622641509434 0.33974358974358976 0.6377358490566037 0.34294871794871795 0.6377358490566037 0.34294871794871795 0.6415094339622641 0.34615384615384615 0.6452830188679245 0.34615384615384615 0.6490566037735849 0.33653846153846156 0.660377358490566 0.3301282051282051 0.660377358490566 0.3269230769230769 0.6566037735849056 0.3269230769230769 0.6377358490566037 0.3301282051282051 0.6339622641509434 0.3333333333333333 0.6339622641509434
2 0.3076923076923077 0.6339622641509434 0.3108974358974359 0.6339622641509434 0.3141025641025641 0.630188679245283 0.32371794871794873 0.630188679245283 0.3269230769230769 0.6339622641509434 0.3269230769230769 0.6490566037735849 0.32051282051282054 0.6566037735849056 0.3108974358974359 0.6528301886792452 0.3108974358974359 0.6490566037735849 0.3076923076923077 0.6452830188679245 0.3076923076923077 0.6377358490566037
1 0.28205128205128205 0.6641509433962264 0.30128205128205127 0.6641509433962264 0.30128205128205127 0.6679245283018868 0.3076923076923077 0.6792452830188679 0.30448717948717946 0.6981132075471698 0.2980769230769231 0.7056603773584905 0.28525641025641024 0.7056603773584905 0.27564102564102566 0.6943396226415094 0.27564102564102566 0.6792452830188679 0.28205128205128205 0.6679245283018868
1 0.3108974358974359 0.7132075471698113 0.3108974358974359 0.7094339622641509 0.3076923076923077 0.7056603773584905 0.3076923076923077 0.6943396226415094 0.3108974358974359 0.690566037735849 0.3141025641025641 0.6792452830188679 0.3269230769230769 0.6641509433962264 0.33653846153846156 0.6641509433962264 0.34615384615384615 0.6754716981132075 0.34615384615384615 0.6943396226415094 0.34294871794871795 0.6981132075471698 0.33974358974358976 0.7094339622641509 0.3333333333333333 0.7169811320754716 0.3173076923076923 0.7169811320754716 0.3141025641025641 0.7132075471698113
1 0.5608974358974359 0.569811320754717 0.5641025641025641 0.569811320754717 0.5673076923076923 0.5660377358490566 0.5769230769230769 0.5660377358490566 0.5833333333333334 0.5735849056603773 0.5833333333333334 0.5962264150943396 0.5769230769230769 0.6037735849056604 0.5673076923076923 0.6037735849056604 0.5576923076923077 0.5924528301886792 0.5576923076923077 0.5773584905660377 0.5608974358974359 0.5735849056603773
1 0.20512820512820512 0.8415094339622642 0.21153846153846154 0.8528301886792453 0.21153846153846154 0.8716981132075472 0.20833333333333334 0.8754716981132076 0.19230769230769232 0.8754716981132076 0.1891025641025641 0.8716981132075472 0.1858974358974359 0.8716981132075472 0.1858974358974359 0.8679245283018868 0.18269230769230768 0.8641509433962264 0.1794871794871795 0.8641509433962264 0.1794871794871795 0.8490566037735849 0.1858974358974359 0.8415094339622642 0.20192307692307693 0.8415094339622642
1 0.21153846153846154 0.879245283018868 0.21474358974358973 0.8830188679245283 0.21794871794871795 0.8830188679245283 0.22435897435897437 0.8943396226415095 0.22756410256410256 0.8943396226415095 0.22756410256410256 0.9056603773584906 0.21794871794871795 0.9169811320754717 0.21474358974358973 0.9169811320754717 0.21153846153846154 0.9207547169811321 0.20833333333333334 0.9169811320754717 0.1987179487179487 0.9169811320754717 0.19230769230769232 0.9056603773584906 0.19230769230769232 0.8867924528301887 0.1987179487179487 0.879245283018868 0.20833333333333334 0.879245283018868
1 0.1744186046511628 0.8429260954052529 0.03986710963455149 0.04302639002068576
1 0.5737179487179487 0.8679245283018868 0.5833333333333334 0.8754716981132076 0.5833333333333334 0.8981132075471698 0.5769230769230769 0.9056603773584906 0.5544871794871795 0.9056603773584906 0.5480769230769231 0.8943396226415095 0.5480769230769231 0.8754716981132076 0.5544871794871795 0.8679245283018868 0.5705128205128205 0.8679245283018868
1 0.2815614617940199 0.8859524854259385 0.03488372093023256 0.04302639002068576
2 0.5 0.879245283018868 0.5064102564102564 0.8867924528301887 0.5064102564102564 0.9018867924528302 0.5032051282051282 0.9056603773584906 0.48717948717948717 0.9056603773584906 0.48717948717948717 0.8867924528301887 0.4935897435897436 0.879245283018868 0.4967948717948718 0.879245283018868
2 0.28654485049833883 0.9426690904532062 0.02159468438538206 0.027380430013163665
2 0.8301282051282052 0.33962264150943394 0.8301282051282052 0.35471698113207545 0.8269230769230769 0.35471698113207545 0.8237179487179487 0.3584905660377358 0.8173076923076923 0.3584905660377358 0.8141025641025641 0.35471698113207545 0.8141025641025641 0.3433962264150943 0.8173076923076923 0.33962264150943394 0.8269230769230769 0.33962264150943394
1 0.8782051282051282 0.7094339622641509 0.8846153846153846 0.7169811320754716 0.8846153846153846 0.7396226415094339 0.8782051282051282 0.7471698113207547 0.8589743589743589 0.7471698113207547 0.8493589743589743 0.7320754716981132 0.8493589743589743 0.7283018867924528 0.8525641025641025 0.7245283018867924 0.8525641025641025 0.7169811320754716 0.8589743589743589 0.7094339622641509 0.875 0.7094339622641509
1 0.7433554817275747 0.4879583777345953 0.0548172757475083 0.05280511502538707
1 0.8589743589743589 0.7584905660377359 0.8653846153846154 0.7660377358490567 0.8653846153846154 0.7849056603773585 0.8621794871794872 0.7886792452830189 0.8557692307692307 0.7886792452830189 0.8525641025641025 0.7924528301886793 0.8397435897435898 0.7924528301886793 0.8333333333333334 0.7849056603773585 0.8333333333333334 0.769811320754717 0.8397435897435898 0.7584905660377359 0.8557692307692307 0.7584905660377359
1 0.7790697674418604 0.46644518272425245 0.03654485049833887 0.04498213502162602
1 0.04807692307692308 0.8 0.05128205128205128 0.8037735849056604 0.05128205128205128 0.8226415094339623 0.041666666666666664 0.8339622641509434 0.028846153846153848 0.8339622641509434 0.019230769230769232 0.8226415094339623 0.019230769230769232 0.8075471698113208 0.02564102564102564 0.7962264150943397 0.041666666666666664 0.7962264150943397 0.04487179487179487 0.8
1 0.3108974358974359 0.9207547169811321 0.3141025641025641 0.9207547169811321 0.3173076923076923 0.9169811320754717 0.3333333333333333 0.9169811320754717 0.34294871794871795 0.9283018867924528 0.34294871794871795 0.939622641509434 0.33974358974358976 0.9433962264150944 0.33974358974358976 0.9471698113207547 0.3301282051282051 0.9547169811320755 0.32051282051282054 0.9547169811320755 0.3076923076923077 0.9433962264150944 0.3076923076923077 0.9283018867924528 0.3108974358974359 0.9245283018867925
1 0.1762820512820513 0.7849056603773585 0.1762820512820513 0.8113207547169812 0.17307692307692307 0.8113207547169812 0.16666666666666666 0.8226415094339623 0.15705128205128205 0.8226415094339623 0.15384615384615385 0.8188679245283019 0.15064102564102563 0.8188679245283019 0.15064102564102563 0.8075471698113208 0.14743589743589744 0.8037735849056604 0.14743589743589744 0.8 0.15705128205128205 0.7849056603773585 0.17307692307692307 0.7849056603773585
2 0.4252491694352159 0.9280010029461543 0.023255813953488372 0.03324766501598445
2 0.39617940199335544 0.9328903654485049 0.02491694352159468 0.03129192001504419
2 0.24358974358974358 0.44528301886792454 0.2467948717948718 0.4490566037735849 0.2467948717948718 0.46037735849056605 0.2403846153846154 0.4679245283018868 0.23397435897435898 0.4679245283018868 0.22435897435897437 0.46037735849056605 0.22435897435897437 0.4528301886792453 0.23397435897435898 0.44150943396226416 0.23717948717948717 0.44150943396226416 0.2403846153846154 0.44528301886792454
2 0.1955128205128205 0.44150943396226416 0.21153846153846154 0.44150943396226416 0.21153846153846154 0.44528301886792454 0.21474358974358973 0.4490566037735849 0.21474358974358973 0.4528301886792453 0.20833333333333334 0.4641509433962264 0.1987179487179487 0.4641509433962264 0.19230769230769232 0.45660377358490567 0.19230769230769232 0.4490566037735849 0.1955128205128205 0.44528301886792454
2 0.1346153846153846 0.7735849056603774 0.1346153846153846 0.7584905660377359 0.13782051282051283 0.7547169811320755 0.15384615384615385 0.7547169811320755 0.16025641025641027 0.7622641509433963 0.15705128205128205 0.7735849056603774 0.14743589743589744 0.7811320754716982 0.14423076923076922 0.7811320754716982 0.13782051282051283 0.7735849056603774
2 0.22923588039867107 0.7118911803422554 0.023255813953488372 0.027380430013163665
1 0.19230769230769232 0.7358490566037735 0.1987179487179487 0.7433962264150943 0.1987179487179487 0.7509433962264151 0.1891025641025641 0.7660377358490567 0.1858974358974359 0.7660377358490567 0.1762820512820513 0.7735849056603774 0.16987179487179488 0.7735849056603774 0.15705128205128205 0.7622641509433963 0.16025641025641027 0.7433962264150943 0.16987179487179488 0.7320754716981132 0.1858974358974359 0.7320754716981132 0.1891025641025641 0.7358490566037735
1 0.1346153846153846 0.7056603773584905 0.13782051282051283 0.7094339622641509 0.14423076923076922 0.7094339622641509 0.15064102564102563 0.7169811320754716 0.15064102564102563 0.7245283018867924 0.15384615384615385 0.7283018867924528 0.15064102564102563 0.7396226415094339 0.14743589743589744 0.7433962264150943 0.14102564102564102 0.7433962264150943 0.13782051282051283 0.7471698113207547 0.1346153846153846 0.7471698113207547 0.13141025641025642 0.7433962264150943 0.125 0.7433962264150943 0.11858974358974358 0.7358490566037735 0.11858974358974358 0.7169811320754716 0.1282051282051282 0.7056603773584905 0.13141025641025642 0.7056603773584905
1 0.09935897435897435 0.7132075471698113 0.10576923076923077 0.7245283018867924 0.10576923076923077 0.7358490566037735 0.10256410256410256 0.7396226415094339 0.10256410256410256 0.7433962264150943 0.09294871794871795 0.7509433962264151 0.08012820512820513 0.7509433962264151 0.07692307692307693 0.7471698113207547 0.07371794871794872 0.7471698113207547 0.07051282051282051 0.7433962264150943 0.07051282051282051 0.7283018867924528 0.08012820512820513 0.7132075471698113 0.09615384615384616 0.7132075471698113
1 0.02564102564102564 0.7320754716981132 0.03205128205128205 0.7320754716981132 0.035256410256410256 0.7283018867924528 0.0641025641025641 0.7283018867924528 0.07051282051282051 0.7358490566037735 0.07051282051282051 0.7509433962264151 0.0641025641025641 0.7584905660377359 0.060897435897435896 0.7584905660377359 0.04807692307692308 0.769811320754717 0.038461538461538464 0.769811320754717 0.035256410256410256 0.7660377358490567 0.03205128205128205 0.7660377358490567 0.03205128205128205 0.7622641509433963 0.022435897435897436 0.7547169811320755 0.022435897435897436 0.7396226415094339 0.02564102564102564 0.7358490566037735
1 0.07051282051282051 0.6867924528301886 0.07692307692307693 0.6943396226415094 0.07692307692307693 0.7056603773584905 0.0673076923076923 0.720754716981132 0.0673076923076923 0.7245283018867924 0.04807692307692308 0.7245283018867924 0.041666666666666664 0.7169811320754716 0.041666666666666664 0.6981132075471698 0.05128205128205128 0.6867924528301886 0.0673076923076923 0.6867924528301886
1 0.10256410256410256 0.6830188679245283 0.10897435897435898 0.690566037735849 0.10897435897435898 0.7132075471698113 0.10576923076923077 0.7169811320754716 0.09615384615384616 0.7169811320754716 0.08653846153846154 0.7245283018867924 0.08333333333333333 0.7245283018867924 0.07371794871794872 0.7132075471698113 0.07371794871794872 0.7094339622641509 0.07692307692307693 0.7056603773584905 0.07692307692307693 0.690566037735849 0.08333333333333333 0.6830188679245283 0.09935897435897435 0.6830188679245283
2 0.14102564102564102 0.3283018867924528 0.14423076923076922 0.3320754716981132 0.14743589743589744 0.3320754716981132 0.14743589743589744 0.33584905660377357 0.15064102564102563 0.33962264150943394 0.15064102564102563 0.35094339622641507 0.14743589743589744 0.35094339622641507 0.14423076923076922 0.35471698113207545 0.1346153846153846 0.35471698113207545 0.13141025641025642 0.35094339622641507 0.13141025641025642 0.3471698113207547 0.1282051282051282 0.3433962264150943 0.13141025641025642 0.33962264150943394 0.13141025641025642 0.33584905660377357 0.1346153846153846 0.3320754716981132 0.13782051282051283 0.3320754716981132
1 0.8942307692307693 0.6641509433962264 0.8942307692307693 0.6679245283018868 0.9006410256410257 0.6754716981132075 0.9006410256410257 0.6867924528301886 0.8910256410256411 0.6981132075471698 0.875 0.6981132075471698 0.8685897435897436 0.6867924528301886 0.8685897435897436 0.6754716981132075 0.8782051282051282 0.660377358490566 0.8878205128205128 0.660377358490566 0.8910256410256411 0.6641509433962264
1 0.7083333333333334 0.8301886792452831 0.7307692307692307 0.8301886792452831 0.7307692307692307 0.8339622641509434 0.7339743589743589 0.8377358490566038 0.7339743589743589 0.8528301886792453 0.7307692307692307 0.8566037735849057 0.7307692307692307 0.8603773584905661 0.7275641025641025 0.8641509433962264 0.7211538461538461 0.8641509433962264 0.717948717948718 0.8679245283018868 0.7147435897435898 0.8679245283018868 0.7019230769230769 0.8566037735849057 0.7019230769230769 0.8452830188679246 0.7083333333333334 0.8339622641509434
2 0.7980769230769231 0.8452830188679246 0.8108974358974359 0.8566037735849057 0.8108974358974359 0.8716981132075472 0.8076923076923077 0.8754716981132076 0.7948717948717948 0.8754716981132076 0.7916666666666666 0.8716981132075472 0.7884615384615384 0.8716981132075472 0.7852564102564102 0.8603773584905661 0.7884615384615384 0.8566037735849057 0.7884615384615384 0.8528301886792453 0.7916666666666666 0.8490566037735849 0.7948717948717948 0.8490566037735849
1 0.8878205128205128 0.19245283018867926 0.8942307692307693 0.2 0.8942307692307693 0.21509433962264152 0.8846153846153846 0.23018867924528302 0.8717948717948718 0.23018867924528302 0.8653846153846154 0.22264150943396227 0.8621794871794872 0.22264150943396227 0.8621794871794872 0.21509433962264152 0.8589743589743589 0.21132075471698114 0.8621794871794872 0.2 0.8717948717948718 0.18867924528301888 0.8814102564102564 0.18867924528301888 0.8846153846153846 0.19245283018867926
1 0.6295681063122923 0.17992854008650408 0.046511627906976744 0.04693788002256629
1 0.8878205128205128 0.4 0.8974358974358975 0.4075471698113208 0.8974358974358975 0.42641509433962266 0.8910256410256411 0.4339622641509434 0.875 0.4339622641509434 0.8717948717948718 0.43018867924528303 0.8685897435897436 0.43018867924528303 0.8685897435897436 0.4075471698113208 0.875 0.4 0.8846153846153846 0.4
2 0.8461538461538461 0.539622641509434 0.8525641025641025 0.5471698113207547 0.8525641025641025 0.5622641509433962 0.8461538461538461 0.569811320754717 0.8365384615384616 0.569811320754717 0.8333333333333334 0.5660377358490566 0.8301282051282052 0.5660377358490566 0.8301282051282052 0.5622641509433962 0.8269230769230769 0.5584905660377358 0.8269230769230769 0.5509433962264151 0.8301282051282052 0.5471698113207547 0.8301282051282052 0.5433962264150943 0.8333333333333334 0.539622641509434 0.842948717948718 0.539622641509434
1 0.5288461538461539 0.21132075471698114 0.5384615384615384 0.2188679245283019 0.5384615384615384 0.2339622641509434 0.5288461538461539 0.24528301886792453 0.5160256410256411 0.24528301886792453 0.5128205128205128 0.24150943396226415 0.5096153846153846 0.24150943396226415 0.5096153846153846 0.2188679245283019 0.5160256410256411 0.21132075471698114 0.5256410256410257 0.21132075471698114
1 0.4935897435897436 0.1660377358490566 0.4935897435897436 0.16981132075471697 0.5 0.17735849056603772 0.5064102564102564 0.17735849056603772 0.5064102564102564 0.19622641509433963 0.5032051282051282 0.19622641509433963 0.4967948717948718 0.2037735849056604 0.4807692307692308 0.2037735849056604 0.4775641025641026 0.2 0.4775641025641026 0.18490566037735848 0.4807692307692308 0.1811320754716981 0.4807692307692308 0.17358490566037735 0.48717948717948717 0.1660377358490566 0.49038461538461536 0.1660377358490566
1 0.9198717948717948 0.8679245283018868 0.9326923076923077 0.879245283018868 0.9326923076923077 0.8943396226415095 0.9198717948717948 0.909433962264151 0.907051282051282 0.909433962264151 0.9038461538461539 0.9056603773584906 0.8974358974358975 0.9056603773584906 0.8974358974358975 0.9018867924528302 0.8942307692307693 0.8981132075471698 0.8942307692307693 0.8754716981132076 0.9006410256410257 0.8679245283018868 0.9166666666666666 0.8679245283018868
1 0.8717948717948718 0.9018867924528302 0.875 0.9018867924528302 0.8782051282051282 0.8981132075471698 0.8942307692307693 0.8981132075471698 0.9038461538461539 0.909433962264151 0.9038461538461539 0.9207547169811321 0.9006410256410257 0.9245283018867925 0.9006410256410257 0.9283018867924528 0.8942307692307693 0.9358490566037736 0.8814102564102564 0.9358490566037736 0.8685897435897436 0.9245283018867925 0.8685897435897436 0.909433962264151 0.8717948717948718 0.9056603773584906
1 0.3942307692307692 0.6566037735849056 0.40064102564102566 0.6641509433962264 0.40064102564102566 0.6830188679245283 0.3974358974358974 0.6867924528301886 0.3974358974358974 0.690566037735849 0.38782051282051283 0.6981132075471698 0.3782051282051282 0.6943396226415094 0.3717948717948718 0.6867924528301886 0.3717948717948718 0.6716981132075471 0.375 0.6679245283018868 0.375 0.6566037735849056 0.3782051282051282 0.6528301886792452 0.3814102564102564 0.6528301886792452 0.38461538461538464 0.6566037735849056 0.391025641025641 0.6566037735849056
1 0.47435897435897434 0.5773584905660377 0.47435897435897434 0.5962264150943396 0.47115384615384615 0.6 0.47115384615384615 0.6037735849056604 0.46794871794871795 0.6037735849056604 0.46153846153846156 0.6113207547169811 0.44551282051282054 0.6113207547169811 0.4358974358974359 0.6 0.4358974358974359 0.5924528301886792 0.4391025641025641 0.5886792452830188 0.4391025641025641 0.5811320754716981 0.44551282051282054 0.5735849056603773 0.46794871794871795 0.5735849056603773 0.47115384615384615 0.5773584905660377
1 0.42628205128205127 0.660377358490566 0.42948717948717946 0.6641509433962264 0.42948717948717946 0.6716981132075471 0.4326923076923077 0.6754716981132075 0.4326923076923077 0.6867924528301886 0.42948717948717946 0.690566037735849 0.42948717948717946 0.6981132075471698 0.41346153846153844 0.6981132075471698 0.41346153846153844 0.6943396226415094 0.41025641025641024 0.690566037735849 0.40705128205128205 0.690566037735849 0.40705128205128205 0.6867924528301886 0.40384615384615385 0.6830188679245283 0.40384615384615385 0.6716981132075471 0.40705128205128205 0.6679245283018868 0.40705128205128205 0.6641509433962264 0.41025641025641024 0.6641509433962264 0.41346153846153844 0.660377358490566 0.4230769230769231 0.660377358490566
2 0.4692691029900332 0.6248605278004137 0.02159468438538206 0.029336175014103925
1 0.6089743589743589 0.7811320754716982 0.6121794871794872 0.7849056603773585 0.6121794871794872 0.7924528301886793 0.6153846153846154 0.7962264150943397 0.6153846153846154 0.8037735849056604 0.6089743589743589 0.8150943396226416 0.592948717948718 0.8150943396226416 0.5833333333333334 0.8037735849056604 0.5833333333333334 0.7924528301886793 0.5897435897435898 0.7849056603773585 0.592948717948718 0.7849056603773585 0.5993589743589743 0.7773584905660378 0.6025641025641025 0.7773584905660378 0.6057692307692307 0.7811320754716982
1 0.5448717948717948 0.7584905660377359 0.5705128205128205 0.7584905660377359 0.5769230769230769 0.7660377358490567 0.5769230769230769 0.7811320754716982 0.5673076923076923 0.7924528301886793 0.5512820512820513 0.7924528301886793 0.5384615384615384 0.7811320754716982 0.5384615384615384 0.7735849056603774 0.5448717948717948 0.7622641509433963
1 0.8012820512820513 0.3433962264150943 0.8044871794871795 0.3471698113207547 0.8076923076923077 0.3584905660377358 0.8044871794871795 0.3622641509433962 0.8044871794871795 0.36981132075471695 0.7980769230769231 0.37735849056603776 0.7884615384615384 0.37735849056603776 0.7788461538461539 0.3660377358490566 0.7788461538461539 0.35471698113207545 0.7884615384615384 0.3433962264150943 0.7980769230769231 0.3433962264150943
1 0.32371794871794873 0.8415094339622642 0.3301282051282051 0.8490566037735849 0.3301282051282051 0.8679245283018868 0.3269230769230769 0.8679245283018868 0.32371794871794873 0.8716981132075472 0.3108974358974359 0.8716981132075472 0.30448717948717946 0.8641509433962264 0.30448717948717946 0.8490566037735849 0.3108974358974359 0.8415094339622642 0.32051282051282054 0.8415094339622642
1 0.27884615384615385 0.8264150943396227 0.28205128205128205 0.8301886792452831 0.28525641025641024 0.8301886792452831 0.28525641025641024 0.8339622641509434 0.28846153846153844 0.8377358490566038 0.28846153846153844 0.8528301886792453 0.27884615384615385 0.8603773584905661 0.2724358974358974 0.8603773584905661 0.266025641025641 0.8528301886792453 0.266025641025641 0.8339622641509434 0.2724358974358974 0.8264150943396227 0.27564102564102566 0.8264150943396227
1 0.6538461538461539 0 0.6762820512820513 0 0.6826923076923077 0.007547169811320755 0.6826923076923077 0.018867924528301886 0.6698717948717948 0.033962264150943396 0.657051282051282 0.033962264150943396 0.6506410256410257 0.022641509433962263 0.6506410256410257 0.011320754716981131 0.6538461538461539 0.007547169811320755 0.6538461538461539 0.0037735849056603774
1 0.5128205128205128 0.03018867924528302 0.5192307692307693 0.03018867924528302 0.5224358974358975 0.026415094339622643 0.5256410256410257 0.026415094339622643 0.5288461538461539 0.03018867924528302 0.5352564102564102 0.03018867924528302 0.5384615384615384 0.033962264150943396 0.5384615384615384 0.06037735849056604 0.532051282051282 0.06792452830188679 0.5160256410256411 0.06792452830188679 0.5096153846153846 0.06037735849056604 0.5096153846153846 0.03773584905660377 0.5128205128205128 0.033962264150943396
1 0.11538461538461539 0.8452830188679246 0.12179487179487179 0.8528301886792453 0.12179487179487179 0.8603773584905661 0.125 0.8641509433962264 0.125 0.879245283018868 0.12179487179487179 0.8830188679245283 0.10897435897435898 0.8830188679245283 0.09935897435897435 0.8679245283018868 0.10256410256410256 0.8490566037735849 0.11217948717948718 0.8452830188679246
1 0.22115384615384615 0.5811320754716981 0.23076923076923078 0.5886792452830188 0.23076923076923078 0.6037735849056604 0.22756410256410256 0.6075471698113207 0.22756410256410256 0.6113207547169811 0.21474358974358973 0.6113207547169811 0.20833333333333334 0.6037735849056604 0.20833333333333334 0.5886792452830188 0.21474358974358973 0.5811320754716981 0.21794871794871795 0.5811320754716981
2 0.266025641025641 0.7584905660377359 0.2692307692307692 0.7622641509433963 0.2692307692307692 0.7849056603773585 0.266025641025641 0.7886792452830189 0.2532051282051282 0.7886792452830189 0.25 0.7849056603773585 0.25 0.7622641509433963 0.2532051282051282 0.7584905660377359 0.26282051282051283 0.7584905660377359
2 0.23076923076923078 0.7849056603773585 0.22756410256410256 0.7735849056603774 0.23397435897435898 0.7622641509433963 0.24358974358974358 0.7622641509433963 0.24358974358974358 0.7660377358490567 0.2467948717948718 0.769811320754717 0.2467948717948718 0.7773584905660378 0.24358974358974358 0.7811320754716982 0.24358974358974358 0.7849056603773585 0.23397435897435898 0.7849056603773585
2 0.25961538461538464 0.9584905660377359 0.26282051282051283 0.9622641509433962 0.26282051282051283 0.9735849056603774 0.25961538461538464 0.9773584905660377 0.2564102564102564 0.9773584905660377 0.25 0.969811320754717 0.25 0.9622641509433962 0.2532051282051282 0.9584905660377359 0.2564102564102564 0.9584905660377359
2 0.3108974358974359 0.9584905660377359 0.3141025641025641 0.9622641509433962 0.3141025641025641 0.9773584905660377 0.3108974358974359 0.9773584905660377 0.3076923076923077 0.9811320754716981 0.30128205128205127 0.9811320754716981 0.2948717948717949 0.9735849056603774 0.2948717948717949 0.9622641509433962 0.2980769230769231 0.9584905660377359 0.3076923076923077 0.9584905660377359
1 0.5215946843853819 0.9387576004513256 0.02990033222591362 0.039114900018805236
1 0.5465116279069767 0.9270231304456842 0.02990033222591362 0.039114900018805236
1 0.14743589743589744 0.5547169811320755 0.16346153846153846 0.5547169811320755 0.16346153846153846 0.5584905660377358 0.16987179487179488 0.5660377358490566 0.16987179487179488 0.5849056603773585 0.16666666666666666 0.5849056603773585 0.16346153846153846 0.5886792452830188 0.15064102564102563 0.5886792452830188 0.14423076923076922 0.5811320754716981 0.14423076923076922 0.5622641509433962 0.14743589743589744 0.5584905660377358
1 0.8108974358974359 0.6867924528301886 0.8237179487179487 0.7018867924528301 0.8237179487179487 0.7245283018867924 0.8141025641025641 0.7320754716981132 0.8076923076923077 0.7320754716981132 0.8044871794871795 0.7283018867924528 0.8012820512820513 0.7283018867924528 0.7916666666666666 0.7132075471698113 0.7916666666666666 0.6943396226415094 0.7980769230769231 0.6867924528301886 0.8076923076923077 0.6867924528301886
1 0.6777408637873753 0.5251175327524603 0.03986710963455149 0.04498213502162602
2 0.6474358974358975 0.49433962264150944 0.6538461538461539 0.5018867924528302 0.6538461538461539 0.5169811320754717 0.6474358974358975 0.5245283018867924 0.6378205128205128 0.5245283018867924 0.6346153846153846 0.5207547169811321 0.6314102564102564 0.5207547169811321 0.6314102564102564 0.5169811320754717 0.6282051282051282 0.5132075471698113 0.6314102564102564 0.5094339622641509 0.6346153846153846 0.4981132075471698 0.6442307692307693 0.49433962264150944
2 0.15064102564102563 0.9622641509433962 0.15705128205128205 0.9509433962264151 0.17307692307692307 0.9509433962264151 0.17307692307692307 0.969811320754717 0.16987179487179488 0.9735849056603774 0.16025641025641027 0.9735849056603774 0.15705128205128205 0.969811320754717 0.15384615384615385 0.969811320754717 0.15384615384615385 0.9660377358490566
2 0.20512820512820512 0.9245283018867925 0.20512820512820512 0.939622641509434 0.20192307692307693 0.939622641509434 0.1987179487179487 0.9433962264150944 0.19230769230769232 0.9433962264150944 0.1891025641025641 0.939622641509434 0.1891025641025641 0.9283018867924528 0.1955128205128205 0.9207547169811321 0.1987179487179487 0.9207547169811321 0.20192307692307693 0.9245283018867925
2 0.1245847176079734 0.9319124929480348 0.019933554817275746 0.025424685012223405
2 0.10256410256410256 0.8867924528301887 0.11538461538461539 0.8867924528301887 0.11538461538461539 0.8905660377358491 0.11858974358974358 0.8943396226415095 0.11858974358974358 0.909433962264151 0.11538461538461539 0.909433962264151 0.11217948717948718 0.9132075471698113 0.10576923076923077 0.9132075471698113 0.09935897435897435 0.9056603773584906 0.09935897435897435 0.8943396226415095 0.10256410256410256 0.8905660377358491
2 0.06727574750830564 0.9025763179339309 0.02159468438538206 0.029336175014103925
1 0.08222591362126244 0.8683507804174763 0.03488372093023256 0.039114900018805236
2 0.10576923076923077 0.9320754716981132 0.10897435897435898 0.9358490566037736 0.10897435897435898 0.9471698113207547 0.10576923076923077 0.9509433962264151 0.09615384615384616 0.9509433962264151 0.09615384615384616 0.9471698113207547 0.09294871794871795 0.9433962264150944 0.09294871794871795 0.939622641509434 0.09935897435897435 0.9320754716981132 0.10256410256410256 0.9320754716981132
2 0.2916666666666667 0.42641509433962266 0.2948717948717949 0.43018867924528303 0.30128205128205127 0.43018867924528303 0.30448717948717946 0.4339622641509434 0.30448717948717946 0.4490566037735849 0.30128205128205127 0.4528301886792453 0.28846153846153844 0.4528301886792453 0.28846153846153844 0.4490566037735849 0.28525641025641024 0.44528301886792454 0.28525641025641024 0.43018867924528303 0.28846153846153844 0.43018867924528303
2 0.3272425249169435 0.4713345452266031 0.019933554817275746 0.027380430013163665
2 0.33653846153846156 0.5094339622641509 0.33653846153846156 0.5056603773584906 0.3333333333333333 0.5018867924528302 0.3333333333333333 0.49433962264150944 0.34294871794871795 0.4867924528301887 0.34615384615384615 0.4867924528301887 0.3525641025641026 0.49433962264150944 0.3525641025641026 0.5056603773584906 0.34935897435897434 0.5094339622641509 0.33974358974358976 0.5094339622641509
2 0.3762458471760797 0.5749890302764369 0.02159468438538206 0.027380430013163665
2 0.38461538461538464 0.6037735849056604 0.3974358974358974 0.6037735849056604 0.40384615384615385 0.6113207547169811 0.40384615384615385 0.6188679245283019 0.40064102564102566 0.6226415094339622 0.40064102564102566 0.6264150943396226 0.3974358974358974 0.6264150943396226 0.3942307692307692 0.630188679245283 0.3814102564102564 0.6188679245283019 0.38461538461538464 0.6075471698113207
2 0.4198717948717949 0.8830188679245283 0.4230769230769231 0.8867924528301887 0.42628205128205127 0.8867924528301887 0.42628205128205127 0.9018867924528302 0.4230769230769231 0.9056603773584906 0.40705128205128205 0.9056603773584906 0.40384615384615385 0.9018867924528302 0.40384615384615385 0.8943396226415095 0.40705128205128205 0.8905660377358491 0.40705128205128205 0.8867924528301887 0.4166666666666667 0.8830188679245283
1 0.2749169435215947 0.5026264652416472 0.038205980066445176 0.04302639002068576
1 0.13141025641025642 0.25660377358490566 0.14102564102564102 0.2641509433962264 0.14102564102564102 0.27547169811320754 0.13782051282051283 0.2792452830188679 0.13782051282051283 0.2830188679245283 0.1346153846153846 0.2830188679245283 0.13141025641025642 0.28679245283018867 0.11858974358974358 0.28679245283018867 0.11538461538461539 0.2830188679245283 0.11538461538461539 0.26037735849056604 0.11858974358974358 0.25660377358490566 0.1282051282051282 0.25660377358490566
1 0.08012820512820513 0.3018867924528302 0.09615384615384616 0.3018867924528302 0.10256410256410256 0.30943396226415093 0.10256410256410256 0.32452830188679244 0.09615384615384616 0.3320754716981132 0.08333333333333333 0.3320754716981132 0.07692307692307693 0.32452830188679244 0.07692307692307693 0.30943396226415093 0.08012820512820513 0.30566037735849055
1 0.05128205128205128 0.2037735849056604 0.05448717948717949 0.20754716981132076 0.0641025641025641 0.21132075471698114 0.0641025641025641 0.22264150943396227 0.060897435897435896 0.22641509433962265 0.060897435897435896 0.23018867924528302 0.057692307692307696 0.23018867924528302 0.05448717948717949 0.2339622641509434 0.04807692307692308 0.2339622641509434 0.04487179487179487 0.23018867924528302 0.041666666666666664 0.2188679245283019 0.04487179487179487 0.21509433962264152 0.04487179487179487 0.20754716981132076 0.04807692307692308 0.20754716981132076
1 0.08012820512820513 0.15849056603773584 0.08974358974358974 0.17358490566037735 0.08974358974358974 0.1811320754716981 0.08653846153846154 0.18490566037735848 0.08653846153846154 0.18867924528301888 0.08333333333333333 0.18867924528301888 0.08012820512820513 0.19245283018867926 0.07371794871794872 0.19245283018867926 0.0641025641025641 0.18490566037735848 0.0641025641025641 0.16981132075471697 0.07371794871794872 0.15849056603773584 0.07692307692307693 0.15849056603773584
1 0.09935897435897435 0.2339622641509434 0.11217948717948718 0.24528301886792453 0.11217948717948718 0.25660377358490566 0.10897435897435898 0.26037735849056604 0.10897435897435898 0.2641509433962264 0.10576923076923077 0.2641509433962264 0.10256410256410256 0.2679245283018868 0.08653846153846154 0.2641509433962264 0.08653846153846154 0.26037735849056604 0.08333333333333333 0.25660377358490566 0.08333333333333333 0.2528301886792453 0.08653846153846154 0.2490566037735849 0.08333333333333333 0.24528301886792453 0.08333333333333333 0.24150943396226415 0.08653846153846154 0.23773584905660378 0.09615384615384616 0.2339622641509434
2 0.07371794871794872 0.20754716981132076 0.08974358974358974 0.20754716981132076 0.09294871794871795 0.21132075471698114 0.09294871794871795 0.22264150943396227 0.08974358974358974 0.22641509433962265 0.08012820512820513 0.22641509433962265 0.07692307692307693 0.22264150943396227 0.07371794871794872 0.22264150943396227 0.07371794871794872 0.21132075471698114
2 0.143687707641196 0.30705196514762106 0.018272425249169433 0.023468940011283145
2 0.11858974358974358 0.45660377358490567 0.12179487179487179 0.46037735849056605 0.12179487179487179 0.47547169811320755 0.11538461538461539 0.47547169811320755 0.10897435897435898 0.4679245283018868 0.10897435897435898 0.46037735849056605 0.11217948717948718 0.45660377358490567 0.11538461538461539 0.45660377358490567
1 0.9326923076923077 0.2037735849056604 0.9326923076923077 0.18490566037735848 0.9391025641025641 0.17735849056603772 0.9551282051282052 0.17735849056603772 0.9583333333333334 0.1811320754716981 0.9583333333333334 0.2037735849056604 0.9551282051282052 0.20754716981132076 0.9391025641025641 0.20754716981132076 0.9358974358974359 0.2037735849056604
1 0.9230769230769231 0.3132075471698113 0.9294871794871795 0.32075471698113206 0.9294871794871795 0.33584905660377357 0.9230769230769231 0.3433962264150943 0.907051282051282 0.33962264150943394 0.9006410256410257 0.3320754716981132 0.9006410256410257 0.3169811320754717 0.907051282051282 0.30943396226415093 0.9166666666666666 0.30943396226415093 0.9198717948717948 0.3132075471698113
1 0.8621794871794872 0.5245283018867924 0.8653846153846154 0.5245283018867924 0.8685897435897436 0.5207547169811321 0.8846153846153846 0.5207547169811321 0.8846153846153846 0.5509433962264151 0.8814102564102564 0.5547169811320755 0.875 0.5547169811320755 0.8717948717948718 0.5509433962264151 0.8653846153846154 0.5509433962264151 0.8621794871794872 0.5471698113207547 0.8621794871794872 0.5433962264150943 0.8589743589743589 0.539622641509434 0.8589743589743589 0.5320754716981132 0.8621794871794872 0.5283018867924528