1 0.44871794871794873 0.44285714285714284 0.4551282051282051 0.4523809523809524 0.4551282051282051 0.45714285714285713 0.4583333333333333 0.46190476190476193 0.4583333333333333 0.48095238095238096 0.4551282051282051 0.4857142857142857 0.4551282051282051 0.49523809523809526 0.44551282051282054 0.5095238095238095 0.4423076923076923 0.5095238095238095 0.4391025641025641 0.5142857142857142 0.4230769230769231 0.5142857142857142 0.4198717948717949 0.5095238095238095 0.4166666666666667 0.5095238095238095 0.40705128205128205 0.49523809523809526 0.40705128205128205 0.49047619047619045 0.40384615384615385 0.4857142857142857 0.40384615384615385 0.4523809523809524 0.41025641025641024 0.44285714285714284 0.44551282051282054 0.44285714285714284
0 0.3717948717948718 0.719047619047619 0.3814102564102564 0.7285714285714285 0.3814102564102564 0.7380952380952381 0.38782051282051283 0.7476190476190476 0.38782051282051283 0.7619047619047619 0.391025641025641 0.7666666666666667 0.391025641025641 0.7857142857142857 0.38782051282051283 0.7904761904761904 0.38782051282051283 0.7952380952380952 0.38461538461538464 0.7952380952380952 0.3782051282051282 0.8047619047619048 0.375 0.8047619047619048 0.3717948717948718 0.8095238095238095 0.3717948717948718 0.8142857142857143 0.36538461538461536 0.8238095238095238 0.36217948717948717 0.8380952380952381 0.3525641025641026 0.8476190476190476 0.34294871794871795 0.8476190476190476 0.33653846153846156 0.8380952380952381 0.3333333333333333 0.8380952380952381 0.3301282051282051 0.8333333333333334 0.3141025641025641 0.8333333333333334 0.3108974358974359 0.8380952380952381 0.30128205128205127 0.8333333333333334 0.2948717948717949 0.8238095238095238 0.2948717948717949 0.819047619047619 0.28525641025641024 0.7952380952380952 0.28525641025641024 0.7571428571428571 0.2916666666666667 0.7476190476190476 0.2916666666666667 0.7428571428571429 0.30128205128205127 0.7380952380952381 0.30448717948717946 0.7333333333333333 0.30448717948717946 0.7285714285714285 0.3141025641025641 0.719047619047619 0.34615384615384615 0.719047619047619 0.34935897435897434 0.7142857142857143 0.36538461538461536 0.7142857142857143 0.3685897435897436 0.719047619047619
1 0.14604236343366778 0.9151138716356108 0.042363433667781496 0.07784679089026914
1 0.28846153846153844 0.9285714285714286 0.2916666666666667 0.9333333333333333 0.2948717948717949 0.9333333333333333 0.30128205128205127 0.9476190476190476 0.30128205128205127 0.9761904761904762 0.2916666666666667 0.9857142857142858 0.2724358974358974 0.9857142857142858 0.266025641025641 0.9761904761904762 0.266025641025641 0.9714285714285714 0.26282051282051283 0.9666666666666667 0.26282051282051283 0.9428571428571428 0.2692307692307692 0.9333333333333333 0.2724358974358974 0.9333333333333333 0.27564102564102566 0.9285714285714286 0.28525641025641024 0.9285714285714286
1 0.19230769230769232 0 0.1987179487179487 0.009523809523809525 0.1987179487179487 0.014285714285714285 0.20192307692307693 0.01904761904761905 0.20192307692307693 0.047619047619047616 0.1858974358974359 0.07142857142857142 0.16346153846153846 0.07142857142857142 0.16025641025641027 0.06666666666666667 0.15705128205128205 0.06666666666666667 0.14743589743589744 0.04285714285714286 0.14743589743589744 0.03333333333333333 0.14423076923076922 0.02857142857142857 0.14423076923076922 0.023809523809523808 0.14743589743589744 0.01904761904761905 0.14743589743589744 0.009523809523809525 0.15384615384615385 0 0.1891025641025641 0
1 0.11817168338907469 0.20372670807453416 0.033444816053511704 0.04968944099378882
1 0.9166666666666666 0.5857142857142857 0.9198717948717948 0.5904761904761905 0.9230769230769231 0.5904761904761905 0.9326923076923077 0.6047619047619047 0.9326923076923077 0.6333333333333333 0.9262820512820513 0.6428571428571429 0.9230769230769231 0.6428571428571429 0.9198717948717948 0.6476190476190476 0.8942307692307693 0.6476190476190476 0.8846153846153846 0.6333333333333333 0.8846153846153846 0.6238095238095238 0.8814102564102564 0.6190476190476191 0.8814102564102564 0.6 0.8846153846153846 0.5952380952380952 0.8846153846153846 0.5904761904761905 0.8878205128205128 0.5904761904761905 0.8910256410256411 0.5857142857142857 0.9134615384615384 0.5857142857142857
1 0.7564102564102564 0.5047619047619047 0.7596153846153846 0.5095238095238095 0.7628205128205128 0.5095238095238095 0.7724358974358975 0.5238095238095238 0.7724358974358975 0.5333333333333333 0.7692307692307693 0.5380952380952381 0.7660256410256411 0.5523809523809524 0.7628205128205128 0.5523809523809524 0.7596153846153846 0.5571428571428572 0.7403846153846154 0.5571428571428572 0.7307692307692307 0.5428571428571428 0.7307692307692307 0.5380952380952381 0.7275641025641025 0.5333333333333333 0.7275641025641025 0.5238095238095238 0.7307692307692307 0.5190476190476191 0.7307692307692307 0.5142857142857142 0.7371794871794872 0.5047619047619047 0.7532051282051282 0.5047619047619047
1 0.7909698996655518 0.5838509316770186 0.045707915273132664 0.07784679089026914
2 0.9487179487179487 0.7857142857142857 0.9551282051282052 0.7857142857142857 0.9551282051282052 0.8 0.9519230769230769 0.8047619047619048 0.9487179487179487 0.8047619047619048 0.9487179487179487 0.7904761904761904
2 0.9423076923076923 0.8095238095238095 0.9519230769230769 0.8095238095238095 0.9583333333333334 0.819047619047619 0.9583333333333334 0.8238095238095238 0.9551282051282052 0.8285714285714286 0.9455128205128205 0.8285714285714286 0.9423076923076923 0.8142857142857143
2 0.8173076923076923 0.919047619047619 0.8205128205128205 0.9238095238095239 0.8205128205128205 0.9380952380952381 0.8173076923076923 0.9428571428571428 0.8076923076923077 0.9428571428571428 0.8044871794871795 0.9380952380952381 0.8044871794871795 0.9238095238095239 0.8141025641025641 0.919047619047619
2 0.8653846153846154 0.680952380952381 0.8685897435897436 0.6857142857142857 0.8685897435897436 0.7 0.8589743589743589 0.7 0.8557692307692307 0.6952380952380952 0.8557692307692307 0.6857142857142857 0.8589743589743589 0.680952380952381 0.8621794871794872 0.680952380952381
2 0.9391025641025641 0.7095238095238096 0.9391025641025641 0.7047619047619048 0.9358974358974359 0.7 0.9358974358974359 0.680952380952381 0.9423076923076923 0.6714285714285714 0.9455128205128205 0.6714285714285714 0.9519230769230769 0.680952380952381 0.9551282051282052 0.680952380952381 0.9551282051282052 0.7047619047619048 0.9519230769230769 0.7095238095238096 0.9423076923076923 0.7095238095238096
2 0.8439241917502787 0.44720496894409933 0.02006688963210702 0.029813664596273288
1 0.8301282051282052 0.4380952380952381 0.8301282051282052 0.44285714285714284 0.8333333333333334 0.44761904761904764 0.8333333333333334 0.46190476190476193 0.8301282051282052 0.4666666666666667 0.8301282051282052 0.4714285714285714 0.8269230769230769 0.4714285714285714 0.8237179487179487 0.47619047619047616 0.8173076923076923 0.47619047619047616 0.8108974358974359 0.4666666666666667 0.8108974358974359 0.44761904761904764 0.8173076923076923 0.4380952380952381 0.8269230769230769 0.4380952380952381
1 0.689520624303233 0.08944099378881987 0.054626532887402456 0.08944099378881987
1 0.3301282051282051 0.01904761904761905 0.3333333333333333 0.023809523809523808 0.33653846153846156 0.023809523809523808 0.34294871794871795 0.03333333333333333 0.34294871794871795 0.05238095238095238 0.3269230769230769 0.06666666666666667 0.3076923076923077 0.06666666666666667 0.30128205128205127 0.05714285714285714 0.30128205128205127 0.05238095238095238 0.30448717948717946 0.047619047619047616 0.30448717948717946 0.0380952380952381 0.3108974358974359 0.02857142857142857 0.3141025641025641 0.023809523809523808 0.32051282051282054 0.023809523809523808 0.32371794871794873 0.01904761904761905 0.3269230769230769 0.01904761904761905
1 0.15384615384615385 0.30952380952380953 0.16025641025641027 0.319047619047619 0.16025641025641027 0.32857142857142857 0.15705128205128205 0.3333333333333333 0.15705128205128205 0.34285714285714286 0.14743589743589744 0.3523809523809524 0.13782051282051283 0.3523809523809524 0.1346153846153846 0.3476190476190476 0.1346153846153846 0.3333333333333333 0.13782051282051283 0.32857142857142857 0.13782051282051283 0.3142857142857143 0.14102564102564102 0.30952380952380953 0.15064102564102563 0.30952380952380953
1 0.05351170568561873 0.462111801242236 0.03567447045707915 0.0463768115942029
2 0.23717948717948717 0.3904761904761905 0.23717948717948717 0.36666666666666664 0.2403846153846154 0.3619047619047619 0.24358974358974358 0.3619047619047619 0.2467948717948718 0.36666666666666664 0.2467948717948718 0.38571428571428573 0.24358974358974358 0.3904761904761905 0.2403846153846154 0.3904761904761905
2 0.27564102564102566 0.3619047619047619 0.27564102564102566 0.38095238095238093 0.2692307692307692 0.3904761904761905 0.25961538461538464 0.38571428571428573 0.25961538461538464 0.36666666666666664 0.266025641025641 0.35714285714285715 0.2692307692307692 0.35714285714285715 0.2724358974358974 0.3619047619047619
1 0.6506410256410257 0.15714285714285714 0.657051282051282 0.16666666666666666 0.657051282051282 0.19523809523809524 0.6538461538461539 0.19523809523809524 0.6506410256410257 0.2 0.6346153846153846 0.2 0.6314102564102564 0.19523809523809524 0.6314102564102564 0.16666666666666666 0.6378205128205128 0.15714285714285714 0.6474358974358975 0.15714285714285714
1 0.5801282051282052 0.6666666666666666 0.5865384615384616 0.6904761904761905 0.5769230769230769 0.7142857142857143 0.5641025641025641 0.7142857142857143 0.5576923076923077 0.7 0.5608974358974359 0.6952380952380952 0.5576923076923077 0.680952380952381 0.5673076923076923 0.6666666666666666 0.5769230769230769 0.6666666666666666
1 0.9166666666666666 0.3238095238095238 0.9262820512820513 0.3333333333333333 0.9262820512820513 0.35714285714285715 0.9230769230769231 0.35714285714285715 0.9198717948717948 0.3619047619047619 0.907051282051282 0.3619047619047619 0.9006410256410257 0.3523809523809524 0.9006410256410257 0.32857142857142857 0.9038461538461539 0.3238095238095238 0.9134615384615384 0.3238095238095238
1 0.7275641025641025 0.10952380952380952 0.7307692307692307 0.10952380952380952 0.7339743589743589 0.10476190476190476 0.7435897435897436 0.10476190476190476 0.7532051282051282 0.11428571428571428 0.7532051282051282 0.14285714285714285 0.7467948717948718 0.1523809523809524 0.7435897435897436 0.1523809523809524 0.7403846153846154 0.15714285714285714 0.7339743589743589 0.15714285714285714 0.7307692307692307 0.1523809523809524 0.7275641025641025 0.1523809523809524 0.7275641025641025 0.14761904761904762 0.7243589743589743 0.14285714285714285 0.7243589743589743 0.11904761904761904 0.7275641025641025 0.11428571428571428
1 0.9134615384615384 0.1 0.9198717948717948 0.10952380952380952 0.9198717948717948 0.11904761904761904 0.9166666666666666 0.12380952380952381 0.9166666666666666 0.12857142857142856 0.9134615384615384 0.12857142857142856 0.9102564102564102 0.13333333333333333 0.907051282051282 0.13333333333333333 0.9038461538461539 0.12857142857142856 0.8974358974358975 0.12857142857142856 0.8974358974358975 0.10476190476190476 0.9006410256410257 0.1 0.9102564102564102 0.1
1 0.657051282051282 0.7619047619047619 0.6634615384615384 0.7714285714285715 0.6634615384615384 0.780952380952381 0.6602564102564102 0.7857142857142857 0.6538461538461539 0.7857142857142857 0.6506410256410257 0.7904761904761904 0.6474358974358975 0.7857142857142857 0.6442307692307693 0.7857142857142857 0.6442307692307693 0.7761904761904762 0.6410256410256411 0.7714285714285715 0.6410256410256411 0.7666666666666667 0.6442307692307693 0.7619047619047619 0.6538461538461539 0.7619047619047619
1 0.9038461538461539 0.7333333333333333 0.9038461538461539 0.7619047619047619 0.9006410256410257 0.7666666666666667 0.9006410256410257 0.7714285714285715 0.8974358974358975 0.7714285714285715 0.8942307692307693 0.7761904761904762 0.8846153846153846 0.7761904761904762 0.8814102564102564 0.7714285714285715 0.8814102564102564 0.7571428571428571 0.8878205128205128 0.7476190476190476 0.8878205128205128 0.7428571428571429 0.8910256410256411 0.7380952380952381 0.9006410256410257 0.7333333333333333
2 0.3685897435897436 0.8476190476190476 0.36538461538461536 0.8333333333333334 0.3685897435897436 0.8285714285714286 0.3685897435897436 0.8238095238095238 0.3782051282051282 0.8095238095238095 0.3814102564102564 0.8095238095238095 0.38782051282051283 0.819047619047619 0.38782051282051283 0.8238095238095238 0.38461538461538464 0.8285714285714286 0.38461538461538464 0.8428571428571429 0.3814102564102564 0.8476190476190476 0.3717948717948718 0.8476190476190476
1 0.415273132664437 0.8662525879917184 0.032329988851727984 0.04968944099378882
2 0.5352564102564102 0.7857142857142857 0.5416666666666666 0.7857142857142857 0.5416666666666666 0.8047619047619048 0.5352564102564102 0.8047619047619048 0.5352564102564102 0.7904761904761904
2 0.8044871794871795 0.7761904761904762 0.8108974358974359 0.7857142857142857 0.8108974358974359 0.8 0.8076923076923077 0.8047619047619048 0.8044871794871795 0.8047619047619048 0.8044871794871795 0.8 0.8012820512820513 0.7952380952380952 0.8012820512820513 0.780952380952381
2 0.782051282051282 0.638095238095238 0.7884615384615384 0.638095238095238 0.7916666666666666 0.6428571428571429 0.7916666666666666 0.6476190476190476 0.7884615384615384 0.6523809523809524 0.782051282051282 0.6523809523809524 0.782051282051282 0.6428571428571429
2 0.8012820512820513 0.6571428571428571 0.8076923076923077 0.6571428571428571 0.8076923076923077 0.6714285714285714 0.8044871794871795 0.6761904761904762 0.8012820512820513 0.6714285714285714 0.8012820512820513 0.6619047619047619
2 0.9198717948717948 0.4857142857142857 0.9294871794871795 0.49523809523809526 0.9294871794871795 0.5047619047619047 0.9230769230769231 0.5142857142857142 0.9166666666666666 0.5142857142857142 0.9134615384615384 0.5095238095238095 0.9134615384615384 0.5 0.9166666666666666 0.49523809523809526 0.9166666666666666 0.49047619047619045
1 0.9711538461538461 0.3047619047619048 0.9711538461538461 0.3142857142857143 0.9775641025641025 0.3238095238095238 0.9775641025641025 0.3380952380952381 0.967948717948718 0.3523809523809524 0.9615384615384616 0.3523809523809524 0.9583333333333334 0.3476190476190476 0.9551282051282052 0.3476190476190476 0.9551282051282052 0.34285714285714286 0.9519230769230769 0.3380952380952381 0.9519230769230769 0.319047619047619 0.9583333333333334 0.30952380952380953 0.967948717948718 0.3047619047619048
2 0.7019230769230769 0.37142857142857144 0.7083333333333334 0.37142857142857144 0.7147435897435898 0.38095238095238093 0.7147435897435898 0.38571428571428573 0.7115384615384616 0.38571428571428573 0.7083333333333334 0.3904761904761905 0.7051282051282052 0.38571428571428573 0.7019230769230769 0.38571428571428573 0.7019230769230769 0.3761904761904762
2 0.842948717948718 0.12380952380952381 0.842948717948718 0.14285714285714285 0.8365384615384616 0.1523809523809524 0.8269230769230769 0.1523809523809524 0.8205128205128205 0.14285714285714285 0.8205128205128205 0.1380952380952381 0.8173076923076923 0.13333333333333333 0.8173076923076923 0.12380952380952381 0.8205128205128205 0.11904761904761904 0.8301282051282052 0.11904761904761904 0.8333333333333334 0.12380952380952381 0.8397435897435898 0.12380952380952381
0 0.5096153846153846 0.3523809523809524 0.5128205128205128 0.35714285714285715 0.5192307692307693 0.35714285714285715 0.5224358974358975 0.3619047619047619 0.5224358974358975 0.36666666666666664 0.5256410256410257 0.37142857142857144 0.5256410256410257 0.38095238095238093 0.5288461538461539 0.38571428571428573 0.5288461538461539 0.40476190476190477 0.5256410256410257 0.4095238095238095 0.5256410256410257 0.4238095238095238 0.5160256410256411 0.4380952380952381 0.5096153846153846 0.46190476190476193 0.5 0.47619047619047616 0.4935897435897436 0.47619047619047616 0.48717948717948717 0.4666666666666667 0.48717948717948717 0.45714285714285713 0.483974358974359 0.4523809523809524 0.483974358974359 0.44761904761904764 0.4807692307692308 0.44285714285714284 0.4775641025641026 0.44285714285714284 0.4775641025641026 0.4380952380952381 0.47435897435897434 0.43333333333333335 0.47435897435897434 0.38095238095238093 0.4775641025641026 0.3761904761904762 0.4775641025641026 0.37142857142857144 0.483974358974359 0.3619047619047619 0.48717948717948717 0.3619047619047619 0.49038461538461536 0.35714285714285715 0.5 0.35714285714285715 0.5032051282051282 0.3523809523809524 0.5064102564102564 0.3523809523809524
1 0.23355629877369005 0.23354037267080743 0.021181716833890748 0.043064182194616975
1 0.09935897435897435 0.10952380952380952 0.10256410256410256 0.11428571428571428 0.10576923076923077 0.11428571428571428 0.10576923076923077 0.11904761904761904 0.10897435897435898 0.12380952380952381 0.10897435897435898 0.14285714285714285 0.10576923076923077 0.14761904761904762 0.10576923076923077 0.15714285714285714 0.10256410256410256 0.15714285714285714 0.09935897435897435 0.1619047619047619 0.08653846153846154 0.1619047619047619 0.08012820512820513 0.14761904761904762 0.08012820512820513 0.12380952380952381 0.08653846153846154 0.11428571428571428 0.09615384615384616 0.10952380952380952
1 0.41346153846153844 0.20476190476190476 0.4166666666666667 0.20476190476190476 0.4230769230769231 0.19523809523809524 0.42628205128205127 0.19523809523809524 0.42948717948717946 0.19047619047619047 0.44551282051282054 0.19047619047619047 0.44871794871794873 0.19523809523809524 0.4551282051282051 0.19523809523809524 0.46153846153846156 0.20952380952380953 0.46153846153846156 0.24285714285714285 0.4583333333333333 0.24761904761904763 0.4583333333333333 0.2571428571428571 0.4519230769230769 0.26666666666666666 0.44871794871794873 0.26666666666666666 0.44551282051282054 0.2714285714285714 0.4166666666666667 0.2714285714285714 0.41025641025641024 0.2619047619047619 0.41025641025641024 0.21428571428571427 0.41346153846153844 0.20952380952380953
0 0.5737179487179487 0.08095238095238096 0.5801282051282052 0.09047619047619047 0.5833333333333334 0.09047619047619047 0.5865384615384616 0.09523809523809523 0.5865384615384616 0.11904761904761904 0.5833333333333334 0.12380952380952381 0.5833333333333334 0.1523809523809524 0.5801282051282052 0.15714285714285714 0.5801282051282052 0.1619047619047619 0.5705128205128205 0.17142857142857143 0.5544871794871795 0.1619047619047619 0.5448717948717948 0.14761904761904762 0.5384615384615384 0.14761904761904762 0.5352564102564102 0.14285714285714285 0.5352564102564102 0.1380952380952381 0.5288461538461539 0.12857142857142856 0.5288461538461539 0.11904761904761904 0.5224358974358975 0.10952380952380952 0.5224358974358975 0.1 0.5192307692307693 0.09523809523809523 0.5192307692307693 0.09047619047619047 0.5256410256410257 0.0761904761904762 0.5673076923076923 0.0761904761904762 0.5705128205128205 0.08095238095238096
1 0.8333333333333334 0.2904761904761905 0.8397435897435898 0.3 0.8397435897435898 0.32857142857142857 0.842948717948718 0.3333333333333333 0.842948717948718 0.34285714285714286 0.8365384615384616 0.35714285714285715 0.8269230769230769 0.35714285714285715 0.8173076923076923 0.34285714285714286 0.8173076923076923 0.3380952380952381 0.8108974358974359 0.3238095238095238 0.8108974358974359 0.3047619047619048 0.8205128205128205 0.2904761904761905 0.8301282051282052 0.2904761904761905
2 0.9113712374581939 0.801656314699793 0.0189520624303233 0.02650103519668737
1 0.16346153846153846 0.49523809523809526 0.16346153846153846 0.4857142857142857 0.17307692307692307 0.4714285714285714 0.18269230769230768 0.4714285714285714 0.1858974358974359 0.47619047619047616 0.1858974358974359 0.49047619047619045 0.1794871794871795 0.5 0.16987179487179488 0.5 0.16666666666666666 0.49523809523809526
2 0.1891025641025641 0.1 0.1955128205128205 0.1 0.1987179487179487 0.10476190476190476 0.1987179487179487 0.12380952380952381 0.1955128205128205 0.12857142857142856 0.1858974358974359 0.12857142857142856 0.1858974358974359 0.10952380952380952 0.1891025641025641 0.10476190476190476
2 0.5544871794871795 0.18571428571428572 0.5673076923076923 0.18571428571428572 0.5705128205128205 0.19047619047619047 0.5705128205128205 0.21428571428571427 0.5673076923076923 0.21428571428571427 0.5641025641025641 0.21904761904761905 0.5576923076923077 0.21904761904761905 0.5512820512820513 0.20952380952380953 0.5512820512820513 0.2 0.5544871794871795 0.19523809523809524 0.5544871794871795 0.19047619047619047
2 0.5865384615384616 0.5952380952380952 0.592948717948718 0.6047619047619047 0.592948717948718 0.6095238095238096 0.5897435897435898 0.6142857142857143 0.5833333333333334 0.6142857142857143 0.5769230769230769 0.6047619047619047 0.5801282051282052 0.6 0.5833333333333334 0.6
2 0.3717948717948718 0.5666666666666667 0.3717948717948718 0.580952380952381 0.3685897435897436 0.5857142857142857 0.3685897435897436 0.5904761904761905 0.36217948717948717 0.6 0.3525641025641026 0.6 0.3525641025641026 0.5857142857142857 0.358974358974359 0.5714285714285714 0.3685897435897436 0.5666666666666667
2 0.20512820512820512 0.580952380952381 0.20512820512820512 0.5761904761904761 0.20192307692307693 0.5714285714285714 0.20192307692307693 0.5619047619047619 0.20833333333333334 0.5523809523809524 0.21153846153846154 0.5523809523809524 0.21794871794871795 0.5619047619047619 0.21794871794871795 0.5666666666666667 0.22115384615384615 0.5714285714285714 0.22115384615384615 0.580952380952381 0.20833333333333334 0.580952380952381
2 0.2168338907469342 0.5167701863354037 0.01003344481605351 0.016563146997929608
1 0.22435897435897437 0.6714285714285714 0.22756410256410256 0.6761904761904762 0.23397435897435898 0.6761904761904762 0.23717948717948717 0.680952380952381 0.2403846153846154 0.680952380952381 0.2467948717948718 0.6952380952380952 0.2467948717948718 0.7142857142857143 0.24358974358974358 0.719047619047619 0.23397435897435898 0.719047619047619 0.23076923076923078 0.7238095238095238 0.22435897435897437 0.7238095238095238 0.22115384615384615 0.719047619047619 0.21474358974358973 0.719047619047619 0.20833333333333334 0.7095238095238096 0.20833333333333334 0.7047619047619048 0.20512820512820512 0.7 0.20512820512820512 0.6857142857142857 0.20833333333333334 0.680952380952381 0.20833333333333334 0.6761904761904762 0.21153846153846154 0.6714285714285714 0.22115384615384615 0.6714285714285714
1 0.4166666666666667 0.7428571428571429 0.4198717948717949 0.7476190476190476 0.4198717948717949 0.7761904761904762 0.4166666666666667 0.780952380952381 0.40384615384615385 0.780952380952381 0.3974358974358974 0.7714285714285715 0.3974358974358974 0.7619047619047619 0.40064102564102566 0.7571428571428571 0.40064102564102566 0.7523809523809524 0.40384615384615385 0.7476190476190476 0.41346153846153844 0.7428571428571429
1 0.6538461538461539 0.6761904761904762 0.6538461538461539 0.6904761904761905 0.6506410256410257 0.6904761904761905 0.6474358974358975 0.6952380952380952 0.6282051282051282 0.6952380952380952 0.625 0.6904761904761905 0.6217948717948718 0.6904761904761905 0.6217948717948718 0.680952380952381 0.6314102564102564 0.6714285714285714 0.6474358974358975 0.6714285714285714 0.6506410256410257 0.6761904761904762
1 0.3996655518394649 0.31138716356107654 0.02564102564102564 0.0463768115942029
1 0.5865384615384616 0.3238095238095238 0.6089743589743589 0.3238095238095238 0.6153846153846154 0.3333333333333333 0.6153846153846154 0.34285714285714286 0.6185897435897436 0.3476190476190476 0.6185897435897436 0.35714285714285715 0.6121794871794872 0.36666666666666664 0.6121794871794872 0.3761904761904762 0.6089743589743589 0.38095238095238093 0.6089743589743589 0.38571428571428573 0.6025641025641025 0.3952380952380952 0.592948717948718 0.3952380952380952 0.5897435897435898 0.3904761904761905 0.5865384615384616 0.3904761904761905 0.5801282051282052 0.38095238095238093 0.5801282051282052 0.35714285714285715 0.5833333333333334 0.3523809523809524 0.5833333333333334 0.34285714285714286 0.5865384615384616 0.3380952380952381 0.5865384615384616 0.32857142857142857
2 0.5128205128205128 0.1 0.5160256410256411 0.10476190476190476 0.5160256410256411 0.11428571428571428 0.5128205128205128 0.11904761904761904 0.5 0.11904761904761904 0.4967948717948718 0.11428571428571428 0.4967948717948718 0.10476190476190476 0.5 0.1 0.5096153846153846 0.1
2 0.5064102564102564 0.1380952380952381 0.5096153846153846 0.14285714285714285 0.5096153846153846 0.15714285714285714 0.5064102564102564 0.1619047619047619 0.49038461538461536 0.1619047619047619 0.49038461538461536 0.15714285714285714 0.48717948717948717 0.1523809523809524 0.48717948717948717 0.14761904761904762 0.4935897435897436 0.1380952380952381 0.5032051282051282 0.1380952380952381
2 0.6506410256410257 0.35714285714285715 0.6538461538461539 0.3619047619047619 0.6538461538461539 0.38571428571428573 0.6506410256410257 0.3904761904761905 0.6378205128205128 0.3904761904761905 0.6314102564102564 0.38095238095238093 0.6314102564102564 0.3619047619047619 0.6410256410256411 0.3523809523809524 0.6442307692307693 0.3523809523809524 0.6474358974358975 0.35714285714285715
2 0.3269230769230769 0.6095238095238096 0.33653846153846156 0.6238095238095238 0.33653846153846156 0.6285714285714286 0.3301282051282051 0.638095238095238 0.3076923076923077 0.638095238095238 0.30448717948717946 0.6333333333333333 0.30448717948717946 0.6190476190476191 0.3076923076923077 0.6142857142857143 0.3108974358974359 0.6142857142857143 0.3141025641025641 0.6095238095238096 0.32371794871794873 0.6095238095238096
2 0.46794871794871795 0.6476190476190476 0.46794871794871795 0.6571428571428571 0.47115384615384615 0.6619047619047619 0.47115384615384615 0.6761904761904762 0.46794871794871795 0.680952380952381 0.46153846153846156 0.680952380952381 0.4551282051282051 0.6666666666666666 0.4551282051282051 0.6476190476190476 0.4583333333333333 0.6428571428571429 0.46153846153846156 0.6428571428571429 0.46474358974358976 0.6476190476190476
2 0.6282051282051282 0.5952380952380952 0.6314102564102564 0.6 0.6217948717948718 0.6095238095238096 0.6153846153846154 0.6095238095238096 0.6121794871794872 0.6047619047619047 0.6121794871794872 0.6 0.6153846153846154 0.5952380952380952 0.625 0.5952380952380952
1 0.6955128205128205 0.18095238095238095 0.7051282051282052 0.19523809523809524 0.7019230769230769 0.20952380952380953 0.6955128205128205 0.21904761904761905 0.6826923076923077 0.21904761904761905 0.6826923076923077 0.21428571428571427 0.6794871794871795 0.20952380952380953 0.6794871794871795 0.19047619047619047 0.6826923076923077 0.18571428571428572 0.6923076923076923 0.18095238095238095
2 0.3717948717948718 0.40476190476190477 0.375 0.4095238095238095 0.375 0.43333333333333335 0.36538461538461536 0.43333333333333335 0.358974358974359 0.4238095238095238 0.358974358974359 0.4142857142857143 0.36538461538461536 0.40476190476190477 0.3685897435897436 0.40476190476190477
1 0.27564102564102566 0.49523809523809526 0.27884615384615385 0.5 0.2948717948717949 0.5 0.30448717948717946 0.5142857142857142 0.30448717948717946 0.5476190476190477 0.30128205128205127 0.5523809523809524 0.30128205128205127 0.5571428571428572 0.2948717948717949 0.5666666666666667 0.2916666666666667 0.5666666666666667 0.28846153846153844 0.5714285714285714 0.2724358974358974 0.5714285714285714 0.2692307692307692 0.5666666666666667 0.26282051282051283 0.5666666666666667 0.25961538461538464 0.5619047619047619 0.2564102564102564 0.5619047619047619 0.2467948717948718 0.5476190476190477 0.2467948717948718 0.5190476190476191 0.25 0.5142857142857142 0.25 0.5095238095238095 0.25961538461538464 0.49523809523809526 0.26282051282051283 0.49523809523809526 0.266025641025641 0.49047619047619045 0.2692307692307692 0.49047619047619045 0.2724358974358974 0.49523809523809526
2 0.5 0.30952380952380953 0.5032051282051282 0.3047619047619048 0.5064102564102564 0.3047619047619048 0.5128205128205128 0.29523809523809524 0.5160256410256411 0.29523809523809524 0.5192307692307693 0.3 0.5192307692307693 0.3047619047619048 0.5128205128205128 0.3142857142857143 0.5032051282051282 0.3142857142857143
1 0.21794871794871795 0.8333333333333334 0.21794871794871795 0.8380952380952381 0.22115384615384615 0.8428571428571429 0.22115384615384615 0.8523809523809524 0.21474358974358973 0.8666666666666667 0.20833333333333334 0.8666666666666667 0.20192307692307693 0.8571428571428571 0.20192307692307693 0.8380952380952381 0.21153846153846154 0.8285714285714286 0.21474358974358973 0.8333333333333334
2 0.21460423634336678 0.906832298136646 0.01003344481605351 0.014906832298136644
2 0.25808249721293197 0.8910973084886128 0.01003344481605351 0.013250517598343685
2 0.20833333333333334 0.9619047619047619 0.20833333333333334 0.9666666666666667 0.21153846153846154 0.9714285714285714 0.20512820512820512 0.9809523809523809 0.20192307692307693 0.9809523809523809 0.1987179487179487 0.9761904761904762 0.1987179487179487 0.9666666666666667 0.20192307692307693 0.9619047619047619 0.20512820512820512 0.9619047619047619
2 0.21850613154960982 0.925879917184265 0.013377926421404682 0.01987577639751553
2 0.18896321070234112 0.9018633540372671 0.01226309921962096 0.014906832298136644
2 0.1762820512820513 0.9095238095238095 0.1858974358974359 0.9095238095238095 0.1858974358974359 0.9238095238095239 0.1794871794871795 0.9238095238095239 0.1762820512820513 0.919047619047619 0.1762820512820513 0.9142857142857143
2 0.16025641025641027 0.8380952380952381 0.15705128205128205 0.8238095238095238 0.16346153846153846 0.8142857142857143 0.17307692307692307 0.8142857142857143 0.17307692307692307 0.8238095238095238 0.16346153846153846 0.8380952380952381
2 0.15384615384615385 0.780952380952381 0.16346153846153846 0.780952380952381 0.16666666666666666 0.7857142857142857 0.16666666666666666 0.8 0.15705128205128205 0.8 0.15384615384615385 0.7952380952380952 0.15384615384615385 0.7857142857142857
1 0.125 0.7571428571428571 0.125 0.7619047619047619 0.1282051282051282 0.7666666666666667 0.1282051282051282 0.780952380952381 0.12179487179487179 0.7904761904761904 0.11538461538461539 0.7904761904761904 0.10897435897435898 0.7761904761904762 0.10897435897435898 0.7619047619047619 0.11217948717948718 0.7571428571428571 0.12179487179487179 0.7571428571428571
1 0.7756410256410257 0.861904761904762 0.7788461538461539 0.861904761904762 0.782051282051282 0.8571428571428571 0.7980769230769231 0.8571428571428571 0.8044871794871795 0.8666666666666667 0.8044871794871795 0.8761904761904762 0.7980769230769231 0.8857142857142857 0.7948717948717948 0.8857142857142857 0.7916666666666666 0.8904761904761904 0.7756410256410257 0.8904761904761904 0.7724358974358975 0.8857142857142857 0.7724358974358975 0.8714285714285714 0.7756410256410257 0.8666666666666667
1 0.8814102564102564 0.3333333333333333 0.8814102564102564 0.3380952380952381 0.8846153846153846 0.34285714285714286 0.8846153846153846 0.3523809523809524 0.8814102564102564 0.35714285714285715 0.8814102564102564 0.3619047619047619 0.8782051282051282 0.36666666666666664 0.8782051282051282 0.3761904761904762 0.875 0.38095238095238093 0.8685897435897436 0.38095238095238093 0.8621794871794872 0.37142857142857144 0.8621794871794872 0.3619047619047619 0.8653846153846154 0.35714285714285715 0.8685897435897436 0.34285714285714286 0.875 0.3333333333333333 0.8782051282051282 0.3333333333333333
2 0.16987179487179488 0.23809523809523808 0.17307692307692307 0.24285714285714285 0.17307692307692307 0.2619047619047619 0.16987179487179488 0.26666666666666666 0.16346153846153846 0.26666666666666666 0.16025641025641027 0.2619047619047619 0.16025641025641027 0.24285714285714285 0.16346153846153846 0.23809523809523808 0.16666666666666666 0.23809523809523808
1 0.8461538461538461 0.28095238095238095 0.8557692307692307 0.26666666666666666 0.8717948717948718 0.26666666666666666 0.8782051282051282 0.2571428571428571 0.8814102564102564 0.2571428571428571 0.8814102564102564 0.26666666666666666 0.8782051282051282 0.2714285714285714 0.8685897435897436 0.2761904761904762 0.8621794871794872 0.2857142857142857 0.8621794871794872 0.2904761904761905 0.8525641025641025 0.29523809523809524 0.8493589743589743 0.2904761904761905 0.8493589743589743 0.2857142857142857