0 0.3525423728813559 0.5288461538461539 0.3559322033898305 0.532051282051282 0.36271186440677966 0.532051282051282 0.36271186440677966 0.5352564102564102 0.36610169491525424 0.5384615384615384 0.3694915254237288 0.5384615384615384 0.38305084745762713 0.5512820512820513 0.38305084745762713 0.5544871794871795 0.3864406779661017 0.5576923076923077 0.3864406779661017 0.5833333333333334 0.38305084745762713 0.5865384615384616 0.38305084745762713 0.592948717948718 0.36610169491525424 0.6089743589743589 0.36271186440677966 0.6089743589743589 0.3559322033898305 0.6153846153846154 0.34576271186440677 0.6153846153846154 0.33220338983050846 0.625 0.31864406779661014 0.625 0.3152542372881356 0.6217948717948718 0.31186440677966104 0.6217948717948718 0.31186440677966104 0.6185897435897436 0.2983050847457627 0.6057692307692307 0.2983050847457627 0.5705128205128205 0.3016949152542373 0.5673076923076923 0.3016949152542373 0.5641025641025641 0.30847457627118646 0.5641025641025641 0.3220338983050847 0.5544871794871795 0.3220338983050847 0.5448717948717948 0.33220338983050846 0.532051282051282 0.33559322033898303 0.532051282051282 0.3389830508474576 0.5288461538461539 0.34915254237288135 0.5288461538461539
1 0.38305084745762713 0.36538461538461536 0.3898305084745763 0.3717948717948718 0.39322033898305087 0.3717948717948718 0.39322033898305087 0.375 0.39661016949152544 0.3782051282051282 0.4 0.3782051282051282 0.4 0.40384615384615385 0.39322033898305087 0.41025641025641024 0.39322033898305087 0.41346153846153844 0.3864406779661017 0.41346153846153844 0.38305084745762713 0.4166666666666667 0.3694915254237288 0.4166666666666667 0.36610169491525424 0.41346153846153844 0.3593220338983051 0.41346153846153844 0.3593220338983051 0.41025641025641024 0.3559322033898305 0.40705128205128205 0.3559322033898305 0.38461538461538464 0.3593220338983051 0.3814102564102564 0.3593220338983051 0.3782051282051282 0.3694915254237288 0.3685897435897436 0.37966101694915255 0.36538461538461536
1 0.2271186440677966 0.4166666666666667 0.23728813559322035 0.42628205128205127 0.23728813559322035 0.4519230769230769 0.2271186440677966 0.46153846153846156 0.21694915254237288 0.46153846153846156 0.2135593220338983 0.4583333333333333 0.20677966101694914 0.4583333333333333 0.19661016949152543 0.44871794871794873 0.19661016949152543 0.4198717948717949 0.2 0.4166666666666667 0.22372881355932203 0.4166666666666667
1 0.1288135593220339 0.3974358974358974 0.13220338983050847 0.40064102564102566 0.1423728813559322 0.40384615384615385 0.1423728813559322 0.40705128205128205 0.14915254237288136 0.4166666666666667 0.14915254237288136 0.42628205128205127 0.1423728813559322 0.4358974358974359 0.1423728813559322 0.4423076923076923 0.1288135593220339 0.4519230769230769 0.11186440677966102 0.44871794871794873 0.10508474576271186 0.4423076923076923 0.1016949152542373 0.4423076923076923 0.09830508474576272 0.4391025641025641 0.09830508474576272 0.42628205128205127 0.09152542372881356 0.4198717948717949 0.09830508474576272 0.40384615384615385 0.10508474576271186 0.40384615384615385 0.1152542372881356 0.3974358974358974 0.12542372881355932 0.3974358974358974
1 0.4217120789530143 0.5453586497890295 0.04908817850246728 0.04430379746835443
1 0.2688693413430594 0.4799578059071729 0.04685689766144604 0.04852320675105485
1 0.6474576271186441 0.6602564102564102 0.6576271186440678 0.6666666666666666 0.6576271186440678 0.6698717948717948 0.6644067796610169 0.6794871794871795 0.6644067796610169 0.6955128205128205 0.6610169491525424 0.6987179487179487 0.6610169491525424 0.7051282051282052 0.6474576271186441 0.7147435897435898 0.6305084745762712 0.7147435897435898 0.6271186440677966 0.7115384615384616 0.6169491525423729 0.7083333333333334 0.6169491525423729 0.7051282051282052 0.6135593220338983 0.7019230769230769 0.6135593220338983 0.6730769230769231 0.6169491525423729 0.6698717948717948 0.6169491525423729 0.6666666666666666 0.6305084745762712 0.657051282051282 0.6406779661016949 0.657051282051282 0.6440677966101694 0.6602564102564102
1 0.09830508474576272 0.6506410256410257 0.10847457627118644 0.6602564102564102 0.10847457627118644 0.6634615384615384 0.11186440677966102 0.6666666666666666 0.11186440677966102 0.6794871794871795 0.10847457627118644 0.6826923076923077 0.10847457627118644 0.6891025641025641 0.10508474576271186 0.6891025641025641 0.09830508474576272 0.6955128205128205 0.07457627118644068 0.6955128205128205 0.07457627118644068 0.6923076923076923 0.06779661016949153 0.6858974358974359 0.06779661016949153 0.6634615384615384 0.0711864406779661 0.6602564102564102 0.0711864406779661 0.657051282051282 0.07796610169491526 0.6506410256410257 0.09491525423728814 0.6506410256410257
1 0.48135593220338985 0.21153846153846154 0.49830508474576274 0.22435897435897437 0.49830508474576274 0.24358974358974358 0.48135593220338985 0.2564102564102564 0.4711864406779661 0.2564102564102564 0.4576271186440678 0.24358974358974358 0.4576271186440678 0.23076923076923078 0.4610169491525424 0.22756410256410256 0.46440677966101696 0.21794871794871795 0.46779661016949153 0.21474358974358973 0.47796610169491527 0.21153846153846154
1 0.07457627118644068 0.8333333333333334 0.09830508474576272 0.8333333333333334 0.10847457627118644 0.842948717948718 0.10847457627118644 0.8621794871794872 0.1016949152542373 0.8685897435897436 0.1016949152542373 0.8717948717948718 0.09830508474576272 0.8717948717948718 0.09491525423728814 0.875 0.08135593220338982 0.875 0.06779661016949153 0.8589743589743589 0.06779661016949153 0.8397435897435898 0.0711864406779661 0.8397435897435898 0.07457627118644068 0.8365384615384616
1 0.15254237288135594 0.7916666666666666 0.16271186440677965 0.7980769230769231 0.16271186440677965 0.8012820512820513 0.16610169491525423 0.8044871794871795 0.16610169491525423 0.8141025641025641 0.16271186440677965 0.8173076923076923 0.15932203389830507 0.8269230769230769 0.14915254237288136 0.8365384615384616 0.12542372881355932 0.8365384615384616 0.12542372881355932 0.8333333333333334 0.11864406779661017 0.8269230769230769 0.11864406779661017 0.8044871794871795 0.12203389830508475 0.8044871794871795 0.12542372881355932 0.8012820512820513 0.12542372881355932 0.7980769230769231 0.1288135593220339 0.7980769230769231 0.13898305084745763 0.7916666666666666 0.14915254237288136 0.7916666666666666
1 0.7728813559322034 0.6666666666666666 0.7762711864406779 0.6698717948717948 0.7830508474576271 0.6698717948717948 0.7864406779661017 0.6730769230769231 0.7898305084745763 0.6730769230769231 0.7898305084745763 0.6762820512820513 0.7932203389830509 0.6794871794871795 0.7966101694915254 0.6794871794871795 0.7966101694915254 0.6955128205128205 0.7932203389830509 0.6987179487179487 0.7898305084745763 0.7083333333333334 0.7694915254237288 0.7275641025641025 0.7389830508474576 0.7275641025641025 0.7288135593220338 0.7147435897435898 0.7288135593220338 0.7051282051282052 0.7322033898305085 0.7019230769230769 0.735593220338983 0.6923076923076923 0.7389830508474576 0.6923076923076923 0.7423728813559322 0.6891025641025641 0.7423728813559322 0.6858974358974359 0.7491525423728813 0.6794871794871795 0.7491525423728813 0.6762820512820513 0.752542372881356 0.6762820512820513 0.7593220338983051 0.6698717948717948 0.7694915254237288 0.6666666666666666
1 0.842308517485518 0.760548523206751 0.05131945934348852 0.04430379746835443
1 0.8135593220338984 0.7980769230769231 0.823728813559322 0.7980769230769231 0.8271186440677966 0.7948717948717948 0.8305084745762712 0.7948717948717948 0.8338983050847457 0.7980769230769231 0.8406779661016949 0.7980769230769231 0.847457627118644 0.8044871794871795 0.847457627118644 0.8269230769230769 0.8440677966101695 0.8301282051282052 0.8440677966101695 0.8333333333333334 0.8372881355932204 0.8397435897435898 0.8169491525423729 0.8397435897435898 0.8067796610169492 0.8301282051282052 0.8067796610169492 0.8076923076923077 0.8135593220338984 0.8012820512820513
1 0.7694915254237288 0.7660256410256411 0.7864406779661017 0.7660256410256411 0.7932203389830509 0.7724358974358975 0.7966101694915254 0.7724358974358975 0.7966101694915254 0.7788461538461539 0.8 0.782051282051282 0.8 0.7980769230769231 0.7966101694915254 0.8012820512820513 0.7966101694915254 0.8044871794871795 0.7864406779661017 0.8108974358974359 0.7728813559322034 0.8108974358974359 0.7627118644067796 0.8044871794871795 0.7627118644067796 0.7724358974358975 0.7661016949152543 0.7724358974358975 0.7694915254237288 0.7692307692307693
1 0.911864406779661 0.6826923076923077 0.9152542372881356 0.6858974358974359 0.9220338983050848 0.6858974358974359 0.9322033898305084 0.7019230769230769 0.9322033898305084 0.7083333333333334 0.9254237288135593 0.717948717948718 0.9254237288135593 0.7243589743589743 0.9152542372881356 0.7307692307692307 0.8983050847457628 0.7307692307692307 0.8949152542372881 0.7275641025641025 0.8915254237288136 0.7275641025641025 0.8915254237288136 0.7243589743589743 0.8847457627118644 0.717948717948718 0.8847457627118644 0.6955128205128205 0.8915254237288136 0.6891025641025641 0.8915254237288136 0.6858974358974359 0.8949152542372881 0.6858974358974359 0.8983050847457628 0.6826923076923077 0.9084745762711864 0.6826923076923077
1 0.8677966101694915 0.6666666666666666 0.8813559322033898 0.6762820512820513 0.8813559322033898 0.6987179487179487 0.8745762711864407 0.7051282051282052 0.8745762711864407 0.7083333333333334 0.8711864406779661 0.7083333333333334 0.8677966101694915 0.7115384615384616 0.8542372881355932 0.7115384615384616 0.8508474576271187 0.7083333333333334 0.847457627118644 0.7083333333333334 0.847457627118644 0.7051282051282052 0.8406779661016949 0.6987179487179487 0.8406779661016949 0.6794871794871795 0.8542372881355932 0.6666666666666666 0.864406779661017 0.6666666666666666
1 0.9059000214546233 0.6582278481012658 0.04908817850246728 0.04219409282700422
1 0.8915254237288136 0.5865384615384616 0.8949152542372881 0.5897435897435898 0.9050847457627119 0.592948717948718 0.911864406779661 0.6025641025641025 0.911864406779661 0.6153846153846154 0.9084745762711864 0.6185897435897436 0.9084745762711864 0.625 0.8983050847457628 0.6314102564102564 0.8779661016949153 0.6314102564102564 0.8745762711864407 0.6282051282051282 0.8711864406779661 0.6282051282051282 0.8711864406779661 0.625 0.864406779661017 0.6185897435897436 0.864406779661017 0.5993589743589743 0.8677966101694915 0.5993589743589743 0.8711864406779661 0.5961538461538461 0.8711864406779661 0.592948717948718 0.888135593220339 0.5865384615384616
1 0.9254237288135593 0.5993589743589743 0.9322033898305084 0.5993589743589743 0.9355932203389831 0.5961538461538461 0.9389830508474576 0.5961538461538461 0.9423728813559322 0.5993589743589743 0.9491525423728814 0.5993589743589743 0.9559322033898305 0.6057692307692307 0.9593220338983051 0.6057692307692307 0.9593220338983051 0.6089743589743589 0.9627118644067797 0.6121794871794872 0.9627118644067797 0.625 0.9593220338983051 0.6282051282051282 0.9593220338983051 0.6346153846153846 0.9559322033898305 0.6346153846153846 0.9525423728813559 0.6378205128205128 0.9525423728813559 0.6410256410256411 0.9254237288135593 0.6410256410256411 0.9254237288135593 0.6378205128205128 0.9220338983050848 0.6346153846153846 0.9186440677966101 0.6346153846153846 0.9186440677966101 0.6089743589743589 0.9254237288135593 0.6025641025641025
1 0.5254237288135594 0.26282051282051283 0.5322033898305085 0.2724358974358974 0.5322033898305085 0.2948717948717949 0.5186440677966102 0.30448717948717946 0.49830508474576274 0.30448717948717946 0.49491525423728816 0.30128205128205127 0.488135593220339 0.30128205128205127 0.488135593220339 0.2948717948717949 0.4847457627118644 0.2916666666666667 0.4847457627118644 0.27884615384615385 0.488135593220339 0.27564102564102566 0.488135593220339 0.2692307692307692 0.5016949152542373 0.25961538461538464 0.5186440677966102 0.25961538461538464 0.5220338983050847 0.26282051282051283
1 0.48135593220338985 0.2980769230769231 0.488135593220339 0.30448717948717946 0.488135593220339 0.32051282051282054 0.4847457627118644 0.32371794871794873 0.4847457627118644 0.3269230769230769 0.4745762711864407 0.3333333333333333 0.46779661016949153 0.3333333333333333 0.4542372881355932 0.32371794871794873 0.4542372881355932 0.3076923076923077 0.4610169491525424 0.2980769230769231 0.47796610169491527 0.2980769230769231
1 0.576271186440678 0.2724358974358974 0.576271186440678 0.27564102564102566 0.5796610169491525 0.27884615384615385 0.5830508474576271 0.27884615384615385 0.5830508474576271 0.2948717948717949 0.5796610169491525 0.2980769230769231 0.576271186440678 0.3076923076923077 0.5694915254237288 0.3141025641025641 0.5457627118644067 0.3141025641025641 0.5457627118644067 0.3108974358974359 0.5423728813559322 0.3076923076923077 0.5389830508474577 0.3076923076923077 0.5389830508474577 0.28205128205128205 0.5423728813559322 0.27884615384615385 0.5423728813559322 0.27564102564102566 0.5559322033898305 0.266025641025641 0.5661016949152542 0.266025641025641 0.5728813559322034 0.2724358974358974
2 0.2008152756919116 0.7415611814345991 0.01785024672816992 0.014767932489451475
2 0.17627118644067796 0.7596153846153846 0.1864406779661017 0.7564102564102564 0.19322033898305085 0.7628205128205128 0.19322033898305085 0.7692307692307693 0.17966101694915254 0.7692307692307693 0.17627118644067796 0.7660256410256411 0.17627118644067796 0.7628205128205128
2 0.2440677966101695 0.7403846153846154 0.24745762711864408 0.7435897435897436 0.24745762711864408 0.75 0.23728813559322035 0.75 0.23389830508474577 0.7467948717948718 0.23389830508474577 0.7435897435897436 0.23728813559322035 0.7403846153846154 0.24067796610169492 0.7403846153846154
2 0.5084745762711864 0.6442307692307693 0.5186440677966102 0.6442307692307693 0.5220338983050847 0.6474358974358975 0.5220338983050847 0.657051282051282 0.5186440677966102 0.6602564102564102 0.5084745762711864 0.6602564102564102 0.5084745762711864 0.657051282051282 0.5050847457627119 0.6538461538461539 0.5050847457627119 0.6506410256410257 0.5084745762711864 0.6474358974358975
2 0.39322033898305087 0.6858974358974359 0.4135593220338983 0.6858974358974359 0.41694915254237286 0.6891025641025641 0.41694915254237286 0.6955128205128205 0.4101694915254237 0.7051282051282052 0.39661016949152544 0.7051282051282052 0.39322033898305087 0.7019230769230769 0.3898305084745763 0.7019230769230769 0.3898305084745763 0.6923076923076923 0.39322033898305087 0.6891025641025641
2 0.376271186440678 0.6666666666666666 0.376271186440678 0.6698717948717948 0.38305084745762713 0.6762820512820513 0.38305084745762713 0.6826923076923077 0.376271186440678 0.6891025641025641 0.3694915254237288 0.6891025641025641 0.36271186440677966 0.6826923076923077 0.36271186440677966 0.6730769230769231 0.3694915254237288 0.6666666666666666 0.3728813559322034 0.6666666666666666
2 0.3525423728813559 0.6987179487179487 0.36610169491525424 0.6987179487179487 0.3694915254237288 0.7019230769230769 0.3694915254237288 0.7115384615384616 0.36610169491525424 0.7147435897435898 0.3525423728813559 0.7147435897435898 0.3525423728813559 0.7019230769230769
2 0.376271186440678 0.7467948717948718 0.376271186440678 0.7403846153846154 0.3728813559322034 0.7371794871794872 0.3728813559322034 0.7275641025641025 0.376271186440678 0.7243589743589743 0.39322033898305087 0.7243589743589743 0.39322033898305087 0.7435897435897436 0.3898305084745763 0.7467948717948718 0.37966101694915255 0.7467948717948718
1 0.847457627118644 0.4198717948717949 0.8745762711864407 0.4198717948717949 0.8847457627118644 0.4326923076923077 0.8847457627118644 0.4423076923076923 0.8813559322033898 0.44551282051282054 0.8813559322033898 0.44871794871794873 0.8779661016949153 0.44871794871794873 0.8745762711864407 0.4519230769230769 0.8745762711864407 0.4551282051282051 0.8508474576271187 0.4551282051282051 0.8508474576271187 0.4519230769230769 0.8406779661016949 0.44551282051282054 0.8406779661016949 0.4358974358974359 0.8440677966101695 0.4326923076923077 0.847457627118644 0.4230769230769231
1 0.9220338983050848 0.4358974358974359 0.9220338983050848 0.4391025641025641 0.9288135593220339 0.44871794871794873 0.9288135593220339 0.46153846153846156 0.9254237288135593 0.46474358974358976 0.9220338983050848 0.47435897435897434 0.8983050847457628 0.47435897435897434 0.888135593220339 0.46153846153846156 0.8915254237288136 0.4391025641025641 0.8983050847457628 0.4326923076923077 0.9152542372881356 0.4326923076923077 0.9186440677966101 0.4358974358974359
1 0.16271186440677965 0.38461538461538464 0.16610169491525423 0.38461538461538464 0.1694915254237288 0.3814102564102564 0.17627118644067796 0.3814102564102564 0.17966101694915254 0.3782051282051282 0.18983050847457628 0.3782051282051282 0.2 0.391025641025641 0.2 0.40064102564102566 0.19661016949152543 0.40384615384615385 0.19322033898305085 0.41346153846153844 0.1694915254237288 0.41346153846153844 0.16610169491525423 0.41025641025641024 0.16271186440677965 0.41025641025641024 0.16271186440677965 0.38782051282051283
1 0.4440677966101695 0.11217948717948718 0.45084745762711864 0.11858974358974358 0.4542372881355932 0.11858974358974358 0.4542372881355932 0.1346153846153846 0.45084745762711864 0.13782051282051283 0.44745762711864406 0.14743589743589744 0.4440677966101695 0.14743589743589744 0.4406779661016949 0.15064102564102563 0.43050847457627117 0.15064102564102563 0.4271186440677966 0.14743589743589744 0.42033898305084744 0.14743589743589744 0.4135593220338983 0.14102564102564102 0.4135593220338983 0.125 0.41694915254237286 0.12179487179487179 0.41694915254237286 0.11858974358974358 0.423728813559322 0.11217948717948718 0.4406779661016949 0.11217948717948718
1 0.8610169491525423 0.16346153846153846 0.864406779661017 0.16666666666666666 0.8677966101694915 0.16666666666666666 0.8677966101694915 0.16987179487179488 0.8711864406779661 0.17307692307692307 0.8711864406779661 0.1955128205128205 0.8677966101694915 0.1987179487179487 0.8677966101694915 0.20192307692307693 0.864406779661017 0.20192307692307693 0.8610169491525423 0.20512820512820512 0.8338983050847457 0.20512820512820512 0.8305084745762712 0.20192307692307693 0.823728813559322 0.20192307692307693 0.8135593220338984 0.19230769230769232 0.8135593220338984 0.1794871794871795 0.8169491525423729 0.1762820512820513 0.8169491525423729 0.17307692307692307 0.8271186440677966 0.16346153846153846 0.8576271186440678 0.16346153846153846
1 0.6949152542372882 0.6185897435897436 0.7016949152542373 0.625 0.7084745762711865 0.625 0.7084745762711865 0.6282051282051282 0.711864406779661 0.6314102564102564 0.711864406779661 0.6474358974358975 0.6983050847457627 0.657051282051282 0.6847457627118644 0.657051282051282 0.6711864406779661 0.6474358974358975 0.6711864406779661 0.6314102564102564 0.6813559322033899 0.6185897435897436 0.6915254237288135 0.6185897435897436
1 0.8135593220338984 0.8974358974358975 0.8372881355932204 0.8974358974358975 0.8406779661016949 0.9006410256410257 0.8440677966101695 0.9006410256410257 0.8508474576271187 0.9102564102564102 0.8542372881355932 0.9102564102564102 0.8542372881355932 0.9230769230769231 0.8508474576271187 0.9230769230769231 0.8440677966101695 0.9326923076923077 0.8406779661016949 0.9326923076923077 0.8372881355932204 0.9358974358974359 0.8271186440677966 0.9358974358974359 0.823728813559322 0.9326923076923077 0.8135593220338984 0.9294871794871795 0.8067796610169492 0.9230769230769231 0.8067796610169492 0.9038461538461539 0.8101694915254237 0.9038461538461539 0.8135593220338984 0.9006410256410257
1 0.8 0.2980769230769231 0.8033898305084746 0.2980769230769231 0.8101694915254237 0.2916666666666667 0.8338983050847457 0.2916666666666667 0.8338983050847457 0.2948717948717949 0.8440677966101695 0.30448717948717946 0.8440677966101695 0.32051282051282054 0.8406779661016949 0.32051282051282054 0.8372881355932204 0.32371794871794873 0.8101694915254237 0.32371794871794873 0.8 0.3173076923076923 0.8 0.30128205128205127
2 0.4 0.6474358974358975 0.4033898305084746 0.6506410256410257 0.4067796610169492 0.6506410256410257 0.4067796610169492 0.6666666666666666 0.4033898305084746 0.6666666666666666 0.4 0.6698717948717948 0.39322033898305087 0.6634615384615384 0.3898305084745763 0.6634615384615384 0.3898305084745763 0.6538461538461539 0.39322033898305087 0.6506410256410257 0.39661016949152544 0.6506410256410257
2 0.30568547521990985 0.7953586497890295 0.0223128084102124 0.02109704641350211
2 0.2878352284917399 0.7763713080168776 0.0223128084102124 0.02531645569620253
2 0.28225702638918687 0.8059071729957805 0.020081527569191158 0.02953586497890295
2 0.21420296073803904 0.8122362869198312 0.02677537009225488 0.02953586497890295
2 0.13164556962025317 0.8660337552742615 0.0223128084102124 0.02320675105485232
2 0.16271186440677965 0.8910256410256411 0.17288135593220338 0.8910256410256411 0.17966101694915254 0.8974358974358975 0.17966101694915254 0.9134615384615384 0.16271186440677965 0.9134615384615384 0.16271186440677965 0.9102564102564102 0.15593220338983052 0.9006410256410257 0.15593220338983052 0.8974358974358975 0.15932203389830507 0.8974358974358975 0.16271186440677965 0.8942307692307693
2 0.3016949152542373 0.40384615384615385 0.31864406779661014 0.40384615384615385 0.3220338983050847 0.40705128205128205 0.3220338983050847 0.41346153846153844 0.3152542372881356 0.4230769230769231 0.3016949152542373 0.4230769230769231 0.3016949152542373 0.40705128205128205
2 0.4440677966101695 0.2467948717948718 0.44745762711864406 0.25 0.44745762711864406 0.26282051282051283 0.4406779661016949 0.2692307692307692 0.43389830508474575 0.2692307692307692 0.423728813559322 0.2564102564102564 0.423728813559322 0.2532051282051282 0.43050847457627117 0.2467948717948718 0.4406779661016949 0.2467948717948718
2 0.423728813559322 0.2916666666666667 0.4271186440677966 0.2948717948717949 0.4271186440677966 0.3076923076923077 0.423728813559322 0.3108974358974359 0.423728813559322 0.3141025641025641 0.4101694915254237 0.3141025641025641 0.4033898305084746 0.3076923076923077 0.4033898305084746 0.30128205128205127 0.4067796610169492 0.2980769230769231 0.4067796610169492 0.2948717948717949 0.4101694915254237 0.2916666666666667 0.42033898305084744 0.2916666666666667
2 0.02711864406779661 0.2532051282051282 0.04406779661016949 0.2532051282051282 0.05084745762711865 0.25961538461538464 0.05084745762711865 0.2692307692307692 0.04745762711864407 0.2724358974358974 0.04745762711864407 0.27564102564102566 0.04406779661016949 0.27884615384615385 0.030508474576271188 0.27884615384615385 0.02711864406779661 0.27564102564102566 0.02711864406779661 0.2564102564102564
2 0.03389830508474576 0.28525641025641024 0.05084745762711865 0.28525641025641024 0.05084745762711865 0.28846153846153844 0.05423728813559322 0.2916666666666667 0.05423728813559322 0.30128205128205127 0.05084745762711865 0.30448717948717946 0.05084745762711865 0.3076923076923077 0.04745762711864407 0.3108974358974359 0.03728813559322034 0.3108974358974359 0.02711864406779661 0.30128205128205127 0.02711864406779661 0.2916666666666667 0.030508474576271188 0.2916666666666667 0.03389830508474576 0.28846153846153844
1 0.46779661016949153 0.6057692307692307 0.488135593220339 0.6057692307692307 0.49830508474576274 0.6153846153846154 0.49830508474576274 0.6410256410256411 0.4915254237288136 0.6474358974358975 0.4745762711864407 0.6474358974358975 0.46440677966101696 0.6410256410256411 0.46440677966101696 0.6346153846153846 0.4610169491525424 0.6314102564102564 0.4610169491525424 0.6217948717948718 0.46440677966101696 0.6185897435897436 0.46440677966101696 0.6121794871794872 0.46779661016949153 0.6089743589743589
1 0.4406779661016949 0.5897435897435898 0.4542372881355932 0.5993589743589743 0.4542372881355932 0.6217948717948718 0.44745762711864406 0.6282051282051282 0.44745762711864406 0.6314102564102564 0.4440677966101695 0.6314102564102564 0.4406779661016949 0.6346153846153846 0.43050847457627117 0.6346153846153846 0.43050847457627117 0.6314102564102564 0.4271186440677966 0.6282051282051282 0.423728813559322 0.6282051282051282 0.423728813559322 0.625 0.42033898305084744 0.6217948717948718 0.41694915254237286 0.6217948717948718 0.41694915254237286 0.5993589743589743 0.42033898305084744 0.5993589743589743 0.4271186440677966 0.5897435897435898 0.43728813559322033 0.5897435897435898
1 0.6 0.5705128205128205 0.6033898305084746 0.5737179487179487 0.6067796610169491 0.5737179487179487 0.6203389830508474 0.5897435897435898 0.6203389830508474 0.5961538461538461 0.6169491525423729 0.5993589743589743 0.6101694915254238 0.6153846153846154 0.5864406779661017 0.6153846153846154 0.5796610169491525 0.6089743589743589 0.5796610169491525 0.5833333333333334 0.5864406779661017 0.5737179487179487 0.5966101694915255 0.5705128205128205
1 0.7050847457627119 0.7916666666666666 0.7084745762711865 0.7948717948717948 0.711864406779661 0.7916666666666666 0.7186440677966102 0.7916666666666666 0.7220338983050848 0.7948717948717948 0.7254237288135593 0.7948717948717948 0.735593220338983 0.8044871794871795 0.735593220338983 0.8076923076923077 0.7423728813559322 0.8173076923076923 0.7423728813559322 0.8269230769230769 0.7389830508474576 0.8301282051282052 0.7389830508474576 0.8333333333333334 0.735593220338983 0.8333333333333334 0.7322033898305085 0.8365384615384616 0.6915254237288135 0.8365384615384616 0.6813559322033899 0.8269230769230769 0.6813559322033899 0.8237179487179487 0.6847457627118644 0.8205128205128205 0.6847457627118644 0.8108974358974359 0.6915254237288135 0.8044871794871795 0.6915254237288135 0.8012820512820513 0.7016949152542373 0.7948717948717948
2 0.7559322033898305 0.8333333333333334 0.7728813559322034 0.8333333333333334 0.7762711864406779 0.8365384615384616 0.7762711864406779 0.8557692307692307 0.7728813559322034 0.8589743589743589 0.7593220338983051 0.8589743589743589 0.7559322033898305 0.8557692307692307 0.7559322033898305 0.8525641025641025 0.752542372881356 0.8493589743589743 0.752542372881356 0.8397435897435898 0.7559322033898305 0.8365384615384616
2 0.7627118644067796 0.8653846153846154 0.7762711864406779 0.8653846153846154 0.7830508474576271 0.875 0.7830508474576271 0.8814102564102564 0.7762711864406779 0.8878205128205128 0.7627118644067796 0.8878205128205128 0.7627118644067796 0.8685897435897436
2 0.6135593220338983 0.7724358974358975 0.6305084745762712 0.7756410256410257 0.6372881355932203 0.782051282051282 0.6372881355932203 0.7916666666666666 0.6338983050847458 0.7948717948717948 0.6338983050847458 0.7980769230769231 0.6237288135593221 0.7980769230769231 0.6203389830508474 0.7948717948717948 0.6169491525423729 0.7948717948717948 0.6169491525423729 0.7916666666666666 0.6101694915254238 0.7852564102564102 0.6101694915254238 0.7788461538461539 0.6135593220338983 0.7756410256410257
2 0.5864406779661017 0.7724358974358975 0.6033898305084746 0.7724358974358975 0.6033898305084746 0.7948717948717948 0.6 0.7948717948717948 0.5966101694915255 0.7980769230769231 0.5932203389830508 0.7980769230769231 0.5830508474576271 0.7916666666666666 0.5830508474576271 0.7788461538461539 0.5864406779661017 0.7756410256410257
1 0.4406779661016949 0.8717948717948718 0.45084745762711864 0.8846153846153846 0.44745762711864406 0.907051282051282 0.4440677966101695 0.907051282051282 0.4406779661016949 0.9102564102564102 0.4406779661016949 0.9134615384615384 0.41694915254237286 0.9134615384615384 0.41694915254237286 0.9102564102564102 0.4135593220338983 0.907051282051282 0.4101694915254237 0.907051282051282 0.4101694915254237 0.8878205128205128 0.4135593220338983 0.8846153846153846 0.4135593220338983 0.8782051282051282 0.42033898305084744 0.8717948717948718 0.43728813559322033 0.8717948717948718
1 0.6847457627118644 0.8461538461538461 0.6983050847457627 0.8461538461538461 0.7016949152542373 0.8493589743589743 0.711864406779661 0.8525641025641025 0.711864406779661 0.8814102564102564 0.7084745762711865 0.8814102564102564 0.7050847457627119 0.8846153846153846 0.6949152542372882 0.8846153846153846 0.6915254237288135 0.8814102564102564 0.6847457627118644 0.8814102564102564 0.6847457627118644 0.8782051282051282 0.6779661016949152 0.8717948717948718 0.6779661016949152 0.8557692307692307 0.6847457627118644 0.8493589743589743
2 0.9081313022956445 0.30274261603375524 0.01785024672816992 0.02320675105485232
2 0.8711864406779661 0.28525641025641024 0.8813559322033898 0.28525641025641024 0.888135593220339 0.2916666666666667 0.888135593220339 0.2948717948717949 0.8915254237288136 0.2980769230769231 0.8949152542372881 0.2980769230769231 0.888135593220339 0.3141025641025641 0.8779661016949153 0.3141025641025641 0.8711864406779661 0.3076923076923077 0.8711864406779661 0.28846153846153844
1 0.6660373310448401 0.1740506329113924 0.05131945934348852 0.040084388185654005
1 0.7694915254237288 0.11858974358974358 0.7762711864406779 0.11858974358974358 0.7864406779661017 0.10576923076923077 0.8101694915254237 0.10576923076923077 0.823728813559322 0.11858974358974358 0.823728813559322 0.125 0.8033898305084746 0.14102564102564102 0.7796610169491526 0.14102564102564102 0.7796610169491526 0.13782051282051283 0.7762711864406779 0.1346153846153846 0.7728813559322034 0.1346153846153846 0.7728813559322034 0.1282051282051282 0.7694915254237288 0.125 0.7694915254237288 0.12179487179487179
1 0.3050847457627119 0.11858974358974358 0.3254237288135593 0.11858974358974358 0.33559322033898303 0.13141025641025642 0.33559322033898303 0.14102564102564102 0.3288135593220339 0.14743589743589744 0.3254237288135593 0.14743589743589744 0.3220338983050847 0.15064102564102563 0.3220338983050847 0.15384615384615385 0.3016949152542373 0.15384615384615385 0.29491525423728815 0.14743589743589744 0.29491525423728815 0.13141025641025642 0.2983050847457627 0.13141025641025642 0.3050847457627119 0.12179487179487179
1 0.688135593220339 0.3717948717948718 0.688135593220339 0.375 0.6983050847457627 0.38461538461538464 0.6983050847457627 0.3942307692307692 0.6949152542372882 0.3942307692307692 0.6847457627118644 0.40705128205128205 0.6644067796610169 0.40705128205128205 0.6542372881355932 0.3942307692307692 0.6542372881355932 0.391025641025641 0.6576271186440678 0.38782051282051283 0.6576271186440678 0.3782051282051282 0.6610169491525424 0.3782051282051282 0.6677966101694915 0.3717948717948718 0.6847457627118644 0.3717948717948718
1 0.5898305084745763 0.22115384615384615 0.5932203389830508 0.22435897435897437 0.6101694915254238 0.22435897435897437 0.6101694915254238 0.23397435897435898 0.6135593220338983 0.23717948717948717 0.6135593220338983 0.2403846153846154 0.6101694915254238 0.24358974358974358 0.6101694915254238 0.2532051282051282 0.5966101694915255 0.26282051282051283 0.5796610169491525 0.26282051282051283 0.5661016949152542 0.2532051282051282 0.5661016949152542 0.23717948717948717 0.5694915254237288 0.23397435897435898 0.5728813559322034 0.22435897435897437 0.5796610169491525 0.22435897435897437 0.5830508474576271 0.22115384615384615 0.5864406779661017 0.22115384615384615
2 0.5661016949152542 0.20512820512820512 0.576271186440678 0.20512820512820512 0.576271186440678 0.20833333333333334 0.5796610169491525 0.21153846153846154 0.5796610169491525 0.22115384615384615 0.576271186440678 0.22435897435897437 0.576271186440678 0.22756410256410256 0.5728813559322034 0.22756410256410256 0.5694915254237288 0.23076923076923078 0.559322033898305 0.23076923076923078 0.5559322033898305 0.22756410256410256 0.5559322033898305 0.22435897435897437 0.5661016949152542 0.20833333333333334
1 0.511864406779661 0.21794871794871795 0.5288135593220339 0.21794871794871795 0.5423728813559322 0.23076923076923078 0.5423728813559322 0.23397435897435898 0.5457627118644067 0.23717948717948717 0.5457627118644067 0.24358974358974358 0.535593220338983 0.2564102564102564 0.5322033898305085 0.2564102564102564 0.5288135593220339 0.25961538461538464 0.5152542372881356 0.25961538461538464 0.5016949152542373 0.2467948717948718 0.5016949152542373 0.23717948717948717 0.511864406779661 0.22115384615384615
1 0.2305084745762712 0.6730769230769231 0.2440677966101695 0.6826923076923077 0.2440677966101695 0.6891025641025641 0.24745762711864408 0.6923076923076923 0.2440677966101695 0.7147435897435898 0.23728813559322035 0.7211538461538461 0.22372881355932203 0.7211538461538461 0.21694915254237288 0.7147435897435898 0.21694915254237288 0.7115384615384616 0.2033898305084746 0.7019230769230769 0.2033898305084746 0.6955128205128205 0.21016949152542372 0.6891025641025641 0.21016949152542372 0.6858974358974359 0.22372881355932203 0.6730769230769231 0.2271186440677966 0.6730769230769231
1 0.30847457627118646 0.7307692307692307 0.31186440677966104 0.7339743589743589 0.31186440677966104 0.7467948717948718 0.3050847457627119 0.7532051282051282 0.3050847457627119 0.7564102564102564 0.2983050847457627 0.7564102564102564 0.29491525423728815 0.7596153846153846 0.288135593220339 0.7596153846153846 0.27796610169491526 0.7532051282051282 0.27796610169491526 0.75 0.2745762711864407 0.7467948717948718 0.2745762711864407 0.7371794871794872 0.28135593220338984 0.7307692307692307 0.3050847457627119 0.7307692307692307
1 0.3559322033898305 0.7403846153846154 0.36271186440677966 0.7467948717948718 0.36271186440677966 0.7724358974358975 0.3559322033898305 0.7788461538461539 0.3389830508474576 0.7788461538461539 0.33559322033898303 0.7756410256410257 0.33220338983050846 0.7756410256410257 0.33220338983050846 0.7724358974358975 0.3254237288135593 0.7660256410256411 0.3254237288135593 0.7532051282051282 0.33220338983050846 0.7467948717948718 0.33220338983050846 0.7435897435897436 0.3389830508474576 0.7371794871794872 0.34915254237288135 0.7371794871794872 0.3525423728813559 0.7403846153846154
2 0.3728813559322034 0.8397435897435898 0.376271186440678 0.842948717948718 0.376271186440678 0.8621794871794872 0.3593220338983051 0.8621794871794872 0.3593220338983051 0.842948717948718 0.3694915254237288 0.8397435897435898
2 0.24745762711864408 0.8525641025641025 0.24745762711864408 0.8685897435897436 0.2440677966101695 0.8717948717948718 0.23389830508474577 0.8717948717948718 0.2305084745762712 0.8685897435897436 0.2305084745762712 0.8557692307692307 0.23389830508474577 0.8525641025641025 0.2440677966101695 0.8525641025641025
2 0.26440677966101694 0.5801282051282052 0.26440677966101694 0.6025641025641025 0.25084745762711863 0.6025641025641025 0.24745762711864408 0.5993589743589743 0.24745762711864408 0.5833333333333334 0.25084745762711863 0.5801282051282052 0.26101694915254237 0.5801282051282052
2 0.31864406779661014 0.4551282051282051 0.33220338983050846 0.4551282051282051 0.3423728813559322 0.46474358974358976 0.3423728813559322 0.47435897435897434 0.33559322033898303 0.4807692307692308 0.31864406779661014 0.4807692307692308 0.31864406779661014 0.4775641025641026 0.3152542372881356 0.47435897435897434 0.3152542372881356 0.46474358974358976 0.31864406779661014 0.46153846153846156 0.31864406779661014 0.4583333333333333
2 0.4576271186440678 0.4230769230769231 0.4576271186440678 0.40705128205128205 0.4610169491525424 0.40384615384615385 0.4711864406779661 0.40384615384615385 0.4711864406779661 0.40705128205128205 0.4745762711864407 0.41025641025641024 0.4745762711864407 0.4198717948717949 0.4711864406779661 0.4230769230769231 0.4610169491525424 0.4230769230769231
2 0.4284059214760781 0.4135021097046413 0.0223128084102124 0.02109704641350211
2 0.43398412357863114 0.47573839662447254 0.02454408925123364 0.02320675105485232
1 0.43728813559322033 0.4198717948717949 0.44745762711864406 0.42948717948717946 0.44745762711864406 0.44551282051282054 0.4440677966101695 0.44871794871794873 0.43050847457627117 0.44871794871794873 0.4271186440677966 0.4519230769230769 0.4271186440677966 0.4551282051282051 0.41694915254237286 0.4551282051282051 0.4033898305084746 0.44551282051282054 0.4033898305084746 0.42628205128205127 0.4135593220338983 0.4166666666666667 0.423728813559322 0.4166666666666667 0.4271186440677966 0.4198717948717949 0.43389830508474575 0.4198717948717949
2 0.3525423728813559 0.4230769230769231 0.3694915254237288 0.4230769230769231 0.3694915254237288 0.4326923076923077 0.36610169491525424 0.4358974358974359 0.3525423728813559 0.4358974358974359 0.3525423728813559 0.42628205128205127
1 0.3864406779661017 0.4391025641025641 0.39661016949152544 0.44871794871794873 0.39661016949152544 0.46153846153846156 0.39322033898305087 0.46474358974358976 0.39322033898305087 0.46794871794871795 0.3898305084745763 0.46794871794871795 0.3864406779661017 0.47115384615384615 0.3728813559322034 0.47115384615384615 0.3593220338983051 0.46153846153846156 0.3593220338983051 0.4519230769230769 0.36610169491525424 0.44551282051282054 0.36610169491525424 0.4423076923076923 0.3694915254237288 0.4423076923076923 0.3728813559322034 0.4391025641025641 0.38305084745762713 0.4391025641025641
1 0.9254237288135593 0.3782051282051282 0.9389830508474576 0.391025641025641 0.9389830508474576 0.41025641025641024 0.9322033898305084 0.4166666666666667 0.9152542372881356 0.4166666666666667 0.9084745762711864 0.41025641025641024 0.9050847457627119 0.41025641025641024 0.8983050847457628 0.40064102564102566 0.8983050847457628 0.3942307692307692 0.9050847457627119 0.38782051282051283 0.9050847457627119 0.38461538461538464 0.9220338983050848 0.3782051282051282
1 0.8813559322033898 0.3814102564102564 0.8949152542372881 0.391025641025641 0.8949152542372881 0.40384615384615385 0.888135593220339 0.41025641025641024 0.888135593220339 0.41346153846153844 0.864406779661017 0.41346153846153844 0.8576271186440678 0.40705128205128205 0.8576271186440678 0.391025641025641 0.8677966101694915 0.3814102564102564 0.8779661016949153 0.3814102564102564
1 0.8576271186440678 0.32371794871794873 0.8610169491525423 0.32371794871794873 0.8711864406779661 0.3173076923076923 0.8949152542372881 0.3173076923076923 0.8949152542372881 0.32051282051282054 0.8983050847457628 0.32371794871794873 0.9016949152542373 0.32371794871794873 0.9016949152542373 0.34294871794871795 0.8983050847457628 0.34615384615384615 0.8983050847457628 0.34935897435897434 0.8949152542372881 0.34935897435897434 0.888135593220339 0.3557692307692308 0.8711864406779661 0.3557692307692308 0.8677966101694915 0.3525641025641026 0.864406779661017 0.3525641025641026 0.864406779661017 0.34935897435897434 0.8508474576271187 0.33653846153846156 0.8508474576271187 0.3333333333333333 0.8576271186440678 0.3269230769230769
1 0.9491525423728814 0.8525641025641025 0.9728813559322034 0.8525641025641025 0.9796610169491525 0.8589743589743589 0.9796610169491525 0.875 0.9728813559322034 0.8814102564102564 0.9491525423728814 0.8814102564102564 0.9491525423728814 0.8782051282051282 0.9423728813559322 0.8717948717948718 0.9423728813559322 0.8621794871794872 0.9491525423728814 0.8557692307692307
1 0.9389830508474576 0.8141025641025641 0.9525423728813559 0.8237179487179487 0.9525423728813559 0.8301282051282052 0.9491525423728814 0.8333333333333334 0.9457627118644067 0.842948717948718 0.9423728813559322 0.842948717948718 0.9322033898305084 0.8493589743589743 0.9288135593220339 0.8493589743589743 0.9152542372881356 0.8397435897435898 0.9152542372881356 0.8237179487179487 0.9186440677966101 0.8205128205128205 0.9186440677966101 0.8173076923076923 0.9220338983050848 0.8173076923076923 0.9288135593220339 0.8108974358974359 0.9322033898305084 0.8108974358974359 0.9355932203389831 0.8141025641025641
1 0.49491525423728816 0.07692307692307693 0.49830508474576274 0.07692307692307693 0.5016949152542373 0.07371794871794872 0.511864406779661 0.07371794871794872 0.5152542372881356 0.07692307692307693 0.5254237288135594 0.08012820512820513 0.5322033898305085 0.08653846153846154 0.5322033898305085 0.09615384615384616 0.5254237288135594 0.10256410256410256 0.5254237288135594 0.10576923076923077 0.5152542372881356 0.10897435897435898 0.511864406779661 0.10576923076923077 0.49491525423728816 0.10256410256410256 0.49491525423728816 0.09935897435897435 0.4915254237288136 0.09615384615384616 0.4915254237288136 0.08653846153846154 0.49491525423728816 0.08333333333333333 0.49491525423728816 0.08012820512820513
1 0.535593220338983 0.041666666666666664 0.5389830508474577 0.04487179487179487 0.5457627118644067 0.04487179487179487 0.5525423728813559 0.05128205128205128 0.5525423728813559 0.057692307692307696 0.5559322033898305 0.060897435897435896 0.5559322033898305 0.07371794871794872 0.5423728813559322 0.08333333333333333 0.5254237288135594 0.08012820512820513 0.5220338983050847 0.07692307692307693 0.5220338983050847 0.0673076923076923 0.5186440677966102 0.0641025641025641 0.5186440677966102 0.05128205128205128 0.5220338983050847 0.04807692307692308 0.5220338983050847 0.04487179487179487 0.5322033898305085 0.041666666666666664
1 0.12203389830508475 0.592948717948718 0.1423728813559322 0.592948717948718 0.15254237288135594 0.6025641025641025 0.15254237288135594 0.6057692307692307 0.15593220338983052 0.6089743589743589 0.15593220338983052 0.6153846153846154 0.15254237288135594 0.6185897435897436 0.15254237288135594 0.6217948717948718 0.1423728813559322 0.6282051282051282 0.13559322033898305 0.6282051282051282 0.1288135593220339 0.6217948717948718 0.11864406779661017 0.6217948717948718 0.11864406779661017 0.6185897435897436 0.1152542372881356 0.6153846153846154 0.1152542372881356 0.6089743589743589 0.11864406779661017 0.6057692307692307 0.11864406779661017 0.5993589743589743 0.12203389830508475 0.5961538461538461
2 0.12203389830508475 0.6442307692307693 0.1423728813559322 0.6442307692307693 0.1423728813559322 0.6602564102564102 0.13898305084745763 0.6602564102564102 0.13559322033898305 0.6634615384615384 0.12542372881355932 0.6634615384615384 0.12203389830508475 0.6602564102564102 0.12203389830508475 0.6474358974358975
2 0.0847457627118644 0.5961538461538461 0.0847457627118644 0.5833333333333334 0.09152542372881356 0.5769230769230769 0.1016949152542373 0.5769230769230769 0.10508474576271186 0.5801282051282052 0.10508474576271186 0.592948717948718 0.09830508474576272 0.6025641025641025 0.09152542372881356 0.6025641025641025 0.09152542372881356 0.5993589743589743 0.08813559322033898 0.5961538461538461
2 0.13898305084745763 0.5641025641025641 0.14576271186440679 0.5705128205128205 0.14915254237288136 0.5705128205128205 0.14915254237288136 0.5865384615384616 0.14576271186440679 0.5897435897435898 0.13220338983050847 0.5897435897435898 0.13220338983050847 0.5865384615384616 0.12542372881355932 0.5801282051282052 0.12542372881355932 0.5705128205128205 0.13220338983050847 0.5641025641025641 0.13559322033898305 0.5641025641025641
2 0.5221197167989701 0.8227848101265821 0.0223128084102124 0.02109704641350211
2 0.5457627118644067 0.7307692307692307 0.559322033898305 0.7307692307692307 0.5627118644067797 0.7339743589743589 0.5627118644067797 0.7467948717948718 0.5491525423728814 0.7467948717948718 0.5457627118644067 0.7435897435897436 0.5457627118644067 0.7339743589743589
2 0.4745762711864407 0.5769230769230769 0.48135593220338985 0.5769230769230769 0.488135593220339 0.5833333333333334 0.4915254237288136 0.5833333333333334 0.4915254237288136 0.5897435897435898 0.4847457627118644 0.5961538461538461 0.46779661016949153 0.5961538461538461 0.46779661016949153 0.5833333333333334 0.4711864406779661 0.5833333333333334 0.4745762711864407 0.5801282051282052
2 0.46779661016949153 0.5480769230769231 0.4711864406779661 0.5512820512820513 0.47796610169491527 0.5512820512820513 0.47796610169491527 0.5673076923076923 0.4745762711864407 0.5673076923076923 0.4711864406779661 0.5705128205128205 0.46440677966101696 0.5705128205128205 0.4610169491525424 0.5673076923076923 0.4576271186440678 0.5673076923076923 0.4576271186440678 0.5544871794871795 0.4610169491525424 0.5512820512820513 0.46440677966101696 0.5512820512820513
2 0.5186440677966102 0.5480769230769231 0.5220338983050847 0.5512820512820513 0.5254237288135594 0.5512820512820513 0.5254237288135594 0.5641025641025641 0.5220338983050847 0.5673076923076923 0.5220338983050847 0.5705128205128205 0.5186440677966102 0.5737179487179487 0.5084745762711864 0.5737179487179487 0.5084745762711864 0.5512820512820513 0.5152542372881356 0.5512820512820513
2 0.49830508474576274 0.5192307692307693 0.5050847457627119 0.5256410256410257 0.5050847457627119 0.5352564102564102 0.49830508474576274 0.5416666666666666 0.4847457627118644 0.5416666666666666 0.48135593220338985 0.5384615384615384 0.48135593220338985 0.532051282051282 0.4847457627118644 0.5288461538461539 0.4847457627118644 0.5256410256410257 0.4915254237288136 0.5192307692307693 0.49491525423728816 0.5192307692307693
1 0.3254237288135593 0.23717948717948717 0.3423728813559322 0.23717948717948717 0.34576271186440677 0.2403846153846154 0.3559322033898305 0.24358974358974358 0.3559322033898305 0.2564102564102564 0.34915254237288135 0.26282051282051283 0.34915254237288135 0.266025641025641 0.34576271186440677 0.2692307692307692 0.33220338983050846 0.2692307692307692 0.3288135593220339 0.266025641025641 0.3254237288135593 0.266025641025641 0.31864406779661014 0.2564102564102564 0.31864406779661014 0.2467948717948718 0.3254237288135593 0.2403846153846154
1 0.36271186440677966 0.15705128205128205 0.36271186440677966 0.16025641025641027 0.3694915254237288 0.16666666666666666 0.3694915254237288 0.18269230769230768 0.36610169491525424 0.18269230769230768 0.36271186440677966 0.1858974358974359 0.36271186440677966 0.1891025641025641 0.3593220338983051 0.1891025641025641 0.3559322033898305 0.19230769230769232 0.34576271186440677 0.19230769230769232 0.3423728813559322 0.1891025641025641 0.33220338983050846 0.1858974358974359 0.3254237288135593 0.1794871794871795 0.3254237288135593 0.16987179487179488 0.3389830508474576 0.15705128205128205 0.3423728813559322 0.15705128205128205 0.34576271186440677 0.15384615384615385 0.3559322033898305 0.15384615384615385 0.3593220338983051 0.15705128205128205
1 0.36610169491525424 0.8974358974358975 0.3694915254237288 0.8974358974358975 0.3728813559322034 0.8942307692307693 0.38305084745762713 0.8942307692307693 0.3864406779661017 0.8974358974358975 0.3864406779661017 0.9006410256410257 0.3898305084745763 0.9038461538461539 0.39322033898305087 0.9038461538461539 0.39322033898305087 0.907051282051282 0.39661016949152544 0.9102564102564102 0.39661016949152544 0.9230769230769231 0.3898305084745763 0.9294871794871795 0.376271186440678 0.9294871794871795 0.36610169491525424 0.9198717948717948 0.36610169491525424 0.9006410256410257
1 0.511864406779661 0.8717948717948718 0.5152542372881356 0.875 0.5186440677966102 0.875 0.5288135593220339 0.8878205128205128 0.5288135593220339 0.8974358974358975 0.5254237288135594 0.9006410256410257 0.5254237288135594 0.9038461538461539 0.5220338983050847 0.9038461538461539 0.5186440677966102 0.907051282051282 0.49491525423728816 0.907051282051282 0.488135593220339 0.9006410256410257 0.488135593220339 0.8846153846153846 0.4915254237288136 0.8814102564102564 0.4915254237288136 0.8782051282051282 0.49830508474576274 0.8717948717948718 0.5084745762711864 0.8717948717948718
1 0.711864406779661 0.08012820512820513 0.7254237288135593 0.08974358974358974 0.7254237288135593 0.10256410256410256 0.7152542372881356 0.11217948717948718 0.7016949152542373 0.11217948717948718 0.6983050847457627 0.10897435897435898 0.6949152542372882 0.10897435897435898 0.6949152542372882 0.10576923076923077 0.6915254237288135 0.10256410256410256 0.6915254237288135 0.09615384615384616 0.6949152542372882 0.09294871794871795 0.6949152542372882 0.08333333333333333 0.6983050847457627 0.08012820512820513 0.7084745762711865 0.08012820512820513
1 0.688135593220339 0.14423076923076922 0.6915254237288135 0.14423076923076922 0.6949152542372882 0.14102564102564102 0.711864406779661 0.14102564102564102 0.7254237288135593 0.15064102564102563 0.7254237288135593 0.16025641025641027 0.7186440677966102 0.16666666666666666 0.7186440677966102 0.16987179487179488 0.6949152542372882 0.16987179487179488 0.6915254237288135 0.16666666666666666 0.6915254237288135 0.16346153846153846 0.688135593220339 0.16025641025641027 0.6847457627118644 0.16025641025641027 0.6847457627118644 0.15064102564102563 0.688135593220339 0.14743589743589744
1 0.9152542372881356 0.019230769230769232 0.9186440677966101 0.022435897435897436 0.9288135593220339 0.02564102564102564 0.9355932203389831 0.03205128205128205 0.9355932203389831 0.041666666666666664 0.9322033898305084 0.04487179487179487 0.9288135593220339 0.05448717948717949 0.9254237288135593 0.05448717948717949 0.9186440677966101 0.060897435897435896 0.9016949152542373 0.060897435897435896 0.8915254237288136 0.05128205128205128 0.8915254237288136 0.041666666666666664 0.8949152542372881 0.038461538461538464 0.8949152542372881 0.03205128205128205 0.8983050847457628 0.028846153846153848 0.8983050847457628 0.02564102564102564 0.9016949152542373 0.02564102564102564 0.9084745762711864 0.019230769230769232 0.911864406779661 0.019230769230769232
1 0.9254237288135593 0.10576923076923077 0.9322033898305084 0.10576923076923077 0.9423728813559322 0.09935897435897435 0.9525423728813559 0.09935897435897435 0.9627118644067797 0.11217948717948718 0.9559322033898305 0.1282051282051282 0.9491525423728814 0.1346153846153846 0.9322033898305084 0.1346153846153846 0.9220338983050848 0.125 0.9220338983050848 0.11538461538461539 0.9254237288135593 0.11217948717948718 0.9254237288135593 0.10897435897435898
1 0.9491525423728814 0.15064102564102563 0.9559322033898305 0.15705128205128205 0.9593220338983051 0.15705128205128205 0.9593220338983051 0.16666666666666666 0.9627118644067797 0.16987179487179488 0.9627118644067797 0.1762820512820513 0.9593220338983051 0.1794871794871795 0.9593220338983051 0.1858974358974359 0.9559322033898305 0.1891025641025641 0.9288135593220339 0.1891025641025641 0.9186440677966101 0.1762820512820513 0.9186440677966101 0.17307692307692307 0.9288135593220339 0.16025641025641027 0.9288135593220339 0.15705128205128205 0.9355932203389831 0.15064102564102563 0.9457627118644067 0.15064102564102563
1 0.9525423728813559 0.1987179487179487 0.9593220338983051 0.20512820512820512 0.9593220338983051 0.21794871794871795 0.9491525423728814 0.22756410256410256 0.9423728813559322 0.22756410256410256 0.9355932203389831 0.23397435897435898 0.9186440677966101 0.23397435897435898 0.911864406779661 0.22756410256410256 0.9084745762711864 0.22756410256410256 0.9050847457627119 0.22435897435897437 0.9050847457627119 0.20833333333333334 0.9186440677966101 0.1987179487179487 0.9491525423728814 0.1987179487179487
1 0.9389830508474576 0.25 0.9389830508474576 0.266025641025641 0.9322033898305084 0.2724358974358974 0.9322033898305084 0.27564102564102566 0.911864406779661 0.27564102564102566 0.9084745762711864 0.2724358974358974 0.9050847457627119 0.2724358974358974 0.9016949152542373 0.2692307692307692 0.9016949152542373 0.2564102564102564 0.9050847457627119 0.2532051282051282 0.9050847457627119 0.25 0.9186440677966101 0.2403846153846154 0.9220338983050848 0.2403846153846154 0.9254237288135593 0.24358974358974358 0.9322033898305084 0.24358974358974358 0.9322033898305084 0.2467948717948718 0.9355932203389831 0.25
1 0.9525423728813559 0.32371794871794873 0.9559322033898305 0.3269230769230769 0.9661016949152542 0.3301282051282051 0.9728813559322034 0.33974358974358976 0.9661016949152542 0.3557692307692308 0.9355932203389831 0.3557692307692308 0.9288135593220339 0.34935897435897434 0.9254237288135593 0.34935897435897434 0.9254237288135593 0.34615384615384615 0.9220338983050848 0.34294871794871795 0.9220338983050848 0.3333333333333333 0.9288135593220339 0.3269230769230769 0.9355932203389831 0.3269230769230769 0.9389830508474576 0.32371794871794873 0.9491525423728814 0.32371794871794873
2 0.6 0.1794871794871795 0.6101694915254238 0.1762820512820513 0.6169491525423729 0.1858974358974359 0.6169491525423729 0.19230769230769232 0.6135593220338983 0.1955128205128205 0.6135593220338983 0.1987179487179487 0.6 0.1987179487179487 0.6 0.18269230769230768
2 0.6372881355932203 0.19230769230769232 0.6474576271186441 0.19230769230769232 0.6542372881355932 0.1987179487179487 0.6542372881355932 0.20512820512820512 0.6474576271186441 0.21153846153846154 0.6372881355932203 0.21153846153846154 0.6338983050847458 0.20833333333333334 0.6305084745762712 0.20833333333333334 0.6305084745762712 0.1987179487179487 0.6338983050847458 0.1987179487179487 0.6372881355932203 0.1955128205128205
2 0.6372881355932203 0.24358974358974358 0.6372881355932203 0.23076923076923078 0.6440677966101694 0.22435897435897437 0.6474576271186441 0.22435897435897437 0.6474576271186441 0.22756410256410256 0.6508474576271186 0.23076923076923078 0.6508474576271186 0.2403846153846154 0.6474576271186441 0.24358974358974358 0.6474576271186441 0.2467948717948718 0.6440677966101694 0.2467948717948718 0.6406779661016949 0.24358974358974358
1 0.18305084745762712 0.8333333333333334 0.2033898305084746 0.8333333333333334 0.2135593220338983 0.8461538461538461 0.2135593220338983 0.8557692307692307 0.21016949152542372 0.8589743589743589 0.21016949152542372 0.8621794871794872 0.19322033898305085 0.8653846153846154 0.18983050847457628 0.8621794871794872 0.18305084745762712 0.8621794871794872 0.18305084745762712 0.8589743589743589 0.17966101694915254 0.8557692307692307 0.17627118644067796 0.8557692307692307 0.17627118644067796 0.842948717948718 0.18305084745762712 0.8365384615384616
1 0.19322033898305085 0.782051282051282 0.19661016949152543 0.7852564102564102 0.2 0.7852564102564102 0.2 0.8108974358974359 0.19661016949152543 0.8141025641025641 0.18983050847457628 0.8141025641025641 0.1864406779661017 0.8173076923076923 0.17627118644067796 0.8141025641025641 0.17627118644067796 0.8108974358974359 0.1694915254237288 0.8012820512820513 0.1694915254237288 0.7852564102564102 0.17627118644067796 0.7788461538461539 0.1864406779661017 0.7788461538461539 0.18983050847457628 0.782051282051282
2 0.6372881355932203 0.8493589743589743 0.6372881355932203 0.8365384615384616 0.6406779661016949 0.8333333333333334 0.6576271186440678 0.8333333333333334 0.6610169491525424 0.8365384615384616 0.6610169491525424 0.842948717948718 0.6576271186440678 0.842948717948718 0.6542372881355932 0.8461538461538461 0.6542372881355932 0.8493589743589743 0.6406779661016949 0.8493589743589743
2 0.6214117142244153 0.8449367088607596 0.020081527569191158 0.018987341772151896
2 0.6305084745762712 0.8589743589743589 0.6406779661016949 0.8557692307692307 0.6576271186440678 0.8653846153846154 0.6576271186440678 0.8782051282051282 0.6508474576271186 0.8846153846153846 0.6440677966101694 0.8846153846153846 0.6406779661016949 0.8814102564102564 0.6338983050847458 0.8814102564102564 0.6305084745762712 0.8782051282051282 0.6305084745762712 0.8621794871794872
2 0.6644067796610169 0.7916666666666666 0.6711864406779661 0.7980769230769231 0.6711864406779661 0.8076923076923077 0.6677966101694915 0.8108974358974359 0.6677966101694915 0.8141025641025641 0.6644067796610169 0.8141025641025641 0.6610169491525424 0.8173076923076923 0.6508474576271186 0.8173076923076923 0.6474576271186441 0.8141025641025641 0.6440677966101694 0.8141025641025641 0.6440677966101694 0.7980769230769231 0.6508474576271186 0.7916666666666666 0.6610169491525424 0.7916666666666666
2 0.4576271186440678 0.7403846153846154 0.4576271186440678 0.7371794871794872 0.4542372881355932 0.7339743589743589 0.4542372881355932 0.7243589743589743 0.4576271186440678 0.7211538461538461 0.46779661016949153 0.7211538461538461 0.4745762711864407 0.7275641025641025 0.4745762711864407 0.7339743589743589 0.4711864406779661 0.7371794871794872 0.4711864406779661 0.7403846153846154 0.4610169491525424 0.7403846153846154
2 0.8135593220338984 0.5641025641025641 0.8169491525423729 0.5641025641025641 0.8203389830508474 0.5608974358974359 0.8305084745762712 0.5641025641025641 0.8305084745762712 0.5769230769230769 0.8271186440677966 0.5801282051282052 0.8135593220338984 0.5801282051282052 0.8135593220338984 0.5673076923076923
2 0.8915254237288136 0.5032051282051282 0.9016949152542373 0.5032051282051282 0.9050847457627119 0.5064102564102564 0.9050847457627119 0.5128205128205128 0.8983050847457628 0.5224358974358975 0.8949152542372881 0.5192307692307693 0.8915254237288136 0.5192307692307693 0.8915254237288136 0.5064102564102564
2 0.9322033898305084 0.5064102564102564 0.9322033898305084 0.5160256410256411 0.9254237288135593 0.5224358974358975 0.9220338983050848 0.5224358974358975 0.9186440677966101 0.5192307692307693 0.9186440677966101 0.5064102564102564 0.9220338983050848 0.5032051282051282 0.9254237288135593 0.5032051282051282 0.9288135593220339 0.5064102564102564
2 0.6372881355932203 0.46474358974358976 0.6406779661016949 0.46474358974358976 0.6508474576271186 0.4583333333333333 0.6542372881355932 0.4583333333333333 0.6610169491525424 0.46474358974358976 0.6610169491525424 0.4807692307692308 0.6576271186440678 0.4807692307692308 0.6542372881355932 0.483974358974359 0.6440677966101694 0.483974358974359 0.6406779661016949 0.4807692307692308 0.6372881355932203 0.4807692307692308 0.6372881355932203 0.46794871794871795
2 0.511864406779661 0.34615384615384615 0.5288135593220339 0.34615384615384615 0.5322033898305085 0.34935897435897434 0.5322033898305085 0.36217948717948717 0.5254237288135594 0.3685897435897436 0.511864406779661 0.3685897435897436 0.5084745762711864 0.36538461538461536 0.5084745762711864 0.3525641025641026 0.511864406779661 0.34935897435897434
1 0.04406779661016949 0.32371794871794873 0.05084745762711865 0.3301282051282051 0.05084745762711865 0.33653846153846156 0.04067796610169491 0.34935897435897434 0.04067796610169491 0.3525641025641026 0.030508474576271188 0.358974358974359 0.020338983050847456 0.358974358974359 0.01694915254237288 0.3557692307692308 0.013559322033898305 0.3557692307692308 0.013559322033898305 0.3333333333333333 0.023728813559322035 0.32371794871794873 0.04067796610169491 0.32371794871794873
1 0.11864406779661017 0.1282051282051282 0.11864406779661017 0.125 0.11186440677966102 0.11858974358974358 0.11186440677966102 0.09935897435897435 0.11864406779661017 0.09294871794871795 0.1423728813559322 0.09294871794871795 0.1423728813559322 0.09935897435897435 0.14915254237288136 0.10576923076923077 0.14915254237288136 0.11858974358974358 0.14576271186440679 0.12179487179487179 0.1423728813559322 0.12179487179487179 0.1288135593220339 0.13141025641025642 0.12542372881355932 0.13141025641025642 0.12203389830508475 0.1282051282051282
1 0.11864406779661017 0.09294871794871795 0.1423728813559322 0.09294871794871795 0.1423728813559322 0.09935897435897435 0.14915254237288136 0.10576923076923077 0.14915254237288136 0.11538461538461539 0.1423728813559322 0.12179487179487179 0.1423728813559322 0.125 0.13559322033898305 0.13141025641025642 0.12203389830508475 0.13141025641025642 0.11186440677966102 0.12179487179487179 0.11186440677966102 0.09935897435897435 0.1152542372881356 0.09935897435897435 0.11864406779661017 0.09615384615384616
1 0.0711864406779661 0.1762820512820513 0.07457627118644068 0.1794871794871795 0.08135593220338982 0.1794871794871795 0.08135593220338982 0.1987179487179487 0.0711864406779661 0.20833333333333334 0.05423728813559322 0.20833333333333334 0.05084745762711865 0.20512820512820512 0.05084745762711865 0.18269230769230768 0.0576271186440678 0.1762820512820513 0.06779661016949153 0.1762820512820513
1 0.7694915254237288 0.25961538461538464 0.7728813559322034 0.25961538461538464 0.7762711864406779 0.2564102564102564 0.7864406779661017 0.2564102564102564 0.8 0.266025641025641 0.8 0.28205128205128205 0.7966101694915254 0.28525641025641024 0.7966101694915254 0.28846153846153844 0.7932203389830509 0.28846153846153844 0.7898305084745763 0.2916666666666667 0.7898305084745763 0.2948717948717949 0.7728813559322034 0.2948717948717949 0.7661016949152543 0.28525641025641024 0.7661016949152543 0.2692307692307692 0.7694915254237288 0.266025641025641 0.7694915254237288 0.26282051282051283
1 0.3525423728813559 0.07692307692307693 0.376271186440678 0.07692307692307693 0.37966101694915255 0.08012820512820513 0.38305084745762713 0.08012820512820513 0.39322033898305087 0.09294871794871795 0.39322033898305087 0.10256410256410256 0.3898305084745763 0.10256410256410256 0.3864406779661017 0.10576923076923077 0.3864406779661017 0.10897435897435898 0.376271186440678 0.10897435897435898 0.3694915254237288 0.11538461538461539 0.36610169491525424 0.11538461538461539 0.36271186440677966 0.11217948717948718 0.3559322033898305 0.11217948717948718 0.34576271186440677 0.10576923076923077 0.34576271186440677 0.08333333333333333 0.34915254237288135 0.08333333333333333 0.3525423728813559 0.08012820512820513
1 0.37966101694915255 0.11217948717948718 0.39322033898305087 0.11217948717948718 0.39322033898305087 0.11538461538461539 0.4 0.12179487179487179 0.4 0.14743589743589744 0.39661016949152544 0.15064102564102563 0.39661016949152544 0.15384615384615385 0.37966101694915255 0.15705128205128205 0.376271186440678 0.15384615384615385 0.3728813559322034 0.15384615384615385 0.3728813559322034 0.15064102564102563 0.3694915254237288 0.14743589743589744 0.36610169491525424 0.14743589743589744 0.36610169491525424 0.125 0.3694915254237288 0.12179487179487179 0.3694915254237288 0.11858974358974358 0.376271186440678 0.11858974358974358 0.37966101694915255 0.11538461538461539
2 0.19661016949152543 0.5128205128205128 0.2 0.5128205128205128 0.2033898305084746 0.5096153846153846 0.2135593220338983 0.5128205128205128 0.2135593220338983 0.5288461538461539 0.21016949152542372 0.5288461538461539 0.20677966101694914 0.532051282051282 0.2 0.532051282051282 0.19661016949152543 0.5288461538461539 0.19661016949152543 0.5160256410256411
2 0.7664449688907959 0.4345991561181434 0.01561896588714868 0.016877637130801686
1 0.5254237288135594 0.7788461538461539 0.5322033898305085 0.7852564102564102 0.5322033898305085 0.7916666666666666 0.5220338983050847 0.8012820512820513 0.511864406779661 0.8012820512820513 0.5084745762711864 0.8044871794871795 0.49491525423728816 0.8044871794871795 0.4915254237288136 0.8012820512820513 0.488135593220339 0.8012820512820513 0.488135593220339 0.7980769230769231 0.4847457627118644 0.7948717948717948 0.4847457627118644 0.7852564102564102 0.488135593220339 0.782051282051282 0.488135593220339 0.7756410256410257 0.49830508474576274 0.7628205128205128 0.5084745762711864 0.7628205128205128 0.5186440677966102 0.7724358974358975 0.5186440677966102 0.7756410256410257 0.5220338983050847 0.7788461538461539
1 0.423728813559322 0.7756410256410257 0.4271186440677966 0.7788461538461539 0.4406779661016949 0.7788461538461539 0.4440677966101695 0.782051282051282 0.44745762711864406 0.782051282051282 0.4542372881355932 0.7916666666666666 0.4542372881355932 0.8044871794871795 0.44745762711864406 0.8108974358974359 0.44745762711864406 0.8173076923076923 0.43728813559322033 0.8269230769230769 0.423728813559322 0.8269230769230769 0.42033898305084744 0.8237179487179487 0.41694915254237286 0.8237179487179487 0.4033898305084746 0.8076923076923077 0.4067796610169492 0.7852564102564102 0.4101694915254237 0.782051282051282 0.4101694915254237 0.7788461538461539 0.42033898305084744 0.7756410256410257
2 0.10710148036901952 0.2689873417721519 0.0223128084102124 0.02320675105485232
1 0.8203389830508474 0.7147435897435898 0.823728813559322 0.717948717948718 0.8271186440677966 0.717948717948718 0.8271186440677966 0.7211538461538461 0.8305084745762712 0.7243589743589743 0.8305084745762712 0.7339743589743589 0.823728813559322 0.7403846153846154 0.8203389830508474 0.7403846153846154 0.8101694915254237 0.7467948717948718 0.8033898305084746 0.7467948717948718 0.8 0.7435897435897436 0.7966101694915254 0.7435897435897436 0.7864406779661017 0.7339743589743589 0.7864406779661017 0.7243589743589743 0.7898305084745763 0.7243589743589743 0.7932203389830509 0.7211538461538461 0.7932203389830509 0.717948717948718 0.7966101694915254 0.717948717948718 0.8 0.7147435897435898 0.8169491525423729 0.7147435897435898
2 0.8813559322033898 0.7724358974358975 0.8847457627118644 0.7724358974358975 0.888135593220339 0.7692307692307693 0.8915254237288136 0.7692307692307693 0.8949152542372881 0.7724358974358975 0.9016949152542373 0.7724358974358975 0.9016949152542373 0.782051282051282 0.8983050847457628 0.782051282051282 0.8949152542372881 0.7852564102564102 0.8949152542372881 0.7884615384615384 0.8813559322033898 0.7884615384615384 0.8813559322033898 0.7852564102564102 0.8779661016949153 0.782051282051282 0.8779661016949153 0.7788461538461539 0.8813559322033898 0.7756410256410257
2 0.3050847457627119 0.3717948717948718 0.30847457627118646 0.3814102564102564 0.3050847457627119 0.38461538461538464 0.3050847457627119 0.38782051282051283 0.3016949152542373 0.38782051282051283 0.2983050847457627 0.391025641025641 0.29152542372881357 0.38461538461538464 0.29152542372881357 0.3782051282051282 0.2983050847457627 0.3717948717948718 0.3016949152542373 0.3717948717948718
2 0.28337266680969747 0.3681434599156118 0.0223128084102124 0.02320675105485232
2 0.23389830508474577 0.4166666666666667 0.23389830508474577 0.40705128205128205 0.24067796610169492 0.40064102564102566 0.25084745762711863 0.40064102564102566 0.2542372881355932 0.40384615384615385 0.2576271186440678 0.40384615384615385 0.2576271186440678 0.41346153846153844 0.25084745762711863 0.4198717948717949 0.24067796610169492 0.4198717948717949 0.23728813559322035 0.4166666666666667
1 0.8779661016949153 0.8012820512820513 0.888135593220339 0.8108974358974359 0.888135593220339 0.8205128205128205 0.8847457627118644 0.8237179487179487 0.8847457627118644 0.8269230769230769 0.8711864406779661 0.8365384615384616 0.864406779661017 0.8365384615384616 0.8576271186440678 0.8301282051282052 0.8576271186440678 0.8108974358974359 0.8610169491525423 0.8076923076923077 0.8610169491525423 0.8044871794871795 0.8677966101694915 0.8044871794871795 0.8711864406779661 0.8012820512820513 0.8745762711864407 0.8012820512820513
2 0.9389830508474576 0.7724358974358975 0.9389830508474576 0.782051282051282 0.9288135593220339 0.7916666666666666 0.9152542372881356 0.7916666666666666 0.911864406779661 0.7884615384615384 0.911864406779661 0.782051282051282 0.9220338983050848 0.7692307692307693 0.9322033898305084 0.7692307692307693 0.9355932203389831 0.7724358974358975
1 0.8915254237288136 0.7371794871794872 0.9016949152542373 0.7371794871794872 0.911864406779661 0.7307692307692307 0.9220338983050848 0.7307692307692307 0.9288135593220339 0.7371794871794872 0.9322033898305084 0.7371794871794872 0.9322033898305084 0.7564102564102564 0.9288135593220339 0.7564102564102564 0.9254237288135593 0.7596153846153846 0.9254237288135593 0.7628205128205128 0.9220338983050848 0.7628205128205128 0.9186440677966101 0.7660256410256411 0.8983050847457628 0.7660256410256411 0.8949152542372881 0.7628205128205128 0.8915254237288136 0.7628205128205128 0.8847457627118644 0.7564102564102564 0.8847457627118644 0.7435897435897436 0.888135593220339 0.7435897435897436 0.8915254237288136 0.7403846153846154
1 0.5276979189015233 0.7183544303797468 0.0334692126153186 0.040084388185654005
2 0.6542372881355932 0.7692307692307693 0.6508474576271186 0.7596153846153846 0.6576271186440678 0.7532051282051282 0.6610169491525424 0.7532051282051282 0.6677966101694915 0.7596153846153846 0.6677966101694915 0.7660256410256411 0.6644067796610169 0.7692307692307693 0.6576271186440678 0.7692307692307693
1 0.6794250160909675 0.7246835443037974 0.03793177429736108 0.040084388185654005
1 0.07457627118644068 0.7852564102564102 0.07457627118644068 0.782051282051282 0.06779661016949153 0.7756410256410257 0.06779661016949153 0.7660256410256411 0.07796610169491526 0.75 0.09491525423728814 0.75 0.1016949152542373 0.7564102564102564 0.1016949152542373 0.7756410256410257 0.09830508474576272 0.7756410256410257 0.09152542372881356 0.7852564102564102 0.07796610169491526 0.7852564102564102
2 0.11186440677966102 0.7660256410256411 0.1288135593220339 0.7660256410256411 0.1288135593220339 0.7788461538461539 0.12542372881355932 0.782051282051282 0.11864406779661017 0.782051282051282 0.1152542372881356 0.7788461538461539 0.11186440677966102 0.7788461538461539 0.10847457627118644 0.7756410256410257 0.10847457627118644 0.7724358974358975 0.11186440677966102 0.7692307692307693
2 0.847457627118644 0.5993589743589743 0.847457627118644 0.6025641025641025 0.8508474576271187 0.6057692307692307 0.847457627118644 0.6153846153846154 0.8406779661016949 0.6153846153846154 0.8406779661016949 0.6121794871794872 0.8372881355932204 0.6089743589743589 0.8372881355932204 0.6025641025641025 0.8406779661016949 0.5993589743589743 0.8440677966101695 0.5993589743589743
2 0.43728813559322033 0.7147435897435898 0.4406779661016949 0.717948717948718 0.4406779661016949 0.7243589743589743 0.4440677966101695 0.7275641025641025 0.4440677966101695 0.7307692307692307 0.4406779661016949 0.7339743589743589 0.43728813559322033 0.7339743589743589 0.43389830508474575 0.7371794871794872 0.43389830508474575 0.7403846153846154 0.4271186440677966 0.7403846153846154 0.423728813559322 0.7371794871794872 0.423728813559322 0.7275641025641025 0.4271186440677966 0.7243589743589743 0.4271186440677966 0.717948717948718 0.43050847457627117 0.7147435897435898 0.43389830508474575 0.7147435897435898
2 0.46779661016949153 0.7532051282051282 0.4711864406779661 0.7564102564102564 0.4711864406779661 0.7692307692307693 0.46779661016949153 0.7692307692307693 0.46440677966101696 0.7724358974358975 0.4610169491525424 0.7692307692307693 0.4576271186440678 0.7692307692307693 0.4576271186440678 0.7564102564102564 0.4610169491525424 0.7532051282051282 0.46440677966101696 0.7532051282051282
2 0.49491525423728816 0.7275641025641025 0.5016949152542373 0.7275641025641025 0.5084745762711864 0.7339743589743589 0.5084745762711864 0.7403846153846154 0.5050847457627119 0.7435897435897436 0.5050847457627119 0.7467948717948718 0.49491525423728816 0.7467948717948718 0.49491525423728816 0.7307692307692307
1 0.46440677966101696 0.6730769230769231 0.46779661016949153 0.6730769230769231 0.4711864406779661 0.6762820512820513 0.4847457627118644 0.6762820512820513 0.4915254237288136 0.6826923076923077 0.4915254237288136 0.6891025641025641 0.49491525423728816 0.6923076923076923 0.49491525423728816 0.7019230769230769 0.488135593220339 0.7083333333333334 0.4847457627118644 0.7083333333333334 0.48135593220338985 0.7115384615384616 0.46779661016949153 0.7115384615384616 0.4576271186440678 0.7019230769230769 0.4576271186440678 0.6794871794871795 0.4610169491525424 0.6794871794871795 0.46440677966101696 0.6762820512820513
1 0.8542372881355932 0.02564102564102564 0.8610169491525423 0.03205128205128205 0.8610169491525423 0.05128205128205128 0.8576271186440678 0.05448717948717949 0.8338983050847457 0.05448717948717949 0.8271186440677966 0.04807692307692308 0.8271186440677966 0.03205128205128205 0.8305084745762712 0.028846153846153848 0.8372881355932204 0.028846153846153848 0.8406779661016949 0.02564102564102564 0.8508474576271187 0.02564102564102564
2 0.9152542372881356 0.08012820512820513 0.9220338983050848 0.08653846153846154 0.9220338983050848 0.09935897435897435 0.9186440677966101 0.10256410256410256 0.9084745762711864 0.10256410256410256 0.9050847457627119 0.09935897435897435 0.9050847457627119 0.08333333333333333 0.9084745762711864 0.08012820512820513 0.911864406779661 0.08012820512820513
2 0.39661016949152544 0.035256410256410256 0.39661016949152544 0.022435897435897436 0.4 0.019230769230769232 0.4101694915254237 0.019230769230769232 0.4135593220338983 0.022435897435897436 0.4135593220338983 0.035256410256410256 0.4 0.035256410256410256
2 0.3694915254237288 0 0.376271186440678 0.00641025641025641 0.376271186440678 0.016025641025641024 0.3728813559322034 0.019230769230769232 0.36271186440677966 0.019230769230769232 0.3593220338983051 0.016025641025641024 0.3593220338983051 0.003205128205128205 0.36271186440677966 0 0.36610169491525424 0
2 0.44290924694271616 0.009493670886075948 0.02454408925123364 0.018987341772151896