1 0.5865384615384616 0.44285714285714284 0.592948717948718 0.4523809523809524 0.592948717948718 0.4857142857142857 0.5897435897435898 0.49047619047619045 0.5897435897435898 0.49523809523809526 0.5801282051282052 0.5095238095238095 0.5769230769230769 0.5095238095238095 0.5737179487179487 0.5142857142857142 0.5576923076923077 0.5142857142857142 0.5544871794871795 0.5095238095238095 0.5512820512820513 0.5095238095238095 0.5416666666666666 0.49523809523809526 0.5416666666666666 0.4857142857142857 0.5384615384615384 0.48095238095238096 0.5384615384615384 0.46190476190476193 0.5416666666666666 0.45714285714285713 0.5416666666666666 0.4523809523809524 0.5480769230769231 0.44285714285714284 0.5833333333333334 0.44285714285714284
0 0.6891025641025641 0.7238095238095238 0.6923076923076923 0.7285714285714285 0.6923076923076923 0.7333333333333333 0.6955128205128205 0.7380952380952381 0.7051282051282052 0.7428571428571429 0.7051282051282052 0.7476190476190476 0.7115384615384616 0.7571428571428571 0.7115384615384616 0.7952380952380952 0.7083333333333334 0.8 0.7019230769230769 0.8238095238095238 0.6955128205128205 0.8333333333333334 0.6923076923076923 0.8333333333333334 0.6891025641025641 0.8380952380952381 0.6858974358974359 0.8380952380952381 0.6826923076923077 0.8333333333333334 0.6666666666666666 0.8333333333333334 0.6634615384615384 0.8380952380952381 0.6602564102564102 0.8380952380952381 0.6538461538461539 0.8476190476190476 0.6442307692307693 0.8476190476190476 0.6410256410256411 0.8428571428571429 0.6378205128205128 0.8428571428571429 0.6346153846153846 0.8380952380952381 0.6314102564102564 0.8238095238095238 0.625 0.8142857142857143 0.625 0.8095238095238095 0.6217948717948718 0.8047619047619048 0.6185897435897436 0.8047619047619048 0.6121794871794872 0.7952380952380952 0.6089743589743589 0.7952380952380952 0.6089743589743589 0.7904761904761904 0.6057692307692307 0.7857142857142857 0.6057692307692307 0.7666666666666667 0.6089743589743589 0.7619047619047619 0.6089743589743589 0.7476190476190476 0.6153846153846154 0.7380952380952381 0.6153846153846154 0.7285714285714285 0.6314102564102564 0.7142857142857143 0.6474358974358975 0.7142857142857143 0.6506410256410257 0.719047619047619 0.6826923076923077 0.719047619047619 0.6858974358974359 0.7238095238095238
1 0.8539576365663322 0.9151138716356108 0.042363433667781496 0.07784679089026914
1 0.7211538461538461 0.9285714285714286 0.7243589743589743 0.9333333333333333 0.7275641025641025 0.9333333333333333 0.7339743589743589 0.9428571428571428 0.7339743589743589 0.9666666666666667 0.7307692307692307 0.9714285714285714 0.7307692307692307 0.9761904761904762 0.7243589743589743 0.9857142857142858 0.7051282051282052 0.9857142857142858 0.6955128205128205 0.9761904761904762 0.6955128205128205 0.9476190476190476 0.6987179487179487 0.9428571428571428 0.6987179487179487 0.9380952380952381 0.7083333333333334 0.9285714285714286 0.717948717948718 0.9285714285714286
1 0.842948717948718 0 0.8493589743589743 0.009523809523809525 0.8493589743589743 0.01904761904761905 0.8525641025641025 0.023809523809523808 0.8525641025641025 0.02857142857142857 0.8493589743589743 0.03333333333333333 0.8493589743589743 0.04285714285714286 0.8461538461538461 0.047619047619047616 0.842948717948718 0.06190476190476191 0.8333333333333334 0.07142857142857142 0.8108974358974359 0.07142857142857142 0.7948717948717948 0.047619047619047616 0.7948717948717948 0.01904761904761905 0.7980769230769231 0.014285714285714285 0.7980769230769231 0.009523809523809525 0.8044871794871795 0 0.8397435897435898 0
1 0.8818283166109253 0.20372670807453416 0.033444816053511704 0.04968944099378882
1 0.10576923076923077 0.5857142857142857 0.10897435897435898 0.5904761904761905 0.11217948717948718 0.5904761904761905 0.11217948717948718 0.5952380952380952 0.11538461538461539 0.6 0.11538461538461539 0.6190476190476191 0.11217948717948718 0.6238095238095238 0.11217948717948718 0.6333333333333333 0.10256410256410256 0.6476190476190476 0.07692307692307693 0.6476190476190476 0.07371794871794872 0.6428571428571429 0.07051282051282051 0.6428571428571429 0.0641025641025641 0.6333333333333333 0.0641025641025641 0.6047619047619047 0.07371794871794872 0.5904761904761905 0.07692307692307693 0.5904761904761905 0.08012820512820513 0.5857142857142857 0.10256410256410256 0.5857142857142857
1 0.25961538461538464 0.5047619047619047 0.266025641025641 0.5142857142857142 0.266025641025641 0.5190476190476191 0.2692307692307692 0.5238095238095238 0.2692307692307692 0.5333333333333333 0.266025641025641 0.5380952380952381 0.266025641025641 0.5428571428571428 0.2564102564102564 0.5571428571428572 0.23717948717948717 0.5571428571428572 0.23397435897435898 0.5523809523809524 0.23076923076923078 0.5523809523809524 0.23076923076923078 0.5476190476190477 0.22435897435897437 0.5333333333333333 0.22435897435897437 0.5238095238095238 0.23397435897435898 0.5095238095238095 0.23717948717948717 0.5095238095238095 0.2403846153846154 0.5047619047619047 0.2564102564102564 0.5047619047619047
1 0.22115384615384615 0.5619047619047619 0.22756410256410256 0.5714285714285714 0.22756410256410256 0.6 0.21794871794871795 0.6142857142857143 0.20833333333333334 0.6142857142857143 0.20512820512820512 0.6190476190476191 0.20192307692307693 0.6190476190476191 0.1987179487179487 0.6142857142857143 0.19230769230769232 0.6142857142857143 0.1891025641025641 0.6095238095238096 0.1891025641025641 0.6 0.1858974358974359 0.5952380952380952 0.1858974358974359 0.5571428571428572 0.19230769230769232 0.5476190476190477 0.20833333333333334 0.5476190476190477 0.21794871794871795 0.5619047619047619
2 0.041666666666666664 0.7857142857142857 0.04807692307692308 0.7857142857142857 0.04807692307692308 0.8047619047619048 0.04487179487179487 0.8047619047619048 0.041666666666666664 0.8 0.041666666666666664 0.7904761904761904
2 0.05072463768115945 0.8223602484472049 0.0189520624303233 0.02815734989648033
2 0.1858974358974359 0.919047619047619 0.1891025641025641 0.9238095238095239 0.19230769230769232 0.9238095238095239 0.19230769230769232 0.9380952380952381 0.1891025641025641 0.9428571428571428 0.1794871794871795 0.9428571428571428 0.1762820512820513 0.9380952380952381 0.1762820512820513 0.9238095238095239 0.1794871794871795 0.919047619047619 0.18269230769230768 0.919047619047619
2 0.13782051282051283 0.680952380952381 0.14102564102564102 0.6857142857142857 0.14102564102564102 0.6952380952380952 0.13782051282051283 0.7 0.1282051282051282 0.7 0.1282051282051282 0.6857142857142857 0.13141025641025642 0.680952380952381 0.1346153846153846 0.680952380952381
2 0.05462653288740244 0.693167701863354 0.02229654403567447 0.044720496894409933
2 0.14743589743589744 0.45714285714285713 0.14743589743589744 0.4523809523809524 0.14423076923076922 0.44761904761904764 0.14423076923076922 0.4380952380952381 0.14743589743589744 0.43333333333333335 0.15705128205128205 0.43333333333333335 0.16025641025641027 0.4380952380952381 0.16025641025641027 0.4523809523809524 0.15705128205128205 0.45714285714285713 0.15064102564102563 0.45714285714285713
1 0.16666666666666666 0.4380952380952381 0.1794871794871795 0.4380952380952381 0.1858974358974359 0.44761904761904764 0.1858974358974359 0.4666666666666667 0.1794871794871795 0.47619047619047616 0.17307692307692307 0.47619047619047616 0.16987179487179488 0.4714285714285714 0.16666666666666666 0.4714285714285714 0.16666666666666666 0.4666666666666667 0.16346153846153846 0.46190476190476193 0.16346153846153846 0.44761904761904764 0.16666666666666666 0.44285714285714284
1 0.3108974358974359 0.05238095238095238 0.3141025641025641 0.05714285714285714 0.3173076923076923 0.05714285714285714 0.32371794871794873 0.06666666666666667 0.3269230769230769 0.06666666666666667 0.3301282051282051 0.07142857142857142 0.3301282051282051 0.08095238095238096 0.3333333333333333 0.08571428571428572 0.3333333333333333 0.10952380952380952 0.3301282051282051 0.11428571428571428 0.3301282051282051 0.11904761904761904 0.32371794871794873 0.12857142857142856 0.32051282051282054 0.12857142857142856 0.3173076923076923 0.13333333333333333 0.30128205128205127 0.13333333333333333 0.2980769230769231 0.12857142857142856 0.2948717948717949 0.12857142857142856 0.28205128205128205 0.10952380952380952 0.28205128205128205 0.0761904761904762 0.28846153846153844 0.06666666666666667 0.2916666666666667 0.05238095238095238 0.2948717948717949 0.047619047619047616 0.30448717948717946 0.047619047619047616 0.3076923076923077 0.05238095238095238
1 0.6730769230769231 0.01904761904761905 0.6762820512820513 0.023809523809523808 0.6826923076923077 0.023809523809523808 0.6923076923076923 0.0380952380952381 0.6923076923076923 0.047619047619047616 0.6955128205128205 0.05238095238095238 0.6955128205128205 0.05714285714285714 0.6891025641025641 0.06666666666666667 0.6698717948717948 0.06666666666666667 0.6538461538461539 0.05238095238095238 0.6538461538461539 0.03333333333333333 0.6602564102564102 0.023809523809523808 0.6698717948717948 0.01904761904761905
1 0.8557692307692307 0.30952380952380953 0.8589743589743589 0.3142857142857143 0.8589743589743589 0.32857142857142857 0.8621794871794872 0.3333333333333333 0.8621794871794872 0.3476190476190476 0.8589743589743589 0.3523809523809524 0.8493589743589743 0.3523809523809524 0.8461538461538461 0.3476190476190476 0.842948717948718 0.3476190476190476 0.8397435897435898 0.34285714285714286 0.8397435897435898 0.3333333333333333 0.8365384615384616 0.32857142857142857 0.8365384615384616 0.319047619047619 0.842948717948718 0.30952380952380953 0.8525641025641025 0.30952380952380953
1 0.9464882943143812 0.462111801242236 0.03567447045707915 0.0463768115942029
2 0.7586399108138239 0.3784679089026915 0.014492753623188404 0.034782608695652174
2 0.7211538461538461 0.3619047619047619 0.7307692307692307 0.35714285714285715 0.7371794871794872 0.36666666666666664 0.7371794871794872 0.38571428571428573 0.7339743589743589 0.38571428571428573 0.7307692307692307 0.3904761904761905 0.7275641025641025 0.3904761904761905 0.7211538461538461 0.38095238095238093 0.7211538461538461 0.36666666666666664
1 0.358974358974359 0.15714285714285714 0.36538461538461536 0.16666666666666666 0.36538461538461536 0.19523809523809524 0.36217948717948717 0.2 0.34615384615384615 0.2 0.34294871794871795 0.19523809523809524 0.33974358974358976 0.19523809523809524 0.33974358974358976 0.16666666666666666 0.34615384615384615 0.15714285714285714 0.3557692307692308 0.15714285714285714
1 0.4166666666666667 0.6666666666666666 0.42948717948717946 0.6666666666666666 0.4391025641025641 0.680952380952381 0.4391025641025641 0.6857142857142857 0.4358974358974359 0.6904761904761905 0.4358974358974359 0.6952380952380952 0.4391025641025641 0.7 0.4358974358974359 0.7047619047619048 0.4358974358974359 0.7095238095238096 0.4326923076923077 0.7142857142857143 0.4198717948717949 0.7142857142857143 0.41025641025641024 0.6904761904761905 0.41025641025641024 0.6857142857142857 0.4166666666666667 0.6714285714285714
1 0.09294871794871795 0.3238095238095238 0.09615384615384616 0.32857142857142857 0.09615384615384616 0.3523809523809524 0.08974358974358974 0.3619047619047619 0.07692307692307693 0.3619047619047619 0.07371794871794872 0.35714285714285715 0.07051282051282051 0.35714285714285715 0.07051282051282051 0.3333333333333333 0.08012820512820513 0.3238095238095238 0.08974358974358974 0.3238095238095238
1 0.2692307692307692 0.10952380952380952 0.2692307692307692 0.11428571428571428 0.2724358974358974 0.11904761904761904 0.2724358974358974 0.14285714285714285 0.2692307692307692 0.14761904761904762 0.2692307692307692 0.1523809523809524 0.266025641025641 0.1523809523809524 0.26282051282051283 0.15714285714285714 0.2564102564102564 0.15714285714285714 0.2532051282051282 0.1523809523809524 0.25 0.1523809523809524 0.24358974358974358 0.14285714285714285 0.24358974358974358 0.11428571428571428 0.2532051282051282 0.10476190476190476 0.26282051282051283 0.10476190476190476 0.266025641025641 0.10952380952380952
1 0.09615384615384616 0.1 0.09935897435897435 0.10476190476190476 0.09935897435897435 0.12857142857142856 0.09294871794871795 0.12857142857142856 0.08974358974358974 0.13333333333333333 0.08012820512820513 0.12857142857142856 0.08012820512820513 0.12380952380952381 0.07692307692307693 0.11904761904761904 0.07692307692307693 0.10952380952380952 0.08333333333333333 0.1 0.09294871794871795 0.1
1 0.3525641025641026 0.7619047619047619 0.3557692307692308 0.7666666666666667 0.3557692307692308 0.7714285714285715 0.3525641025641026 0.7761904761904762 0.3525641025641026 0.7857142857142857 0.34935897435897434 0.7857142857142857 0.34615384615384615 0.7904761904761904 0.34294871794871795 0.7857142857142857 0.33653846153846156 0.7857142857142857 0.3333333333333333 0.780952380952381 0.3333333333333333 0.7714285714285715 0.33974358974358976 0.7619047619047619 0.34935897435897434 0.7619047619047619
1 0.09294871794871795 0.7333333333333333 0.09935897435897435 0.7333333333333333 0.10256410256410256 0.7380952380952381 0.10576923076923077 0.7380952380952381 0.10897435897435898 0.7428571428571429 0.10897435897435898 0.7476190476190476 0.11538461538461539 0.7571428571428571 0.11538461538461539 0.7714285714285715 0.11217948717948718 0.7761904761904762 0.10256410256410256 0.7761904761904762 0.09935897435897435 0.7714285714285715 0.09615384615384616 0.7714285714285715 0.09615384615384616 0.7666666666666667 0.09294871794871795 0.7619047619047619 0.09294871794871795 0.7380952380952381
2 0.6237458193979933 0.8314699792960663 0.023411371237458192 0.043064182194616975
1 0.5673076923076923 0.8809523809523809 0.5673076923076923 0.8571428571428571 0.5737179487179487 0.8428571428571429 0.5897435897435898 0.8428571428571429 0.5961538461538461 0.8571428571428571 0.5961538461538461 0.8761904761904762 0.5897435897435898 0.8857142857142857 0.5769230769230769 0.8857142857142857 0.5737179487179487 0.8809523809523809 0.5705128205128205 0.8809523809523809
2 0.46209587513935346 0.798343685300207 0.01003344481605351 0.02318840579710145
2 0.19230769230769232 0.7761904761904762 0.1955128205128205 0.780952380952381 0.1955128205128205 0.7952380952380952 0.19230769230769232 0.8 0.19230769230769232 0.8047619047619048 0.1891025641025641 0.8047619047619048 0.1858974358974359 0.8 0.1858974358974359 0.7857142857142857 0.1891025641025641 0.780952380952381
2 0.21474358974358973 0.638095238095238 0.21474358974358973 0.6523809523809524 0.20833333333333334 0.6523809523809524 0.20512820512820512 0.6476190476190476 0.20512820512820512 0.6428571428571429 0.20833333333333334 0.638095238095238 0.21153846153846154 0.638095238095238
2 0.1891025641025641 0.6571428571428571 0.1955128205128205 0.6571428571428571 0.1955128205128205 0.6714285714285714 0.19230769230769232 0.6761904761904762 0.1891025641025641 0.6714285714285714 0.1891025641025641 0.6619047619047619
2 0.07692307692307693 0.4857142857142857 0.08333333333333333 0.5 0.08333333333333333 0.5095238095238095 0.08012820512820513 0.5142857142857142 0.07371794871794872 0.5142857142857142 0.0673076923076923 0.5047619047619047 0.0673076923076923 0.49523809523809526 0.07051282051282051 0.49047619047619045 0.07371794871794872 0.49047619047619045
1 0.02564102564102564 0.3047619047619048 0.03205128205128205 0.3047619047619048 0.035256410256410256 0.30952380952380953 0.038461538461538464 0.30952380952380953 0.04487179487179487 0.319047619047619 0.04487179487179487 0.3380952380952381 0.041666666666666664 0.34285714285714286 0.041666666666666664 0.3476190476190476 0.038461538461538464 0.3476190476190476 0.035256410256410256 0.3523809523809524 0.028846153846153848 0.3523809523809524 0.019230769230769232 0.3380952380952381 0.019230769230769232 0.3238095238095238 0.02564102564102564 0.3142857142857143 0.02564102564102564 0.30952380952380953
2 0.2948717948717949 0.37142857142857144 0.2948717948717949 0.38571428571428573 0.2916666666666667 0.38571428571428573 0.28846153846153844 0.3904761904761905 0.28525641025641024 0.38571428571428573 0.28205128205128205 0.38571428571428573 0.28205128205128205 0.38095238095238093 0.28846153846153844 0.37142857142857144 0.2916666666666667 0.37142857142857144
2 0.15384615384615385 0.12380952380952381 0.16346153846153846 0.12380952380952381 0.16666666666666666 0.11904761904761904 0.1762820512820513 0.11904761904761904 0.1794871794871795 0.12380952380952381 0.1794871794871795 0.13333333333333333 0.1762820512820513 0.1380952380952381 0.1762820512820513 0.14285714285714285 0.16987179487179488 0.1523809523809524 0.16025641025641027 0.1523809523809524 0.15384615384615385 0.14285714285714285 0.15384615384615385 0.12857142857142856
0 0.4935897435897436 0.3523809523809524 0.4967948717948718 0.35714285714285715 0.5064102564102564 0.35714285714285715 0.5096153846153846 0.3619047619047619 0.5128205128205128 0.3619047619047619 0.5192307692307693 0.37142857142857144 0.5192307692307693 0.3761904761904762 0.5224358974358975 0.38095238095238093 0.5224358974358975 0.43333333333333335 0.5192307692307693 0.4380952380952381 0.5192307692307693 0.44285714285714284 0.5160256410256411 0.44285714285714284 0.5128205128205128 0.44761904761904764 0.5128205128205128 0.4523809523809524 0.5096153846153846 0.45714285714285713 0.5096153846153846 0.4666666666666667 0.5032051282051282 0.47619047619047616 0.4967948717948718 0.47619047619047616 0.48717948717948717 0.46190476190476193 0.4807692307692308 0.4380952380952381 0.47115384615384615 0.4238095238095238 0.47115384615384615 0.4095238095238095 0.46794871794871795 0.40476190476190477 0.46794871794871795 0.38571428571428573 0.47115384615384615 0.38095238095238093 0.47115384615384615 0.37142857142857144 0.47435897435897434 0.36666666666666664 0.47435897435897434 0.3619047619047619 0.4775641025641026 0.35714285714285715 0.483974358974359 0.35714285714285715 0.48717948717948717 0.3523809523809524 0.49038461538461536 0.3523809523809524
1 0.7664437012263099 0.23354037267080743 0.021181716833890748 0.043064182194616975
1 0.9038461538461539 0.10952380952380952 0.907051282051282 0.11428571428571428 0.9102564102564102 0.11428571428571428 0.9166666666666666 0.12380952380952381 0.9166666666666666 0.14761904761904762 0.9102564102564102 0.1619047619047619 0.8974358974358975 0.1619047619047619 0.8942307692307693 0.15714285714285714 0.8910256410256411 0.15714285714285714 0.8910256410256411 0.14761904761904762 0.8878205128205128 0.14285714285714285 0.8878205128205128 0.12380952380952381 0.8910256410256411 0.11904761904761904 0.8910256410256411 0.11428571428571428 0.9006410256410257 0.10952380952380952
1 0.5737179487179487 0.19523809523809524 0.5801282051282052 0.20476190476190476 0.5833333333333334 0.20476190476190476 0.5833333333333334 0.20952380952380953 0.5865384615384616 0.21428571428571427 0.5865384615384616 0.2619047619047619 0.5801282051282052 0.2714285714285714 0.5512820512820513 0.2714285714285714 0.5480769230769231 0.26666666666666666 0.5448717948717948 0.26666666666666666 0.5384615384615384 0.2571428571428571 0.5384615384615384 0.24761904761904763 0.5352564102564102 0.24285714285714285 0.5352564102564102 0.20952380952380953 0.5416666666666666 0.19523809523809524 0.5480769230769231 0.19523809523809524 0.5512820512820513 0.19047619047619047 0.5673076923076923 0.19047619047619047 0.5705128205128205 0.19523809523809524
0 0.4464882943143813 0.1225672877846791 0.07023411371237458 0.09937888198757765
1 0.1762820512820513 0.2904761904761905 0.1858974358974359 0.3047619047619048 0.1858974358974359 0.3238095238095238 0.18269230769230768 0.32857142857142857 0.1794871794871795 0.34285714285714286 0.16987179487179488 0.35714285714285715 0.16025641025641027 0.35714285714285715 0.15384615384615385 0.34285714285714286 0.15384615384615385 0.3333333333333333 0.15705128205128205 0.32857142857142857 0.15705128205128205 0.3 0.16346153846153846 0.2904761904761905 0.17307692307692307 0.2904761904761905
2 0.08862876254180609 0.801656314699793 0.0189520624303233 0.02650103519668737
1 0.8249721293199553 0.48778467908902695 0.026755852842809364 0.034782608695652174
2 0.8076923076923077 0.1 0.8076923076923077 0.10476190476190476 0.8108974358974359 0.10952380952380952 0.8108974358974359 0.12857142857142856 0.8012820512820513 0.12857142857142856 0.7980769230769231 0.12380952380952381 0.7980769230769231 0.10476190476190476 0.8012820512820513 0.1 0.8044871794871795 0.1
2 0.4423076923076923 0.18571428571428572 0.4423076923076923 0.19523809523809524 0.44551282051282054 0.2 0.44551282051282054 0.20952380952380953 0.4391025641025641 0.21904761904761905 0.4326923076923077 0.21904761904761905 0.42948717948717946 0.21428571428571427 0.42628205128205127 0.21428571428571427 0.42628205128205127 0.19047619047619047 0.42948717948717946 0.18571428571428572 0.4391025641025641 0.18571428571428572
2 0.41025641025641024 0.5952380952380952 0.4198717948717949 0.6047619047619047 0.41346153846153844 0.6142857142857143 0.40705128205128205 0.6142857142857143 0.40384615384615385 0.6095238095238096 0.40384615384615385 0.6047619047619047 0.40705128205128205 0.6
2 0.625 0.5666666666666667 0.6314102564102564 0.5666666666666667 0.6346153846153846 0.5714285714285714 0.6378205128205128 0.5714285714285714 0.6442307692307693 0.5857142857142857 0.6442307692307693 0.6 0.6346153846153846 0.6 0.6282051282051282 0.5904761904761905 0.6282051282051282 0.5857142857142857 0.625 0.580952380952381 0.625 0.5714285714285714
2 0.7756410256410257 0.580952380952381 0.7756410256410257 0.5714285714285714 0.7788461538461539 0.5666666666666667 0.7788461538461539 0.5619047619047619 0.7852564102564102 0.5523809523809524 0.7884615384615384 0.5523809523809524 0.7948717948717948 0.5619047619047619 0.7948717948717948 0.5714285714285714 0.7916666666666666 0.5761904761904761 0.7916666666666666 0.580952380952381 0.7788461538461539 0.580952380952381
2 0.7831661092530658 0.5167701863354037 0.01003344481605351 0.016563146997929608
1 0.7852564102564102 0.6714285714285714 0.7916666666666666 0.6857142857142857 0.7916666666666666 0.7 0.7884615384615384 0.7047619047619048 0.7884615384615384 0.7095238095238096 0.782051282051282 0.719047619047619 0.7756410256410257 0.719047619047619 0.7724358974358975 0.7238095238095238 0.7660256410256411 0.7238095238095238 0.7628205128205128 0.719047619047619 0.7532051282051282 0.719047619047619 0.75 0.7142857142857143 0.75 0.6952380952380952 0.7564102564102564 0.680952380952381 0.7596153846153846 0.680952380952381 0.7628205128205128 0.6761904761904762 0.7692307692307693 0.6761904761904762 0.7724358974358975 0.6714285714285714 0.782051282051282 0.6714285714285714
1 0.5865384615384616 0.7428571428571429 0.5897435897435898 0.7476190476190476 0.592948717948718 0.7476190476190476 0.5993589743589743 0.7619047619047619 0.5993589743589743 0.7714285714285715 0.592948717948718 0.780952380952381 0.5801282051282052 0.780952380952381 0.5769230769230769 0.7761904761904762 0.5769230769230769 0.7476190476190476 0.5801282051282052 0.7428571428571429 0.5833333333333334 0.7428571428571429
1 0.34294871794871795 0.6761904761904762 0.34615384615384615 0.6761904761904762 0.34935897435897434 0.6714285714285714 0.36538461538461536 0.6714285714285714 0.375 0.680952380952381 0.375 0.6904761904761905 0.3717948717948718 0.6904761904761905 0.3685897435897436 0.6952380952380952 0.34935897435897434 0.6952380952380952 0.34615384615384615 0.6904761904761905 0.34294871794871795 0.6904761904761905 0.34294871794871795 0.680952380952381
1 0.592948717948718 0.32857142857142857 0.592948717948718 0.3238095238095238 0.5865384615384616 0.30952380952380953 0.5865384615384616 0.3 0.592948717948718 0.2904761904761905 0.6025641025641025 0.2904761904761905 0.6057692307692307 0.29523809523809524 0.6057692307692307 0.3047619047619048 0.6089743589743589 0.30952380952380953 0.6089743589743589 0.3238095238095238 0.6057692307692307 0.32857142857142857 0.5961538461538461 0.32857142857142857
1 0.4002229654403568 0.35942028985507246 0.04013377926421404 0.0761904761904762
2 0.4967948717948718 0.1 0.5 0.10476190476190476 0.5 0.11428571428571428 0.4967948717948718 0.11904761904761904 0.483974358974359 0.11904761904761904 0.4807692307692308 0.11428571428571428 0.4807692307692308 0.10476190476190476 0.483974358974359 0.1 0.4935897435897436 0.1
2 0.5032051282051282 0.1380952380952381 0.5096153846153846 0.14761904761904762 0.5064102564102564 0.1619047619047619 0.49038461538461536 0.1619047619047619 0.48717948717948717 0.15714285714285714 0.48717948717948717 0.14285714285714285 0.49038461538461536 0.1380952380952381 0.5 0.1380952380952381
2 0.36217948717948717 0.35714285714285715 0.36538461538461536 0.3619047619047619 0.36538461538461536 0.38095238095238093 0.358974358974359 0.3904761904761905 0.34615384615384615 0.3904761904761905 0.34294871794871795 0.38571428571428573 0.34294871794871795 0.3619047619047619 0.3525641025641026 0.3523809523809524 0.3557692307692308 0.3523809523809524 0.358974358974359 0.35714285714285715
2 0.6826923076923077 0.6095238095238096 0.6923076923076923 0.6190476190476191 0.6923076923076923 0.6333333333333333 0.6891025641025641 0.638095238095238 0.6666666666666666 0.638095238095238 0.6602564102564102 0.6285714285714286 0.6602564102564102 0.6238095238095238 0.6698717948717948 0.6095238095238096 0.6794871794871795 0.6095238095238096
2 0.5288461538461539 0.6476190476190476 0.532051282051282 0.6476190476190476 0.5352564102564102 0.6428571428571429 0.5384615384615384 0.6428571428571429 0.5416666666666666 0.6476190476190476 0.5416666666666666 0.6666666666666666 0.5352564102564102 0.680952380952381 0.5288461538461539 0.680952380952381 0.5256410256410257 0.6761904761904762 0.5256410256410257 0.6619047619047619 0.5288461538461539 0.6571428571428571 0.5288461538461539 0.6523809523809524
2 0.3814102564102564 0.5952380952380952 0.38461538461538464 0.6 0.38461538461538464 0.6047619047619047 0.3814102564102564 0.6095238095238096 0.375 0.6095238095238096 0.36538461538461536 0.6 0.3685897435897436 0.5952380952380952 0.3782051282051282 0.5952380952380952
1 0.3076923076923077 0.18095238095238095 0.3173076923076923 0.19047619047619047 0.3173076923076923 0.20952380952380953 0.3141025641025641 0.21428571428571427 0.3141025641025641 0.21904761904761905 0.30128205128205127 0.21904761904761905 0.2948717948717949 0.20952380952380953 0.2948717948717949 0.20476190476190476 0.2916666666666667 0.2 0.2916666666666667 0.19523809523809524 0.30128205128205127 0.18095238095238095 0.30448717948717946 0.18095238095238095
2 0.6314102564102564 0.40476190476190477 0.6378205128205128 0.4142857142857143 0.6378205128205128 0.4238095238095238 0.6314102564102564 0.43333333333333335 0.6217948717948718 0.43333333333333335 0.6217948717948718 0.4095238095238095 0.625 0.40476190476190477 0.6282051282051282 0.40476190476190477
1 0.7371794871794872 0.49523809523809526 0.7467948717948718 0.5095238095238095 0.7467948717948718 0.5142857142857142 0.75 0.5190476190476191 0.75 0.5476190476190477 0.7403846153846154 0.5619047619047619 0.7371794871794872 0.5619047619047619 0.7339743589743589 0.5666666666666667 0.7275641025641025 0.5666666666666667 0.7243589743589743 0.5714285714285714 0.7083333333333334 0.5714285714285714 0.7051282051282052 0.5666666666666667 0.7019230769230769 0.5666666666666667 0.6955128205128205 0.5571428571428572 0.6955128205128205 0.5523809523809524 0.6923076923076923 0.5476190476190477 0.6923076923076923 0.5142857142857142 0.7019230769230769 0.5 0.717948717948718 0.5 0.7275641025641025 0.49047619047619045 0.7307692307692307 0.49047619047619045 0.7339743589743589 0.49523809523809526
2 0.4935897435897436 0.3047619047619048 0.4967948717948718 0.30952380952380953 0.4935897435897436 0.3142857142857143 0.483974358974359 0.3142857142857143 0.4775641025641026 0.3047619047619048 0.4775641025641026 0.3 0.4807692307692308 0.29523809523809524 0.483974358974359 0.29523809523809524 0.49038461538461536 0.3047619047619048
1 0.7788461538461539 0.8333333333333334 0.782051282051282 0.8333333333333334 0.7852564102564102 0.8285714285714286 0.7948717948717948 0.8380952380952381 0.7948717948717948 0.8571428571428571 0.7884615384615384 0.8666666666666667 0.782051282051282 0.8666666666666667 0.7788461538461539 0.861904761904762 0.7788461538461539 0.8571428571428571 0.7756410256410257 0.8523809523809524 0.7756410256410257 0.8428571428571429 0.7788461538461539 0.8380952380952381
2 0.7853957636566332 0.906832298136646 0.01003344481605351 0.014906832298136644
2 0.741917502787068 0.8910973084886128 0.01003344481605351 0.013250517598343685
2 0.7884615384615384 0.9619047619047619 0.7948717948717948 0.9619047619047619 0.7980769230769231 0.9666666666666667 0.7980769230769231 0.9761904761904762 0.7948717948717948 0.9809523809523809 0.7916666666666666 0.9809523809523809 0.7852564102564102 0.9714285714285714 0.7884615384615384 0.9666666666666667
2 0.7814938684503903 0.925879917184265 0.013377926421404682 0.01987577639751553
2 0.8110367892976589 0.9018633540372671 0.01226309921962096 0.014906832298136644
2 0.8205128205128205 0.9095238095238095 0.8205128205128205 0.919047619047619 0.8173076923076923 0.9238095238095239 0.8108974358974359 0.9238095238095239 0.8108974358974359 0.9095238095238095 0.8173076923076923 0.9095238095238095
2 0.8237179487179487 0.8142857142857143 0.8333333333333334 0.8142857142857143 0.8397435897435898 0.8238095238095238 0.8365384615384616 0.8380952380952381 0.8333333333333334 0.8380952380952381 0.8237179487179487 0.8238095238095238 0.8237179487179487 0.819047619047619
2 0.8301282051282052 0.8 0.8301282051282052 0.7857142857142857 0.8333333333333334 0.780952380952381 0.842948717948718 0.780952380952381 0.842948717948718 0.7952380952380952 0.8397435897435898 0.8 0.8333333333333334 0.8
1 0.8717948717948718 0.7571428571428571 0.8846153846153846 0.7571428571428571 0.8878205128205128 0.7619047619047619 0.8878205128205128 0.7761904761904762 0.8814102564102564 0.7904761904761904 0.875 0.7904761904761904 0.8685897435897436 0.780952380952381 0.8685897435897436 0.7666666666666667 0.8717948717948718 0.7619047619047619
1 0.22115384615384615 0.861904761904762 0.22115384615384615 0.8666666666666667 0.22435897435897437 0.8714285714285714 0.22435897435897437 0.8857142857142857 0.22115384615384615 0.8904761904761904 0.20512820512820512 0.8904761904761904 0.20192307692307693 0.8857142857142857 0.1987179487179487 0.8857142857142857 0.19230769230769232 0.8761904761904762 0.19230769230769232 0.8666666666666667 0.1987179487179487 0.8571428571428571 0.21474358974358973 0.8571428571428571 0.21794871794871795 0.861904761904762
1 0.11538461538461539 0.3333333333333333 0.12179487179487179 0.3333333333333333 0.1282051282051282 0.34285714285714286 0.1282051282051282 0.3476190476190476 0.1346153846153846 0.3619047619047619 0.1346153846153846 0.37142857142857144 0.1282051282051282 0.38095238095238093 0.12179487179487179 0.38095238095238093 0.11858974358974358 0.3761904761904762 0.11858974358974358 0.36666666666666664 0.11217948717948718 0.3523809523809524 0.11217948717948718 0.34285714285714286 0.11538461538461539 0.3380952380952381
2 0.8333333333333334 0.23809523809523808 0.8365384615384616 0.24285714285714285 0.8365384615384616 0.2619047619047619 0.8333333333333334 0.26666666666666666 0.8269230769230769 0.26666666666666666 0.8237179487179487 0.2619047619047619 0.8237179487179487 0.24285714285714285 0.8269230769230769 0.23809523809523808 0.8301282051282052 0.23809523809523808
1 0.11538461538461539 0.2571428571428571 0.11858974358974358 0.2571428571428571 0.125 0.26666666666666666 0.14102564102564102 0.26666666666666666 0.15064102564102563 0.28095238095238095 0.14743589743589744 0.2857142857142857 0.14743589743589744 0.2904761904761905 0.14423076923076922 0.29523809523809524 0.14102564102564102 0.29523809523809524 0.13782051282051283 0.2904761904761905 0.1346153846153846 0.2904761904761905 0.1346153846153846 0.2857142857142857 0.1282051282051282 0.2761904761904762 0.11858974358974358 0.2714285714285714 0.11538461538461539 0.26666666666666666 0.11538461538461539 0.2619047619047619