0 0.4792858621794872 0.9177274659685863 0.4792858621794872 0.9391872094240838 0.4895103942307692 0.9570708952879582 0.5099594583333333 0.9654167277486911 0.5333305608974359 0.9642247068062828 0.5552411634615384 0.9487250575916231 0.5705779615384615 0.9296493560209425 0.5749594583333333 0.8950740052356021 0.5749594583333333 0.8640747120418849 0.5625436602564102 0.8342674397905758 0.5479376314102564 0.8378451937172775 0.5304095641025641 0.8485750680628273 0.5194542628205128 0.8569209005235603 0.5112380448717949 0.8652344712041885 0.493891891025641 0.8855361518324607 0.48585862820512826 0.8938819842931938 0.4792858621794872 0.9177274659685863
1 0.7195675673076922 0.17814744502617802 0.7188367980769231 0.21033875916230366 0.7246798333333333 0.25325994240837696 0.7465893974358975 0.2639898115183246 0.7655790032051282 0.2508759005235602 0.7743430352564102 0.23179850261780105 0.7772640320512821 0.19722315183246072 0.7758035352564102 0.16145578010471204 0.7622920993589744 0.1479343403141361 0.7422079006410256 0.1495321937172775 0.7261403333333333 0.15787802617801047 0.7195675673076922 0.17814744502617802
1 0.4551839903846154 0.3522179162303665 0.46979106089743594 0.36175576439790574 0.48804989743589744 0.3569876910994764 0.49024012499999997 0.3224106387434555 0.47709459615384614 0.2937970837696335 0.4655914775641026 0.29258638743455495 0.4610270256410256 0.3009509005235602 0.45080249358974356 0.3212186230366492 0.4551839903846154 0.3522179162303665
1 0.7655790032051282 0.923594167539267 0.7823762980769231 0.9379017958115183 0.7977130961538461 0.931940005235602 0.8064771314102565 0.9104802617801047 0.8006351346153846 0.8890188219895288 0.7924189198717949 0.8831300418848168 0.7765332628205128 0.8854427643979057 0.763387733974359 0.903326445026178 0.7655790032051282 0.923594167539267
2 0.8138004166666667 0.9519139685863875 0.8222297307692309 0.9490816492146598 0.8266923076923077 0.9389613717277487 0.8219199583333333 0.9280837696335079 0.8138004166666667 0.9337008638743455 0.811072766025641 0.9409854240837696 0.8138004166666667 0.9519139685863875
2 0.8755363814102564 0.9292486178010472 0.8715696474358975 0.9191283455497382 0.8666112275641026 0.9183200785340314 0.8611559262820513 0.9207482670157068 0.858925157051282 0.9296527539267015 0.8604126826923076 0.9377472774869111 0.8626444903846154 0.9413912565445027 0.8708264038461538 0.9377472774869111 0.8755363814102564 0.9292486178010472
2 0.8780166314102564 0.7434651204188482 0.8852068621794873 0.7426551570680628 0.8896694391025641 0.7365829895287959 0.8916528076923077 0.7325365759162304 0.8931403333333333 0.7264644136125655 0.888925157051282 0.7151317382198953 0.8829750512820513 0.7135118167539267 0.8762806666666666 0.7203939424083771 0.8740488557692307 0.7357747277486911 0.8780166314102564 0.7434651204188482
2 0.9221496891025642 0.7187740209424084 0.9221496891025642 0.7280843350785341 0.9268607083333333 0.7325365759162304 0.9325634102564103 0.7309166544502619 0.9360343044871795 0.7199881151832461 0.9334927243589743 0.7139346282722513 0.9295873173076924 0.7118935916230367 0.9251247403846153 0.71432177486911 0.9221496891025642 0.7187740209424084
2 0.8894209967948717 0.7815112513089005 0.8931403333333333 0.7867734554973822 0.9015706858974359 0.7851535287958116 0.9057858621794872 0.7807012879581152 0.9047941794871796 0.7701785759162304 0.8981611217948718 0.7640537696335078 0.895867983974359 0.7645122408376963 0.8894209967948717 0.7738208586387434 0.8894209967948717 0.7815112513089005
1 0.9558690224358974 0.8049882565445027 0.9541340961538461 0.7932497539267016 0.9449605 0.7750349528795811 0.9320675673076922 0.7770590052356021 0.9261164230769231 0.7827253455497382 0.9209095641025641 0.7932497539267016 0.9196704775641026 0.809440497382199 0.9276039487179488 0.8253120157068062 0.9414885641025642 0.8296776544502619 0.9506621634615385 0.82279722513089 0.9558690224358974 0.8049882565445027
1 0.9127276506410257 0.8669155235602094 0.9142151762820513 0.8831062670157067 0.9204137211538461 0.8948430732984294 0.9320675673076922 0.8997011465968586 0.9409927243589743 0.8936289790575915 0.9442162147435897 0.8770341047120418 0.942976092948718 0.8559869842931938 0.9323149679487179 0.8438443455497383 0.9251247403846153 0.8466766649214659 0.917687108974359 0.854772890052356 0.9127276506410257 0.8669155235602094
1 0.8735530160256411 0.8980812251308901 0.8787598750000001 0.9142719685863875 0.8842151762820513 0.9235805863874347 0.8926444903846155 0.9324850732984293 0.9020665288461538 0.9276286963350785 0.9109927243589744 0.9130578743455497 0.9134719326923076 0.9009152408376964 0.9134719326923076 0.8847244921465969 0.9082650737179486 0.8742000837696335 0.8990914775641026 0.8644873350785341 0.8896694391025641 0.8657014293193718 0.8812390865384615 0.8725818586387435 0.8757848237179487 0.8867485497382199 0.8735530160256411 0.8980812251308901
1 0.8284282756410257 0.9256046387434554 0.831651766025641 0.9357232198952881 0.8395852403846155 0.9373431465968587 0.8485114358974359 0.9312709790575917 0.8502474006410257 0.917510115183246 0.8512390865384615 0.9094138952879581 0.8495031185897437 0.9009152408376964 0.8445446987179488 0.8946698743455498 0.8378503108974359 0.894033109947644 0.8249573814102564 0.898487052356021 0.8266923076923077 0.9102238586387434 0.8284282756410257 0.9256046387434554
1 0.7823118493589744 0.8248212827225131 0.7810717243589743 0.8446543089005235 0.7897494807692308 0.8555828481675393 0.7971881506410257 0.8572010732984293 0.8051216217948718 0.8535587958115183 0.8095852403846154 0.8426302513089005 0.8085935544871795 0.8276536020942409 0.8011548846153846 0.816198670157068 0.7961964647435897 0.8163209267015706 0.7870228685897436 0.8183449842931937 0.7823118493589744 0.8248212827225131
2 0.8261964647435898 0.8555828481675393 0.8363627852564104 0.858415167539267 0.8378503108974359 0.8434385183246074 0.8353711025641025 0.8312958848167539 0.8296684006410256 0.8253120157068062 0.8229740128205129 0.8276536020942409 0.8204948012820513 0.8389862722513088 0.8261964647435898 0.8555828481675393
2 0.915702701923077 0.6534489895287958 0.9186787948717949 0.6615452094240838 0.9221496891025642 0.6643775287958115 0.9263648653846155 0.6611393821989529 0.9271081089743589 0.6494025759162304 0.9232650737179486 0.644069052356021 0.9228929326923077 0.6417121832460733 0.9169428269230769 0.6433304083769633 0.915702701923077 0.6534489895287958
2 0.8914054038461539 0.7105844083769634 0.9018180865384614 0.7202971570680627 0.9114885641025641 0.7211071151832461 0.9137193333333332 0.709368612565445 0.9109927243589744 0.6956077539267016 0.9021902275641026 0.6916581308900525 0.8978513525641025 0.6931795654450262 0.8911569647435897 0.7000599947643978 0.8914054038461539 0.7105844083769634
2 0.8733607083333333 0.6256572827225131 0.8783399166666667 0.6278443455497382 0.8810207884615385 0.6165897853403142 0.878053016025641 0.6116519057591623 0.8735519743589745 0.610962502617801 0.8718284807692308 0.6190909842931938 0.8733607083333333 0.6256572827225131
1 0.9195135128205129 0.6131512670157068 0.925832641025641 0.6165897853403142 0.9323440737179487 0.6187785497382199 0.9355997916666666 0.6172163560209424 0.9365571730769232 0.6078364240837696 0.9350249487179487 0.5981457486910995 0.9315779615384616 0.5906421413612565 0.9266465705128204 0.5854529528795811 0.9191299391025642 0.5884533769633508 0.9174064455128206 0.600959387434555 0.9195135128205129 0.6131512670157068
2 0.920279625 0.6322218743455498 0.9229605000000001 0.6334716282722513 0.9252588365384616 0.6306579895287958 0.9260249487179487 0.6247182670157069 0.9232952179487179 0.6214274816753926 0.9204708942307692 0.6219046282722513 0.9197047820512821 0.6262821570680628 0.920279625 0.6322218743455498
2 0.9364293141025641 0.6103308324607329 0.9368534294871795 0.6204918638743455 0.9418045737179488 0.6269596701570681 0.9476049903846154 0.6318092565445026 0.9531226602564103 0.6292689947643979 0.9535478173076922 0.6161041465968586 0.9491621634615385 0.6031702303664921 0.9443513525641026 0.596935052356021 0.9386923076923077 0.5953185235602094 0.937277548076923 0.5971659842931937 0.9364293141025641 0.6029392931937173 0.9364293141025641 0.6103308324607329
1 0.745143451923077 0.8215220052356021 0.7446808717948717 0.8354900261780105 0.748612266025641 0.8453046544502618 0.7564750512820513 0.8509675968586387 0.7659563397435897 0.8483254554973821 0.7687307692307692 0.8377551989528796 0.7668814967948718 0.8203894136125655 0.7622557179487179 0.8150847591623036 0.7553180865384616 0.812084335078534 0.7479189198717949 0.812084335078534 0.745143451923077 0.8215220052356021
2 0.7784438653846154 0.7879230209424084 0.7728939711538462 0.7860365078534031 0.7678056121794872 0.7849039214659687 0.7622557179487179 0.7875460575916231 0.7604064455128206 0.7973606910994765 0.7629501025641026 0.8075539842931937 0.7666496891025641 0.8098191570680627 0.7738180865384615 0.8067983560209424 0.7791372147435898 0.7973606910994765 0.7784438653846154 0.7879230209424084
2 0.7289563397435898 0.7686707225130891 0.7303440737179487 0.7792409790575916 0.7372806666666667 0.7849039214659687 0.7444501025641025 0.7777297277486911 0.746531185897436 0.7599869842931937 0.7423108108974359 0.7532288115183247 0.7375124743589744 0.7547027015706805 0.7317307692307693 0.7599869842931937 0.7289563397435898 0.7686707225130891
1 0.952907483974359 0.523557947643979 0.9514178782051282 0.5028979790575917 0.9445696474358974 0.4858836858638743 0.9371247403846155 0.4856408638743456 0.9259584198717948 0.49584943979057594 0.9234272339743591 0.5082450837696335 0.9250654871794871 0.5240435811518325 0.9299781698717948 0.5342521570680628 0.9390602916666666 0.5361964083769634 0.9395072756410255 0.53643922513089 0.9479937628205127 0.5308492984293194 0.952907483974359 0.523557947643979
1 0.8327099807692309 0.5877130314136126 0.8354677756410257 0.6052723926701571 0.8462234935897436 0.6106755340314136 0.8578076923076924 0.6061723507853404 0.8602900192307692 0.5985176178010472 0.8547733878205128 0.5791583403141362 0.8504989615384616 0.5722745130890052 0.8453960512820513 0.571503607329843 0.8382255705128205 0.5742051780104712 0.8327099807692309 0.5877130314136126
1 0.7965800416666666 0.5359349109947644 0.7913399166666667 0.529181832460733 0.7844449070512821 0.529181832460733 0.7811351346153845 0.534134994764398 0.77948025 0.5471911727748691 0.7783773397435898 0.561149 0.7805831602564103 0.575106832460733 0.7849958429487179 0.575106832460733 0.7894781698717949 0.5717124659685864 0.7935457371794872 0.5638505706806283 0.7971309775641026 0.5507926963350785 0.7965800416666666 0.5359349109947644
1 0.8702182948717948 0.4539572670157068 0.8616684006410256 0.44945408376963353 0.8509126826923077 0.4472024921465969 0.8437411634615385 0.45260563350785343 0.8412588365384616 0.46791339790575914 0.8503607083333333 0.48277118848167544 0.861116423076923 0.483221167539267 0.8680810801282052 0.48329758115183247 0.872425157051282 0.4755681361256544 0.8732525993589744 0.4634119162303665 0.8702182948717948 0.4539572670157068
1 0.8282962564102564 0.43951379581151834 0.8327099807692309 0.44806848691099477 0.841535342948718 0.4458168952879581 0.8583586282051281 0.44086373298429316 0.8586351346153845 0.42510598429319374 0.8556008301282051 0.41294976439790576 0.8407079006410256 0.4124997853403141 0.834088358974359 0.4174512513089005 0.8280207884615385 0.42600594240837697 0.8282962564102564 0.43951379581151834
1 0.9129677756410257 0.415651335078534 0.9071756762820513 0.39764200000000005 0.896143451923077 0.3913371989528796 0.8848357596153846 0.3913371989528796 0.8790436602564102 0.39449045026178015 0.8738035352564103 0.40349512041884816 0.872425157051282 0.41925286387434557 0.8746309775641026 0.4323090418848168 0.8798711025641026 0.44041375392670157 0.8914553012820513 0.44986840314136123 0.8972463621794871 0.45077005759162303 0.9049688141025641 0.4435653036649215 0.9110363814102564 0.4318590628272251 0.9129677756410257 0.415651335078534
1 0.8909033269230769 0.3678907591623036 0.8922827435897437 0.38049695811518325 0.8969708942307693 0.386800057591623 0.9057962564102564 0.3886016701570681 0.9099334711538462 0.38049695811518325 0.9096580032051281 0.3683407382198953 0.9056590448717949 0.35658864921465966 0.9008315993589744 0.35348294764397903 0.8936611217948718 0.3584344136125654 0.8909033269230769 0.3678907591623036
1 0.8782162147435898 0.31472704188481676 0.8837328493589743 0.32373171204188483 0.8900758846153846 0.32958483246073295 0.901108108974359 0.3264332827225131 0.9077266121794872 0.3196785078534031 0.9091060288461538 0.3043707382198953 0.9046933461538461 0.2976176596858639 0.8963503108974359 0.2912619214659686 0.8898004166666666 0.2904129057591623 0.8834563397435897 0.30076920942408375 0.8782162147435898 0.31472704188481676
1 0.9479937628205127 0.2345136544502618 0.9430291057692307 0.22550898429319371 0.9372380448717949 0.2219074554973822 0.9270332628205128 0.2273089005235602 0.9223440737179487 0.2349636335078534 0.9212411634615384 0.24756983246073297 0.9286881506410256 0.2552245654450262 0.9384095641025642 0.2591623036649215 0.9419261955128204 0.2543246073298429 0.9482692307692309 0.24801981151832458 0.9479937628205127 0.2345136544502618
1 0.9590259871794873 0.056113204188481675 0.9493731794871795 0.039453801047120415 0.9408232852564102 0.036752230366492146 0.9308939711538462 0.03810386387434555 0.9259303525641025 0.05116004188481676 0.924275467948718 0.06511787434554973 0.9325488557692307 0.07772406806282722 0.9449605 0.0845858219895288 0.9521309775641026 0.08357718848167539 0.9590259871794873 0.07187094764397906 0.9590259871794873 0.056113204188481675
1 0.9270332628205128 0.08226121465968586 0.9157255705128204 0.08226121465968586 0.9074511442307692 0.08631441884816754 0.9044178782051282 0.08991594764397906 0.9049688141025641 0.10567369633507853 0.9099334711538462 0.1191815497382199 0.9187588365384616 0.12231611518324607 0.9286881506410256 0.1128784502617801 0.9333762980769231 0.09982057591623036 0.9270332628205128 0.08226121465968586
2 0.8881455288461538 0.15433592670157067 0.8975228685897435 0.1583874345549738 0.9033139294871796 0.1484828062827225 0.9030384615384615 0.13542493193717278 0.8946268205128204 0.13301712041884817 0.8911787948717949 0.13452497382198952 0.8873180865384614 0.14578123560209424 0.8881455288461538 0.15433592670157067
1 0.8721486474358975 0.19665770680628272 0.8749064455128206 0.213317109947644 0.8837328493589743 0.2196202041884817 0.8950405416666667 0.21601868062827226 0.8983503108974359 0.20025923560209422 0.896143451923077 0.18224989528795812 0.8933856538461539 0.17279524607329844 0.8846288974358973 0.16793207853403141 0.8782162147435898 0.1741451832460733 0.872425157051282 0.18224989528795812 0.8721486474358975 0.19665770680628272
1 0.8966954262820513 0.1817999162303665 0.8983503108974359 0.19080458638743458 0.9046933461538461 0.19710768586387434 0.9126912692307693 0.19485779057591623 0.9162765064102564 0.17819838743455496 0.913795217948718 0.16649214659685865 0.9077266121794872 0.1611739057591623 0.901108108974359 0.1624406387434555 0.8966954262820513 0.1705436544502618 0.8966954262820513 0.1817999162303665
1 0.7968555096153846 0.07727408900523561 0.7993378365384616 0.09078194240837696 0.8034750512820512 0.10338814136125654 0.8092661121794872 0.10833960732984294 0.818092516025641 0.11014121989528795 0.8266413717948717 0.10833960732984294 0.8373981282051282 0.09888495811518325 0.839053016025641 0.07817404712041885 0.8360187115384614 0.05881477486910995 0.8305031185897435 0.04575690052356021 0.8280893974358975 0.04798131937172775 0.8167130961538461 0.04800849214659686 0.8067837852564103 0.05431159162303665 0.800165282051282 0.06376623560209424 0.7968555096153846 0.07727408900523561
2 0.8478783782051281 0.024596010471204188 0.8437411634615385 0.026397623036649217 0.8409833685897437 0.02909919371727749 0.8409833685897437 0.039453801047120415 0.847050935897436 0.04403848691099476 0.8528430352564101 0.039453801047120415 0.852015592948718 0.028197539267015705 0.8478783782051281 0.024596010471204188
2 0.911588358974359 0.012889769633507854 0.9126912692307693 0.006586670157068063 0.9124158012820512 0.0025351623036649214 0.8980738044871794 0 0.8980738044871794 0.006586670157068063 0.9016590448717948 0.011539832460732985 0.9063482339743589 0.012889769633507854 0.911588358974359 0.012889769633507854
2 0.8230561346153846 0.03720220942408377 0.8282962564102564 0.0358522722513089 0.8282962564102564 0.030449130890052356 0.8249875256410257 0.02827055497382199 0.8216777532051281 0.02864751832460733 0.8197463621794872 0.03495231413612566 0.8230561346153846 0.03720220942408377
1 0.9074511442307692 0.03134908900523561 0.8980738044871794 0.02279439790575916 0.8881455288461538 0.023246073298429322 0.8812505192307691 0.033150701570680625 0.8790436602564102 0.044406963350785346 0.8806985448717948 0.05701316230366492 0.8848357596153846 0.06556784816753927 0.8935925160256409 0.06994368062827225 0.903865903846154 0.062866277486911 0.9082785865384616 0.04845847120418848 0.9074511442307692 0.03134908900523561
1 0.8158856538461539 0.24483429842931936 0.8158856538461539 0.2610420261780105 0.8225051987179487 0.27454987958115185 0.8349158012820513 0.280403 0.8448451153846154 0.27770142931937175 0.8506361730769231 0.2583404554973822 0.8465 0.23717956544502616 0.8370530160256411 0.225936890052356 0.8316060288461538 0.22727494240837698 0.823332641025641 0.23042648691099477 0.8158856538461539 0.24483429842931936
1 0.7488659038461538 0.09802065968586388 0.7576923076923077 0.1052237172774869 0.7736881506410257 0.10117220942408377 0.7775498974358974 0.08451280628272252 0.7717577948717949 0.07235658638743456 0.7577609134615384 0.0721952722513089 0.7546580032051282 0.0746081780104712 0.7477629935897436 0.08496278534031414 0.7488659038461538 0.09802065968586388
1 0.8208503108974359 0.15520022513089005 0.8324334711538461 0.1543002670157068 0.8371226602564104 0.14709551308900523 0.8357432435897436 0.1335893612565445 0.8288482339743589 0.1236847329842932 0.8170582115384615 0.12344361256544502 0.8123004166666666 0.12773624083769633 0.8123004166666666 0.14439564397905758 0.8208503108974359 0.15520022513089005
1 0.7888575897435898 0.18720305759162303 0.8040259871794871 0.1903546073298429 0.8145062371794872 0.1836015287958115 0.8136787948717948 0.1678420837696335 0.8015436602564103 0.15433592670157067 0.7863752596153847 0.1544157329842932 0.7808586282051282 0.16063902617801049 0.7805831602564103 0.17594679581151831 0.7888575897435898 0.18720305759162303
2 0.8332609134615384 0.3034351204188482 0.8321580032051283 0.3214444607329843 0.8398804583333334 0.32729758115183244 0.8503607083333333 0.3250459895287958 0.8553253653846153 0.318742890052356 0.8536704775641025 0.3011835287958115 0.847050935897436 0.2963305497382199 0.8462234935897436 0.29533040837696334 0.8398804583333334 0.2966820418848167 0.8332609134615384 0.3034351204188482
1 0.8205738044871794 0.3723565863874346 0.8214012467948718 0.3890159895287958 0.8269178782051282 0.396670722513089 0.836570685897436 0.39802065968586386 0.8426382532051283 0.3921675392670157 0.844017673076923 0.36695344502617805 0.8412588365384616 0.3516456753926701 0.8327099807692309 0.3466942146596858 0.831055092948718 0.3466942146596858 0.8225051987179487 0.35840045026178013 0.8205738044871794 0.3723565863874346
1 0.8302276506410257 0.530012167539267 0.8362952179487179 0.5457699162303665 0.8503607083333333 0.5462198952879581 0.85698025 0.5417184083769634 0.8605654871794872 0.5304621465968586 0.861116423076923 0.514252722513089 0.8556694391025641 0.49906551832460727 0.841535342948718 0.49939493193717277 0.8343638269230769 0.5097512356020942 0.8302276506410257 0.530012167539267
2 0.8065083173076923 0.47324522513089 0.8139553012820513 0.47594679581151833 0.8219532211538462 0.47099532984293196 0.8197463621794872 0.46018904712041886 0.8146444903846154 0.4562665916230366 0.8100935544871795 0.4561375392670157 0.8043024935897436 0.466042167539267 0.8065083173076923 0.47324522513089
1 0.5951029102564103 0.9466144031413612 0.594817048076923 0.9564188481675392 0.5991070673076923 0.9722903612565446 0.6059698557692307 0.983028722513089 0.6151216217948718 0.9844279057591624 0.623700625 0.9769599528795813 0.6294199583333333 0.9680894293193717 0.6314220384615385 0.9592189057591624 0.6254158012820513 0.9405456335078534 0.6201975064102564 0.9373040890052357 0.6111174647435897 0.9358777434554973 0.6025384615384615 0.9386777958115184 0.5951029102564103 0.9466144031413612
2 0.6071143461538462 0.9153366335078534 0.615407483974359 0.9237385026178011 0.6251299391025641 0.9228062827225131 0.6291340961538462 0.9125348795811519 0.630277548076923 0.8933946492146596 0.6271320160256411 0.8761222565445026 0.6148357596153846 0.872490167539267 0.6065426185897436 0.8784553560209425 0.6048264038461538 0.8961964083769635 0.6071143461538462 0.9153366335078534
1 0.6654521826923077 0.9130018376963351 0.672887733974359 0.9139357591623037 0.6851839903846153 0.9120679214659686 0.6980530160256411 0.9069330680628273 0.7066320160256411 0.8943285706806282 0.7043440737179487 0.8709857068062827 0.6960509358974358 0.8565150680628273 0.6863274423076923 0.854180272251309 0.6751746346153846 0.8546472356020942 0.6634501025641025 0.8621168795811518 0.6580166314102563 0.873320502617801 0.6571590448717949 0.8901276335078534 0.6609480256410257 0.9069415602094242 0.6620207884615384 0.9097348219895288 0.6625925160256411 0.9111340052356021 0.6654521826923077 0.9130018376963351
2 0.689187108974359 0.8205303507853403 0.6943347179487179 0.8214642722513089 0.7029137211538461 0.8130607068062826 0.7049158012820512 0.798123109947644 0.7000540544871795 0.792054335078534 0.6909750512820513 0.7936606753926702 0.6848981282051282 0.7995222879581151 0.6848981282051282 0.8144615811518324 0.689187108974359 0.8205303507853403
2 0.646863826923077 0.8242660261780105 0.6537276506410257 0.8336018115183247 0.6631642403846154 0.8326678952879581 0.6723149679487179 0.8265991204188482 0.6760332628205129 0.8153955026178011 0.672887733974359 0.8074588952879581 0.6674542628205129 0.8041918795811519 0.6591611217948717 0.8047556230366493 0.6548711025641025 0.8097936910994764 0.6474355512820512 0.8149285392670157 0.646863826923077 0.8242660261780105
2 0.746799375 0.3720984869109948 0.7460467788461538 0.36015961256544504 0.7423908525641025 0.3503280052356021 0.7357224519230768 0.3459385863874345 0.7291621634615384 0.3480458481675393 0.7258284807692308 0.3545408219895288 0.7237848237179487 0.36331965445026176 0.7245374230769231 0.3733278638743455 0.7287318076923077 0.3796479424083769 0.7383035352564102 0.38684590575916233 0.7446216217948718 0.3865334659685864 0.7450790032051282 0.38579312041884817 0.7457245320512821 0.3815786073298429 0.746799375 0.3720984869109948
2 0.6923887724358975 0.47660393193717276 0.6904324326923077 0.48809961780104716 0.6943451153846153 0.4986393089005236 0.7027567564102564 0.5059833036649214 0.7135155929487179 0.5043871518324607 0.7227089391025641 0.49991623036649213 0.7254480256410256 0.48362869633507855 0.7238825352564102 0.4663851727748691 0.7166455288461538 0.4622334816753927 0.7086247403846154 0.4619142513089005 0.7006039487179487 0.4683005497382199 0.6923887724358975 0.47660393193717276
2 0.7769802499999999 0.42655780628272255 0.7789334711538461 0.4329356178010471 0.7855031185897436 0.4332242827225131 0.7879896057692307 0.426848167539267 0.7886995833333333 0.4138021780104712 0.7874563397435898 0.40220630890052356 0.7822182948717948 0.3974688010471204 0.7776902275641026 0.40220630890052356 0.7762692307692307 0.41206339267015707 0.7769802499999999 0.42655780628272255
2 0.7594002083333333 0.4462702722513089 0.7617079006410256 0.45931456020942407 0.7670353429487179 0.4656923717277487 0.7734282756410256 0.4651133455497382 0.7768024935897436 0.45844516753926706 0.7762692307692307 0.44800905759162307 0.7702318076923077 0.43554379581151836 0.7636621634615385 0.4329356178010471 0.7629511442307693 0.4352534293193717 0.7594002083333333 0.43844233507853403 0.7594002083333333 0.4462702722513089
2 0.7446611217948718 0.46337285863874345 0.7521195416666666 0.46714249214659687 0.7565592499999999 0.46366322513089003 0.7572692307692308 0.44974784293193715 0.7560259871794872 0.4425006387434555 0.7505207884615385 0.43554379581151836 0.7444833685897435 0.4373539005235602 0.7427079006410257 0.44482015183246076 0.7419979198717949 0.45409650261780105 0.7446611217948718 0.46337285863874345
1 0.6212713108974359 0.019277769633507854 0.6215509358974359 0.03712749214659686 0.6302422051282052 0.04765360209424084 0.6425779615384615 0.045364654450261784 0.6565956346153846 0.04033168062827225 0.662202701923077 0.026142916230366492 0.6641652820512821 0.008751664921465969 0.6633950096153846 0.0001137696335078534 0.6268783782051282 0.0005128062827225131 0.624074842948718 0.005547476439790576 0.6212713108974359 0.019277769633507854
1 0.6912307692307692 0.5798834031413612 0.6950945961538462 0.5943913979057591 0.6997307692307693 0.6019595287958115 0.7120945961538462 0.600697890052356 0.7171174647435897 0.5842982879581151 0.715572766025641 0.5653754083769634 0.7094864871794871 0.5555709633507854 0.7028222467948718 0.5559139685863874 0.6947079006410256 0.5628538272251309 0.6912307692307692 0.5798834031413612
1 0.5579303525641026 0.5710536282722513 0.5664303525641026 0.5767301518324607 0.5807266121794872 0.5697919895287958 0.5899989615384615 0.5540223560209424 0.5938627852564102 0.5376227539267016 0.587295217948718 0.5256380366492147 0.5753170480769231 0.5199615130890052 0.5617941794871795 0.5231147591623037 0.5567713108974359 0.5319462303664921 0.5544521826923077 0.5521307486910995 0.5579303525641026 0.5710536282722513
2 0.5807266121794872 0.4088999581151832 0.5822723493589743 0.4234062565445026 0.5927037435897435 0.42782114136125654 0.6027494807692307 0.41962134031413617 0.6062276506410256 0.4070066492146597 0.5988856538461539 0.3930505183246073 0.5996590448717949 0.3925003560209424 0.5861351346153847 0.40070015706806283 0.5807266121794872 0.4088999581151832
1 0.5757037435897435 0.44232913612565444 0.5741580032051282 0.4562054607329843 0.5741580032051282 0.47449837172774867 0.5807266121794872 0.48585142408376963 0.5911580032051281 0.48900467015706806 0.6023638269230769 0.4877430314136125 0.607 0.4789132565445026 0.6085457371794871 0.4606220471204188 0.6085457371794871 0.446114052356021 0.6027494807692307 0.43602094240837697 0.5930904358974359 0.42934087958115186 0.5892266121794872 0.42782114136125654 0.5807266121794872 0.43034441884816754 0.5757037435897435 0.44232913612565444
2 0.637523907051282 0.17153700523560209 0.6467972980769231 0.1772135287958115 0.6583887724358974 0.16838375392670155 0.6587744294871795 0.15639903664921467 0.6505644487179487 0.1516343560209424 0.6421600833333334 0.15198415183246072 0.6363648653846153 0.1595522827225131 0.637523907051282 0.17153700523560209
2 0.5683617467948718 0.23398217277486913 0.5753170480769231 0.2352438115183246 0.5795675673076923 0.22325908900523558 0.5791808717948718 0.2144276230366492 0.5772484423076923 0.21064440314136124 0.5723222467948718 0.2092265445026178 0.5637255705128205 0.21253601047120418 0.5629532211538462 0.22641234031413612 0.5683617467948718 0.23398217277486913
2 0.5687484423076923 0.2686729895287958 0.5749303525641025 0.2699346282722513 0.5803399166666667 0.26047318324607327 0.5803399166666667 0.24785849738219895 0.5737713108974359 0.23965869633507852 0.5674927243589744 0.2392070209424084 0.5614074839743589 0.24975010471204187 0.5629532211538462 0.26299646073298427 0.5687484423076923 0.2686729895287958
1 0.4953367980769231 0.08065827225130891 0.5007463621794872 0.09264298952879582 0.5104054038461538 0.09453459685863873 0.5200644487179488 0.08948974345549739 0.5223835769230769 0.06930521989528796 0.5173607083333334 0.05290561780104712 0.5069282756410256 0.04785906282722513 0.4980415801282051 0.054167256544502614 0.4937910608974359 0.06173538743455497 0.4953367980769231 0.08065827225130891
1 0.49997297435897436 0.15135248167539267 0.5104054038461538 0.1608139214659686 0.5216101858974359 0.16018395287958115 0.5320426185897436 0.14441431937172775 0.5332016634615384 0.12170821989528795 0.5277920993589743 0.10593858638743454 0.5143659038461538 0.10508617277486912 0.5061548846153846 0.11666166492146597 0.49997297435897436 0.13621451832460732 0.49997297435897436 0.15135248167539267
2 0.6629282756410256 0.3508204345549738 0.6725873173076923 0.3514504031413612 0.6749064455128205 0.3419889633507853 0.6689168397435897 0.3315120994764398 0.6637006249999999 0.3318975497382199 0.6575187115384615 0.3407290209424084 0.6629282756410256 0.3508204345549738
2 0.5659469839743589 0.6171484345549738 0.5582193333333334 0.6171484345549738 0.5512650737179486 0.6253482408376964 0.5525207884615384 0.6376216230366493 0.5659469839743589 0.6404862041884817 0.568651766025641 0.6310247643979058 0.5659469839743589 0.6171484345549738
2 0.5153315993589743 0.5111809842931937 0.5238326410256411 0.5073960680628272 0.5265363814102564 0.4928880732984293 0.5246049903846154 0.47901174345549735 0.5191954262820513 0.4752285287958115 0.5095363814102564 0.4752285287958115 0.5042234935897436 0.4877226544502618 0.5029677756410257 0.5023495130890052 0.5099220384615385 0.5099193455497382 0.5153315993589743 0.5111809842931937
2 0.5539698557692307 0.5231657015706807 0.5466288974358974 0.5174891727748692 0.5392869038461539 0.5174891727748692 0.5311735961538461 0.5225340314136125 0.5300145544871795 0.5401952722513089 0.5377422051282051 0.5521799895287959 0.5472079006410256 0.5524160157068063 0.5520374230769232 0.5509183507853402 0.5562879423076923 0.5307338324607329 0.5539698557692307 0.5231657015706807
1 0.4994906442307692 0.6751770209424084 0.49601247435897433 0.6859000994764398 0.4963991698717949 0.6985147853403142 0.501035342948718 0.7098678376963351 0.5099220384615385 0.7142844188481675 0.5246049903846154 0.7142844188481675 0.5358097724358974 0.7111294764397905 0.5404459455128205 0.6928382617801048 0.5392869038461539 0.6751770209424084 0.5350374230769231 0.662562329842932 0.5259573814102564 0.6518222722513088 0.5153315993589743 0.6499476439790576 0.5056725576923077 0.6600390523560209 0.4994906442307692 0.6751770209424084
1 0.4929220384615384 0.8045314869109947 0.49910394871794866 0.8171461727748691 0.51455925 0.8253459738219896 0.5311735961538461 0.8209310890052357 0.5350374230769231 0.8051614554973823 0.5373555096153846 0.7875019109947644 0.5346507275641026 0.769840670157068 0.5265363814102564 0.7591175863874345 0.5161049903846153 0.7591175863874345 0.5029677756410257 0.7616408638743456 0.4921486474358974 0.7856086020942409 0.4929220384615384 0.8045314869109947
1 0.4643295224358974 0.8380116020942409 0.4554428269230769 0.8537795392670157 0.4469428269230769 0.8771173036649215 0.44307900320512816 0.8979334921465969 0.4426923076923077 0.9187479842931937 0.460852391025641 0.931362670157068 0.4751486474358974 0.9357775602094242 0.4832619551282051 0.9174863455497382 0.4840353429487179 0.8998251047120418 0.4979449070512821 0.8802722513089005 0.5083773397435898 0.8645026178010471 0.5080873173076923 0.848267722513089 0.5045135128205128 0.8392732408376963 0.5006496891025641 0.8310734397905759 0.4821029102564103 0.8272885235602094 0.4643295224358974 0.8380116020942409
1 0.46162577884615386 0.932673554973822 0.44462474038461536 0.932673554973822 0.43689708974358976 0.9541197120418848 0.44191995833333336 0.9698876492146596 0.45389812820512826 0.9793490890052357 0.46413721474358977 0.9839660418848167 0.47321621474358977 0.9597962356020941 0.47012577884615386 0.9446582722513089 0.46162577884615386 0.932673554973822
2 0.46896673717948717 0.7370414607329844 0.46548856410256406 0.7395630418848167 0.4647162147435897 0.7477628429319371 0.4658752596153846 0.7547010052356021 0.47012577884615386 0.7565943141361257 0.47621101923076925 0.755173057591623 0.4778534294871795 0.7452412617801047 0.47437525961538457 0.7370414607329844 0.46896673717948717 0.7370414607329844
2 0.49485342948717953 0.7370414607329844 0.4940810801282052 0.7237951047120419 0.4890582115384615 0.7149636335078534 0.4848076923076923 0.7149636335078534 0.4774667371794871 0.7174869109947644 0.47437525961538457 0.7225334659685865 0.4720571730769231 0.7294716282722513 0.47553534294871797 0.7376714293193717 0.4805582115384615 0.7409724083769634 0.4840353429487179 0.7414563455497383 0.486740125 0.7401947068062826 0.49485342948717953 0.7370414607329844
1 0.46896673717948717 0.6575650209424084 0.4612390865384616 0.65441177486911 0.4492609134615385 0.659458329842932 0.44578378525641027 0.6739646230366492 0.45351143589743587 0.6865810104712042 0.4623981282051282 0.6954107801047121 0.4674209967948718 0.700457335078534 0.4724438653846154 0.702980612565445 0.4771767147435897 0.7031028743455497 0.47862577884615387 0.6853193717277486 0.47398960576923077 0.6676581308900524 0.46896673717948717 0.6575650209424084
1 0.4612390865384616 0.6071045706806283 0.4504199583333333 0.6134127643979058 0.4488752596153846 0.6291823979057591 0.4554428269230769 0.638012167539267 0.46510291025641026 0.6417970837696335 0.4747619551282051 0.6415661518324608 0.4805582115384615 0.6253974816753927 0.4720571730769231 0.6102595183246073 0.4612390865384616 0.6071045706806283
1 0.46780769230769226 0.05732050261780105 0.4647162147435897 0.040920900523560205 0.4593066538461538 0.03209112565445026 0.44191995833333336 0.037135984293193716 0.43148752564102566 0.051643979057591625 0.42530561217948715 0.07561341361256545 0.42530561217948715 0.0976895445026178 0.43303326282051285 0.11282750785340313 0.4477151762820513 0.12086599476439791 0.4604656955128205 0.10336606806282723 0.4647162147435897 0.09011971204188482 0.46780769230769226 0.05732050261780105
1 0.43573804487179485 0.16275647120418849 0.4206694391025641 0.16780132984293195 0.415259875 0.19114079581151833 0.42221517628205124 0.20754039790575918 0.4345790032051282 0.2138468952879581 0.4433690224358974 0.20291495811518326 0.4515790032051282 0.18104768586387435 0.4465561346153846 0.1652797486910995 0.43573804487179485 0.16275647120418849
2 0.47862577884615387 0.17915607853403143 0.4708981282051282 0.17852440837696337 0.46819334615384617 0.18609424083769632 0.4708981282051282 0.19366237696335079 0.47862577884615387 0.19581548167539267 0.4828762980769231 0.1961856492146597 0.4832619551282051 0.18861751832460733 0.47862577884615387 0.17915607853403143
2 0.4658752596153846 0.16780132984293195 0.4596933461538462 0.164018109947644 0.4531247403846154 0.16780132984293195 0.45505717307692306 0.17537116230366492 0.45853430448717947 0.18546257068062824 0.46510291025641026 0.18476977486910995 0.4658752596153846 0.18672420942408377 0.46896673717948717 0.18104768586387435 0.4658752596153846 0.16780132984293195
2 0.5234459455128205 0.26746059162303665 0.5188087307692307 0.2548459057591623 0.5103087307692308 0.2655689842931937 0.49987629807692313 0.2712455078534032 0.49678586217948717 0.280706947643979 0.5018087307692307 0.29143002617801045 0.5137858621794872 0.288276780104712 0.5195821217948718 0.28196858638743455 0.5234459455128205 0.26746059162303665
1 0.40064102564102566 0.93717277486911 0.40384615384615385 0.9424083769633508 0.41025641025641024 0.9424083769633508 0.41346153846153844 0.9476439790575916 0.41346153846153844 0.9842931937172775 0.40705128205128205 0.9947643979057592 0.3717948717948718 0.9947643979057592 0.3717948717948718 0.9895287958115183 0.3685897435897436 0.9842931937172775 0.3685897435897436 0.9633507853403142 0.3717948717948718 0.9581151832460733 0.3717948717948718 0.9528795811518325 0.3814102564102564 0.9476439790575916 0.38782051282051283 0.93717277486911 0.3974358974358974 0.93717277486911
1 0.4166666666666667 0.8795811518324608 0.4166666666666667 0.8900523560209425 0.42628205128205127 0.9057591623036649 0.42628205128205127 0.9214659685863874 0.4198717948717949 0.9319371727748691 0.41346153846153844 0.9319371727748691 0.41025641025641024 0.9267015706806283 0.40705128205128205 0.9319371727748691 0.40064102564102566 0.9319371727748691 0.3974358974358974 0.9267015706806283 0.3942307692307692 0.9267015706806283 0.38782051282051283 0.9162303664921466 0.38782051282051283 0.8848167539267016 0.3942307692307692 0.8743455497382199 0.41025641025641024 0.8743455497382199 0.41346153846153844 0.8795811518324608
1 0.41025641025641024 0.8010471204188482 0.4230769230769231 0.8219895287958116 0.4230769230769231 0.837696335078534 0.4198717948717949 0.8429319371727748 0.4198717948717949 0.8586387434554974 0.41346153846153844 0.8691099476439791 0.3942307692307692 0.8691099476439791 0.391025641025641 0.8638743455497382 0.38782051282051283 0.8638743455497382 0.38782051282051283 0.8586387434554974 0.3814102564102564 0.8429319371727748 0.3814102564102564 0.8167539267015707 0.391025641025641 0.8010471204188482 0.40705128205128205 0.8010471204188482
2 0.3814102564102564 0.7696335078534031 0.38461538461538464 0.774869109947644 0.38461538461538464 0.7853403141361257 0.3814102564102564 0.7905759162303665 0.3685897435897436 0.7905759162303665 0.36538461538461536 0.7853403141361257 0.36538461538461536 0.774869109947644 0.3685897435897436 0.7696335078534031 0.3782051282051282 0.7696335078534031
2 0.3487525987525988 0.6902504598839677 0.013513513513513514 0.022074430451393803
1 0.41346153846153844 0.7539267015706806 0.4230769230769231 0.7696335078534031 0.42628205128205127 0.7696335078534031 0.42948717948717946 0.774869109947644 0.42948717948717946 0.7905759162303665 0.42628205128205127 0.7958115183246073 0.42948717948717946 0.8010471204188482 0.42628205128205127 0.806282722513089 0.42628205128205127 0.8115183246073299 0.40384615384615385 0.8115183246073299 0.391025641025641 0.7905759162303665 0.391025641025641 0.7853403141361257 0.38782051282051283 0.7801047120418848 0.38782051282051283 0.774869109947644 0.3942307692307692 0.7591623036649214 0.40384615384615385 0.7591623036649214 0.40705128205128205 0.7539267015706806 0.41025641025641024 0.7539267015706806
1 0.41346153846153844 0.6963350785340314 0.41346153846153844 0.7172774869109948 0.40705128205128205 0.7329842931937173 0.3942307692307692 0.7329842931937173 0.391025641025641 0.7277486910994765 0.391025641025641 0.7068062827225131 0.3974358974358974 0.6963350785340314 0.40064102564102566 0.6963350785340314 0.40384615384615385 0.6910994764397905 0.40705128205128205 0.6910994764397905 0.41025641025641024 0.6963350785340314
2 0.36538461538461536 0.5916230366492147 0.375 0.5863874345549738 0.3814102564102564 0.6020942408376964 0.3814102564102564 0.612565445026178 0.3782051282051282 0.6178010471204188 0.3717948717948718 0.6178010471204188 0.36538461538461536 0.6073298429319371 0.36538461538461536 0.5968586387434555
2 0.3232848232848233 0.9763690391962643 0.02079002079002079 0.03056459600962219
1 0.34615384615384615 0.8795811518324608 0.3525641025641026 0.8900523560209425 0.3525641025641026 0.900523560209424 0.3557692307692308 0.9057591623036649 0.3557692307692308 0.9162303664921466 0.358974358974359 0.9214659685863874 0.358974358974359 0.9476439790575916 0.3557692307692308 0.9528795811518325 0.34935897435897434 0.9528795811518325 0.34615384615384615 0.9581151832460733 0.3173076923076923 0.9581151832460733 0.3076923076923077 0.9476439790575916 0.3076923076923077 0.9109947643979057 0.3141025641025641 0.900523560209424 0.3141025641025641 0.8952879581151832 0.3173076923076923 0.8900523560209425 0.32051282051282054 0.8900523560209425 0.3269230769230769 0.8795811518324608 0.34294871794871795 0.8795811518324608
2 0.33653846153846156 0.7853403141361257 0.33974358974358976 0.7905759162303665 0.33974358974358976 0.806282722513089 0.33653846153846156 0.8115183246073299 0.3301282051282051 0.8115183246073299 0.3269230769230769 0.806282722513089 0.32371794871794873 0.806282722513089 0.32371794871794873 0.7905759162303665 0.3333333333333333 0.7853403141361257
1 0.2692307692307692 0.8010471204188482 0.2724358974358974 0.8010471204188482 0.28205128205128205 0.7905759162303665 0.2980769230769231 0.7905759162303665 0.30128205128205127 0.7958115183246073 0.30128205128205127 0.8115183246073299 0.2980769230769231 0.8167539267015707 0.2980769230769231 0.8219895287958116 0.2948717948717949 0.8219895287958116 0.2916666666666667 0.8272251308900523 0.27564102564102566 0.8272251308900523 0.2692307692307692 0.8167539267015707 0.2692307692307692 0.806282722513089
1 0.28525641025641024 0.7382198952879581 0.28846153846153844 0.743455497382199 0.2916666666666667 0.743455497382199 0.2916666666666667 0.7486910994764397 0.2948717948717949 0.7539267015706806 0.2948717948717949 0.7643979057591623 0.2980769230769231 0.7696335078534031 0.2980769230769231 0.774869109947644 0.2948717948717949 0.7801047120418848 0.28846153846153844 0.7801047120418848 0.28525641025641024 0.7853403141361257 0.27884615384615385 0.7853403141361257 0.2692307692307692 0.7696335078534031 0.2692307692307692 0.7539267015706806 0.27884615384615385 0.7382198952879581 0.28205128205128205 0.7382198952879581
1 0.28846153846153844 0.680628272251309 0.2916666666666667 0.6858638743455497 0.2916666666666667 0.6963350785340314 0.2948717948717949 0.7015706806282722 0.2948717948717949 0.7120418848167539 0.2916666666666667 0.7120418848167539 0.28846153846153844 0.7172774869109948 0.28205128205128205 0.7172774869109948 0.2724358974358974 0.7068062827225131 0.2724358974358974 0.6963350785340314 0.27564102564102566 0.6910994764397905 0.27564102564102566 0.6858638743455497 0.28525641025641024 0.680628272251309
1 0.33653846153846156 0.5759162303664922 0.34294871794871795 0.5863874345549738 0.34294871794871795 0.5916230366492147 0.34615384615384615 0.5968586387434555 0.34615384615384615 0.612565445026178 0.34935897435897434 0.6178010471204188 0.34935897435897434 0.6230366492146597 0.34615384615384615 0.6282722513089005 0.33653846153846156 0.6282722513089005 0.3333333333333333 0.6230366492146597 0.3301282051282051 0.6230366492146597 0.32051282051282054 0.5968586387434555 0.32051282051282054 0.581151832460733 0.32371794871794873 0.5759162303664922 0.3333333333333333 0.5759162303664922
2 0.42628205128205127 0.27225130890052357 0.42948717948717946 0.2774869109947644 0.42948717948717946 0.2931937172774869 0.42628205128205127 0.29842931937172773 0.4166666666666667 0.29842931937172773 0.4166666666666667 0.2774869109947644 0.4198717948717949 0.27225130890052357 0.4230769230769231 0.27225130890052357
1 0.28846153846153844 0.42408376963350786 0.2948717948717949 0.43455497382198954 0.2948717948717949 0.4397905759162304 0.2916666666666667 0.44502617801047123 0.2916666666666667 0.450261780104712 0.2948717948717949 0.45549738219895286 0.2948717948717949 0.4712041884816754 0.2916666666666667 0.47643979057591623 0.27884615384615385 0.47643979057591623 0.27884615384615385 0.4712041884816754 0.27564102564102566 0.46596858638743455 0.27564102564102566 0.43455497382198954 0.28205128205128205 0.42408376963350786 0.28525641025641024 0.42408376963350786
1 0.27884615384615385 0.3403141361256545 0.28205128205128205 0.34554973821989526 0.28205128205128205 0.3507853403141361 0.28525641025641024 0.35602094240837695 0.28525641025641024 0.36649214659685864 0.28846153846153844 0.3717277486910995 0.28846153846153844 0.38219895287958117 0.27884615384615385 0.39267015706806285 0.2724358974358974 0.39267015706806285 0.2692307692307692 0.387434554973822 0.25961538461538464 0.38219895287958117 0.25961538461538464 0.3769633507853403 0.2564102564102564 0.3717277486910995 0.2564102564102564 0.3612565445026178 0.25961538461538464 0.35602094240837695 0.25961538461538464 0.3507853403141361 0.266025641025641 0.3403141361256545 0.27564102564102566 0.3403141361256545
1 0.358974358974359 0.28272251308900526 0.36217948717948717 0.2879581151832461 0.36217948717948717 0.29842931937172773 0.36538461538461536 0.3036649214659686 0.36538461538461536 0.3193717277486911 0.36217948717948717 0.3193717277486911 0.358974358974359 0.32460732984293195 0.33974358974358976 0.32460732984293195 0.3333333333333333 0.31413612565445026 0.3333333333333333 0.2931937172774869 0.33974358974358976 0.28272251308900526 0.3557692307692308 0.28272251308900526
1 0.358974358974359 0.15706806282722513 0.36217948717948717 0.16230366492146597 0.3685897435897436 0.16230366492146597 0.3717948717948718 0.16753926701570682 0.3717948717948718 0.17801047120418848 0.3814102564102564 0.18848167539267016 0.3814102564102564 0.19895287958115182 0.375 0.2094240837696335 0.33974358974358976 0.2094240837696335 0.3301282051282051 0.193717277486911 0.3301282051282051 0.16753926701570682 0.3333333333333333 0.16230366492146597 0.33653846153846156 0.16230366492146597 0.33974358974358976 0.15706806282722513 0.3557692307692308 0.15706806282722513
2 0.5128205128205128 0.5235602094240838 0.5192307692307693 0.5340314136125655 0.5192307692307693 0.5445026178010471 0.5096153846153846 0.5549738219895288 0.5064102564102564 0.5497382198952879 0.5032051282051282 0.5497382198952879 0.5032051282051282 0.5287958115183246 0.5064102564102564 0.5235602094240838 0.5096153846153846 0.5235602094240838
1 0.32066528205128203 0.15650431413612564 0.30299791987179486 0.14579142408376963 0.2908835769230769 0.14826375916230367 0.27422557051282054 0.16392132460732986 0.27422557051282054 0.17545775916230366 0.28179729807692305 0.19358765968586386 0.293407483974359 0.1981027329842932 0.31561746474358976 0.18617065445026176 0.3236943878205128 0.17216187958115184 0.32066528205128203 0.15650431413612564
1 0.25807172435897435 0.20601216753926702 0.24343347115384617 0.20601216753926702 0.2338419967948718 0.21590151308900524 0.23434719230769233 0.23238262303664922 0.23636590384615383 0.25215961256544506 0.2511309775641025 0.2547932670157068 0.25504366025641023 0.2505125235602094 0.2621101858974359 0.22743795287958116 0.25807172435897435 0.20601216753926702
2 0.23888981410256407 0.3033162565445026 0.2373752596153846 0.31567624083769635 0.24191891987179487 0.32721437696335076 0.25201455448717947 0.31814857591623036 0.2530239070512821 0.30908447643979053 0.2489854455128205 0.29919513089005234 0.23888981410256407 0.3033162565445026
1 0.23158731730769228 0.40536804712041885 0.23600519871794873 0.4197928376963351 0.24251559294871797 0.4190338167539267 0.24995633974358974 0.4133403141361256 0.2532120576923077 0.39815650261780106 0.25204885576923075 0.38335304712041884 0.24763097756410254 0.37848988481675394 0.2362380448717949 0.3818350052356021 0.23205301602564105 0.3936023769633508 0.23158731730769228 0.40536804712041885
2 0.2426195416666667 0.5900732984293193 0.2471725576923077 0.6003956439790575 0.25400103846153843 0.6003956439790575 0.26108316025641026 0.5929633507853403 0.26108316025641026 0.578511392670157 0.256088358974359 0.569744445026178 0.25096673717948714 0.569428612565445 0.24489605128205127 0.5747960942408377 0.2426195416666667 0.5900732984293193
2 0.23705509294871796 0.6627745863874346 0.24110187179487177 0.6764013036649215 0.2507130961538462 0.677639167539267 0.25804781730769233 0.6722716858638744 0.2626008301282051 0.6611240994764398 0.2603243237179487 0.6508017539267016 0.2507130961538462 0.6482445183246073 0.25374844230769233 0.6466721361256544 0.24363097756410257 0.6495621884816754 0.23705509294871796 0.6627745863874346
1 0.21125675641025643 0.7578067068062828 0.2087276506410256 0.7767992094240838 0.2145446987179487 0.7933159738219895 0.23149064423076923 0.794968162303665 0.2408492724358974 0.7879484921465969 0.24742515705128204 0.771431722513089 0.24540228846153844 0.7483096073298429 0.2368024935897436 0.7401709371727748 0.22845633974358975 0.7483096073298429 0.2206153846153846 0.75243922513089 0.21125675641025643 0.7578067068062828
1 0.1909553012820513 0.4617919895287958 0.19319022756410256 0.47881477486910995 0.20212785897435898 0.4800305654450262 0.21143866987179485 0.47668713612565444 0.21534823397435895 0.46300778010471205 0.21572141346153847 0.4493284293193717 0.2052931378205128 0.43922343455497387 0.20156964743589745 0.4420336753926702 0.19523804487179489 0.4505442198952879 0.1909553012820513 0.4617919895287958
1 0.2319106025641026 0.9006741204188482 0.23880665384615385 0.9125246910994764 0.2529605 0.9172639005235602 0.2591309775641026 0.9054150261780105 0.2544126826923077 0.8870474031413612 0.25041995833333336 0.8731133455497382 0.23953222435897437 0.8710502356020943 0.2319106025641026 0.8805303507853404 0.2319106025641026 0.9006741204188482
1 0.24969438782051284 0.9717707643979058 0.26566320192307696 0.972955994764398 0.26747816987179485 0.9480730157068062 0.26094490705128204 0.9320758429319372 0.25041995833333336 0.9309160890052356 0.2467910608974359 0.9308906178010471 0.24062162179487182 0.95281222513089 0.24969438782051284 0.9717707643979058
1 0.18763409615384616 0.9960628272251308 0.1981590448717949 0.9984434712041885 0.21412785897435896 0.997248052356021 0.21957172435897435 0.980658272251309 0.21666840064102566 0.9646610994764397 0.2148534294871795 0.9539974554973822 0.2104979198717949 0.9468877905759162 0.19598128846153845 0.946478560209424 0.18436694230769232 0.9569588219895288 0.18110083012820513 0.973548607329843 0.18763409615384616 0.9960628272251308
1 0.1789230769230769 0.9297053926701572 0.18690748397435897 0.936222439790576 0.20069958333333335 0.9356298272251309 0.21666840064102566 0.930298005235602 0.21884511538461537 0.9107468534031414 0.21666840064102566 0.8911956963350786 0.2061434519230769 0.8793451256544502 0.1952546762820513 0.8781615968586388 0.1864542628205128 0.8842286701570681 0.18073804487179487 0.8911956963350786 0.1767463621794872 0.9083763979057591 0.1789230769230769 0.9297053926701572
1 0.1317432435897436 0.9048224136125654 0.14335654807692308 0.9172639005235602 0.155332641025641 0.9314832303664922 0.17311642307692307 0.9368150575916231 0.1789230769230769 0.9208195863874346 0.1789230769230769 0.8965275235602095 0.17710914743589745 0.8746059162303665 0.17021309615384614 0.8669036387434556 0.1607775480769231 0.8615718115183246 0.1501611217948718 0.8582912146596859 0.14081600961538462 0.8680888638743455 0.13537214102564102 0.8763837539267015 0.1317432435897436 0.9048224136125654
1 0.11575259935897438 0.835359277486911 0.11363409615384615 0.851594167539267 0.11885031089743589 0.8587802460732985 0.13042619551282053 0.8595783193717278 0.13645841987179486 0.8547881727748692 0.1405343044871795 0.8414806858638744 0.138740125 0.8276400157068062 0.13009979166666666 0.8236479424083769 0.12830665384615383 0.8233813507853404 0.12145945833333333 0.8292378638743456 0.11575259935897438 0.835359277486911
1 0.15043866987179486 0.9973397486910995 0.16104158012820513 0.9983195130890052 0.16744282692307694 0.9813374816753927 0.16144178846153848 0.9679467958115183 0.1535395 0.9706364816753927 0.1474376314102564 0.9744791308900524 0.14603742307692308 0.9875420994764398 0.15043866987179486 0.9973397486910995
1 0.08942307692307692 0.8034871937172776 0.09522453205128205 0.8139385863874345 0.10522765064102564 0.811651335078534 0.10882848076923078 0.7930374973821989 0.1058274423076923 0.7825861047120419 0.09927546794871796 0.7774240837696335 0.09482432371794872 0.7812803193717277 0.09102390705128205 0.7878109528795811 0.08942307692307692 0.8034871937172776
1 0.1168305608974359 0.7633185235602093 0.11723076923076924 0.7767075130890052 0.12283159935897436 0.7835658691099476 0.13023388782051282 0.7822600837696335 0.13503534294871797 0.7763814921465968 0.13323388782051282 0.7620110366492147 0.12803326282051283 0.7525071465968587 0.12783264102564101 0.7512353193717278 0.12063097756410257 0.756460167539267 0.1168305608974359 0.7633185235602093
1 0.16424220512820514 0.811651335078534 0.17544490705128205 0.8214489895287959 0.18264760897435897 0.8149183507853404 0.18404781730769232 0.7953230523560209 0.1802463621794872 0.784219612565445 0.17204469871794872 0.7760554712041885 0.1650426185897436 0.7766073298429319 0.15904158012820513 0.7858514240837696 0.15884095512820512 0.796628837696335 0.16424220512820514 0.811651335078534
1 0.08708212179487179 0.7280096230366492 0.0832629935897436 0.7394934188481675 0.08225779487179488 0.7513066387434556 0.08487110256410256 0.7618055759162303 0.0915031185897436 0.7637752931937173 0.1003471923076923 0.7621349947643978 0.10698024999999999 0.7539317958115183 0.10858835897435896 0.7388379790575916 0.10758316025641025 0.7289944816753926 0.10577442948717948 0.7228170366492147 0.09954366025641025 0.723416445026178 0.09431704807692308 0.7240718848167539 0.08708212179487179 0.7280096230366492
1 0.11642723397435897 0.6889633507853404 0.11622661217948718 0.675509832460733 0.11160291025641025 0.66796377486911 0.10255821153846154 0.6669789162303664 0.09552390705128205 0.6705872356020943 0.08929209935897435 0.6837130314136126 0.0886891891025641 0.7001194293193718 0.08909147756410257 0.7083226282722513 0.0949209967948718 0.7148838272251309 0.10426715064102564 0.7158398167539267 0.10979417948717948 0.714228387434555 0.11542203846153846 0.7027445863874346 0.11642723397435897 0.6889633507853404
1 0.15682744230769233 0.7053697486910994 0.1528076923076923 0.7181661256544501 0.1536112275641026 0.7293222041884817 0.15778022756410257 0.7359888167539266 0.15964137179487178 0.7365405392670158 0.16949064423076923 0.7371976806282722 0.171700625 0.7243996020942408 0.17069646474358974 0.71160322513089 0.16546985576923076 0.7037277486910996 0.15682744230769233 0.7053697486910994
1 0.06799272435897437 0.6701406544502618 0.07975571794871794 0.6701406544502618 0.08510291025641026 0.6602479109947643 0.0843898141025641 0.6451184397905759 0.07975571794871794 0.6358081204188482 0.07120166346153846 0.6282433821989528 0.06059667307692307 0.6268102460732985 0.05872557051282051 0.6410448586387434 0.06050727564102564 0.6614127643979058 0.06799272435897437 0.6701406544502618
1 0.03163513461538462 0.6550111780104712 0.034843035256410256 0.6846877015706806 0.03983367948717949 0.6905068638743456 0.04660602884615385 0.6893437120418848 0.052309772435897434 0.6788685445026178 0.053021830128205126 0.6654846492146597 0.05587422115384615 0.6468640157068063 0.05836902243589743 0.6340625445026178 0.05792307692307692 0.6282654607329843 0.04375467628205128 0.621843497382199 0.03698232692307692 0.6230066492146596 0.03234823397435897 0.6346449685863874 0.03163513461538462 0.6550111780104712
2 0.08688565384615385 0.5782006492146596 0.07868710897435897 0.57761822513089 0.06977546794871795 0.5816918062827224 0.06763721474358975 0.592165277486911 0.07307276602564103 0.5998811361256544 0.08082536538461539 0.5956564293193717 0.08759771153846153 0.5898372722513089 0.08688565384615385 0.5782006492146596
2 0.14284823397435897 0.46584689528795814 0.1346496891025641 0.46468374345549734 0.1296590448717949 0.46933805235602094 0.12716424038461538 0.47981321465968585 0.1285904358974359 0.49028668586387436 0.13589708974358974 0.4965286544502618 0.14534303525641024 0.490869109947644 0.1464126826923077 0.47748521465968585 0.14284823397435897 0.46584689528795814
2 0.12716424038461538 0.41289373298429316 0.11860914743589743 0.41289373298429316 0.11433159935897436 0.41929531413612564 0.11433159935897436 0.4297687853403141 0.11575779487179488 0.43733352356020944 0.12288669551282051 0.43966152356020943 0.13001559294871795 0.43384236649214664 0.1321548846153846 0.42453205235602093 0.12716424038461538 0.41289373298429316
2 0.025219333333333333 0.45188227225130884 0.03127858653846154 0.4542102722513089 0.03297193269230769 0.4455791727748691 0.03127858653846154 0.43733352356020944 0.025219333333333333 0.4408263769633508 0.025219333333333333 0.45188227225130884
2 0.13643243269230768 0.2509879738219895 0.1296590448717949 0.2416776544502618 0.12288669551282051 0.23993207853403142 0.1168274423076923 0.24807924083769636 0.11468815064102564 0.25797198429319373 0.11575779487179488 0.2666998743455497 0.1214605 0.2731014554973822 0.13010499038461537 0.27453969109947646 0.13179833653846154 0.2754277643979058 0.13750103846153847 0.2626262931937173 0.13643243269230768 0.2509879738219895
2 0.21556444871794872 0.2236394502617801 0.20451455448717948 0.2230570261780105 0.2027318076923077 0.23178661256544503 0.20558316025641027 0.2422600837696335 0.21298025 0.2505210157068063 0.21805925 0.2445880837696335 0.2184158012820513 0.23178661256544503 0.21556444871794872 0.2236394502617801
2 0.06621101923076923 0.3074322931937173 0.06015176602564103 0.3155794554973822 0.059082121794871795 0.3254721937172775 0.0630031185897436 0.330126502617801 0.07262682051282052 0.3262159319371728 0.0744095641025641 0.31732503141361257 0.07155821153846154 0.3056867120418848 0.06621101923076923 0.3074322931937173
2 0.16245322115384617 0.19628923036649212 0.1574625769230769 0.2079275497382199 0.1578191282051282 0.21723786387434554 0.16209667307692308 0.2201482931937173 0.16842307692307693 0.2214065392670157 0.16886902243589744 0.21083797905759163 0.1670873173076923 0.19687165445026178 0.16245322115384617 0.19628923036649212
2 0.1670873173076923 0.35689429842931936 0.16352183012820512 0.357476722513089 0.16352183012820512 0.36387830890052353 0.16815592628205128 0.36562388481675395 0.16993866987179487 0.3621310314136126 0.1670873173076923 0.35689429842931936
2 0.05943866987179488 0.19799065968586385 0.0651413717948718 0.20089939267015705 0.06906236858974359 0.19217150261780105 0.06638877243589744 0.18210386387434555 0.0626465705128205 0.18227875916230368 0.05872557051282051 0.1880979214659686 0.05943866987179488 0.19799065968586385
2 0.04517983333333333 0.1508108115183246 0.05266528205128205 0.15430196858638742 0.05872557051282051 0.14499164921465968 0.059082121794871795 0.1362620628272251 0.057299375 0.1269517486910995 0.051240125000000004 0.11805405235602094 0.04304158012820512 0.12287986387434556 0.04161538461538462 0.1362620628272251 0.04517983333333333 0.1508108115183246
1 0.06050727564102564 0.08447374869109947 0.05836902243589743 0.06643384816753926 0.045536381410256406 0.053632376963350784 0.033417878205128204 0.05712353403141362 0.028070685897435894 0.07458101047120419 0.028783785256410257 0.08971048691099476 0.03519958333333333 0.11065912041884816 0.04767567628205128 0.11004782722513089 0.04838877243589743 0.10891353926701569 0.05480457371794872 0.09843837696335078 0.06050727564102564 0.08447374869109947
1 0.1556808717948718 0.022164424083769636 0.1731465705128205 0.015182115183246072 0.17635447115384617 0.007034952879581152 0.167799375 0 0.13571933333333333 0.0023789424083769635 0.1321548846153846 0.011108534031413613 0.1360758846153846 0.018673272251308902 0.14569958333333333 0.021582 0.1556808717948718 0.022164424083769636
2 0.21128690384615384 0.014599691099476439 0.20166320192307693 0.018090842931937173 0.20130665384615384 0.032637895287958116 0.2080790032051282 0.03845705235602095 0.21342515705128207 0.03845705235602095 0.21485135256410254 0.026238005235602095 0.21128690384615384 0.014599691099476439
1 0.08074220512820512 0.24155539790575917 0.0821808717948718 0.22951804188481675 0.07642619551282051 0.2130793821989529 0.06150103846153847 0.2107310052356021 0.05232952243589743 0.21660280104712043 0.04729417948717949 0.22599631937172776 0.043158003205128206 0.23656487958115183 0.04333783653846154 0.24801301570680628 0.045136173076923074 0.2530035392670157 0.050890852564102564 0.2556456753926702 0.057094596153846155 0.2681194293193717 0.06635550961538463 0.2626908167539267 0.07606652884615385 0.25359105759162304 0.08074220512820512 0.24155539790575917
2 0.18353326282051283 0.14524805235602092 0.193167358974359 0.15084476963350785 0.2008419967948718 0.1449814607329843 0.20198440705128204 0.1364505445026178 0.20182120512820512 0.1287210994764398 0.19594282692307693 0.12309551308900524 0.18892203846153846 0.1271215497382199 0.18467671474358974 0.13405122513089004 0.18353326282051283 0.14524805235602092
2 0.22337525961538462 0.15724295811518324 0.2238648653846154 0.1444482827225131 0.21961954166666667 0.14044941361256544 0.21488461538461537 0.1449814607329843 0.2076995833333333 0.1511113612565445 0.20614864743589742 0.16243724607329843 0.20933264102564103 0.16097523560209423 0.21847609294871795 0.16337285863874346 0.22337525961538462 0.15724295811518324
2 0.18483991666666666 0.1748362827225131 0.18043139423076923 0.16603876963350786 0.17553222435897434 0.15990887434554973 0.16949064423076923 0.1601754659685864 0.16965384615384616 0.1684380942408377 0.17047089423076925 0.18069959162303664 0.17030769230769233 0.1897636910994764 0.17389916987179488 0.19802631937172777 0.1797775480769231 0.2036247329842932 0.18239085256410256 0.19935927748691099 0.18826819230769232 0.19083005759162303 0.18483991666666666 0.1748362827225131
1 0.24835758974358974 0.12045676963350785 0.24329625641025643 0.11006141361256545 0.23594802564102565 0.1049961780104712 0.2274573814102564 0.11432686910994763 0.22566112179487183 0.12632177486910995 0.227946983974359 0.1391164554973822 0.23611122756410255 0.14951181675392672 0.24198960576923076 0.14311532460732984 0.24835758974358974 0.1359173612565445 0.24835758974358974 0.12045676963350785
1 0.0660311858974359 0.5540274502617801 0.07135758974358974 0.5663025340314136 0.08733679807692307 0.5744870523560209 0.09548232692307693 0.5668136387434555 0.10174948076923077 0.5412395654450262 0.09321101923076923 0.5240860314136125 0.0838898141025641 0.5274311570680629 0.07261122756410257 0.5361250890052356 0.0660311858974359 0.5540274502617801
1 0.11678794230769231 0.5018570837696336 0.12054781730769232 0.47167963874345553 0.11052183012820513 0.46093787958115184 0.09329001923076922 0.45275336125654453 0.08232328525641025 0.46349512041884816 0.08545633974358975 0.48497693717277485 0.09266320192307692 0.5044143193717278 0.10378586217948718 0.51640922513089 0.10707588461538463 0.5172005078534031 0.10456860576923077 0.5141321623036649 0.11678794230769231 0.5018570837696336
2 0.4158430352564103 0.5257772722513089 0.42373804487179484 0.5257772722513089 0.4321611217948718 0.5193332408376964 0.4324241153846154 0.5030049528795811 0.42347505128205126 0.49570171204188485 0.41663201602564104 0.4982793246073299 0.40978898076923076 0.5120282984293194 0.4158430352564103 0.5257772722513089
1 0.41057900320512825 0.47078137696335076 0.39794594551282053 0.4742181989528796 0.39294490705128204 0.49140398952879577 0.39794594551282053 0.5120282984293194 0.4076839903846154 0.5141763141361256 0.4161060288461539 0.5060138691099477 0.41847505128205126 0.4841007486910995 0.41057900320512825 0.47078137696335076
1 0.33320062500000003 0.5322213089005235 0.3342536378205128 0.5494088010471204 0.3405696474358974 0.5549936335078534 0.34662370192307695 0.5554232356020942 0.3534667371794872 0.543392670157068 0.3566247403846154 0.5296436963350786 0.34951871153846154 0.5150355183246074 0.34162266025641025 0.5133171099476439 0.334779625 0.520192445026178 0.33320062500000003 0.5322213089005235
1 0.39426091346153846 0.5360894293193718 0.38346985576923076 0.5343710209424084 0.3739948012820513 0.5403854554973822 0.3737318076923077 0.5614393664921467 0.3811018717948718 0.5769067486910995 0.3914979198717949 0.57997 0.3958399166666667 0.5734682303664922 0.39926195512820517 0.5498384031413612 0.39426091346153846 0.5360894293193718