1 0.5512820512820513 0.4126984126984127 0.5544871794871795 0.4166666666666667 0.5576923076923077 0.4166666666666667 0.5705128205128205 0.43253968253968256 0.5705128205128205 0.4523809523809524 0.5673076923076923 0.45634920634920634 0.5673076923076923 0.4603174603174603 0.5608974358974359 0.46825396825396826 0.5544871794871795 0.46825396825396826 0.5512820512820513 0.4722222222222222 0.5416666666666666 0.4722222222222222 0.5384615384615384 0.46825396825396826 0.532051282051282 0.46825396825396826 0.5192307692307693 0.45634920634920634 0.5192307692307693 0.43253968253968256 0.532051282051282 0.4166666666666667 0.5352564102564102 0.4166666666666667 0.5384615384615384 0.4126984126984127 0.5480769230769231 0.4126984126984127
1 0.4358974358974359 0.4246031746031746 0.4391025641025641 0.42857142857142855 0.4423076923076923 0.42857142857142855 0.4519230769230769 0.4444444444444444 0.4519230769230769 0.46825396825396826 0.44871794871794873 0.4722222222222222 0.4391025641025641 0.4722222222222222 0.4358974358974359 0.47619047619047616 0.4230769230769231 0.47619047619047616 0.4198717948717949 0.4722222222222222 0.41346153846153844 0.4722222222222222 0.41025641025641024 0.46825396825396826 0.41025641025641024 0.4603174603174603 0.40705128205128205 0.45634920634920634 0.40705128205128205 0.4365079365079365 0.41025641025641024 0.43253968253968256 0.41025641025641024 0.42857142857142855 0.41346153846153844 0.42857142857142855 0.4166666666666667 0.4246031746031746 0.4326923076923077 0.4246031746031746
1 0.48456790123456794 0.38403880070546736 0.043209876543209874 0.053497942386831275
1 0.1282051282051282 0.7658730158730159 0.1346153846153846 0.7777777777777778 0.1346153846153846 0.7936507936507936 0.13141025641025642 0.7976190476190477 0.13141025641025642 0.8015873015873016 0.12179487179487179 0.8095238095238095 0.10576923076923077 0.8095238095238095 0.10256410256410256 0.8055555555555556 0.09935897435897435 0.8055555555555556 0.09935897435897435 0.8015873015873016 0.09615384615384616 0.7976190476190477 0.09615384615384616 0.7777777777777778 0.09935897435897435 0.7738095238095238 0.09935897435897435 0.7698412698412699 0.10256410256410256 0.7698412698412699 0.10897435897435898 0.7619047619047619 0.12179487179487179 0.7619047619047619 0.125 0.7658730158730159
1 0.6474358974358975 0.4880952380952381 0.657051282051282 0.5 0.657051282051282 0.5238095238095238 0.6538461538461539 0.5277777777777778 0.6538461538461539 0.5317460317460317 0.6442307692307693 0.5396825396825397 0.625 0.5396825396825397 0.6089743589743589 0.5277777777777778 0.6089743589743589 0.5079365079365079 0.6121794871794872 0.503968253968254 0.6121794871794872 0.5 0.625 0.48412698412698413 0.6410256410256411 0.48412698412698413 0.6442307692307693 0.4880952380952381
2 0.3269230769230769 0.4722222222222222 0.3269230769230769 0.46825396825396826 0.32371794871794873 0.4642857142857143 0.32371794871794873 0.45634920634920634 0.3333333333333333 0.4444444444444444 0.34294871794871795 0.4444444444444444 0.34615384615384615 0.44841269841269843 0.34615384615384615 0.4642857142857143 0.34294871794871795 0.46825396825396826 0.34294871794871795 0.4722222222222222 0.3301282051282051 0.4722222222222222
2 0.40384615384615385 0.6468253968253969 0.40384615384615385 0.6428571428571429 0.40064102564102566 0.6388888888888888 0.40064102564102566 0.6309523809523809 0.40705128205128205 0.6190476190476191 0.4166666666666667 0.6190476190476191 0.4198717948717949 0.623015873015873 0.4198717948717949 0.6428571428571429 0.4166666666666667 0.6468253968253969 0.40705128205128205 0.6468253968253969
2 0.4230769230769231 0.6507936507936508 0.42628205128205127 0.6507936507936508 0.42948717948717946 0.6468253968253969 0.4391025641025641 0.6468253968253969 0.44871794871794873 0.6626984126984127 0.44871794871794873 0.6746031746031746 0.4423076923076923 0.6825396825396826 0.42948717948717946 0.6825396825396826 0.42628205128205127 0.6785714285714286 0.4230769230769231 0.6785714285714286 0.4230769230769231 0.6746031746031746 0.4198717948717949 0.6706349206349206 0.4198717948717949 0.6587301587301587 0.4230769230769231 0.6547619047619048
1 0.6282051282051282 0.8253968253968254 0.6410256410256411 0.8373015873015873 0.6410256410256411 0.8531746031746031 0.6314102564102564 0.8690476190476191 0.6217948717948718 0.8690476190476191 0.6089743589743589 0.8571428571428571 0.5993589743589743 0.8531746031746031 0.592948717948718 0.8452380952380952 0.592948717948718 0.8373015873015873 0.5897435897435898 0.8333333333333334 0.592948717948718 0.8214285714285714 0.6025641025641025 0.8134920634920635 0.6057692307692307 0.8174603174603174 0.6185897435897436 0.8174603174603174 0.625 0.8253968253968254
1 0.46794871794871795 0.7619047619047619 0.47115384615384615 0.7658730158730159 0.47115384615384615 0.7777777777777778 0.47435897435897434 0.7817460317460317 0.47435897435897434 0.8015873015873016 0.46474358974358976 0.8134920634920635 0.46153846153846156 0.8134920634920635 0.4583333333333333 0.8174603174603174 0.44871794871794873 0.8134920634920635 0.4391025641025641 0.8015873015873016 0.4391025641025641 0.7817460317460317 0.44871794871794873 0.7619047619047619 0.46474358974358976 0.7619047619047619
1 0.23076923076923078 0.7619047619047619 0.23397435897435898 0.7619047619047619 0.23717948717948717 0.7579365079365079 0.23717948717948717 0.753968253968254 0.2467948717948718 0.746031746031746 0.27564102564102566 0.746031746031746 0.27884615384615385 0.75 0.27884615384615385 0.7777777777777778 0.27564102564102566 0.7817460317460317 0.27564102564102566 0.7857142857142857 0.266025641025641 0.7976190476190477 0.25961538461538464 0.7976190476190477 0.2564102564102564 0.8015873015873016 0.2467948717948718 0.8015873015873016 0.24358974358974358 0.7976190476190477 0.2403846153846154 0.7976190476190477 0.23076923076923078 0.7857142857142857 0.23076923076923078 0.7658730158730159
1 0.6089743589743589 0.44047619047619047 0.6121794871794872 0.4444444444444444 0.6185897435897436 0.4444444444444444 0.6217948717948718 0.44841269841269843 0.6217948717948718 0.45634920634920634 0.625 0.4603174603174603 0.6217948717948718 0.4801587301587302 0.6089743589743589 0.5 0.5993589743589743 0.5 0.5801282051282052 0.4801587301587302 0.5801282051282052 0.4642857142857143 0.5833333333333334 0.4603174603174603 0.5833333333333334 0.45634920634920634 0.5961538461538461 0.4444444444444444 0.6057692307692307 0.44047619047619047
1 0.657051282051282 0.42857142857142855 0.6602564102564102 0.43253968253968256 0.6634615384615384 0.43253968253968256 0.6762820512820513 0.44841269841269843 0.6762820512820513 0.46825396825396826 0.6666666666666666 0.4801587301587302 0.657051282051282 0.4801587301587302 0.6538461538461539 0.48412698412698413 0.6378205128205128 0.48412698412698413 0.625 0.4722222222222222 0.625 0.44841269841269843 0.6378205128205128 0.43253968253968256 0.6410256410256411 0.43253968253968256 0.6442307692307693 0.42857142857142855 0.6538461538461539 0.42857142857142855
1 0.3717948717948718 0.3412698412698413 0.375 0.34523809523809523 0.38461538461538464 0.3492063492063492 0.38461538461538464 0.3531746031746032 0.38782051282051283 0.35714285714285715 0.38782051282051283 0.36904761904761907 0.3717948717948718 0.38492063492063494 0.3557692307692308 0.38492063492063494 0.34615384615384615 0.373015873015873 0.34615384615384615 0.35714285714285715 0.34935897435897434 0.3531746031746032 0.34935897435897434 0.34523809523809523 0.3525641025641026 0.3412698412698413 0.3685897435897436 0.3412698412698413
1 0.842948717948718 0.2698412698412698 0.842948717948718 0.26587301587301587 0.8333333333333334 0.25396825396825395 0.8333333333333334 0.25 0.8301282051282052 0.24603174603174602 0.8301282051282052 0.23015873015873015 0.8365384615384616 0.2222222222222222 0.8653846153846154 0.2222222222222222 0.875 0.24206349206349206 0.875 0.25 0.8717948717948718 0.25396825396825395 0.8717948717948718 0.2619047619047619 0.8685897435897436 0.26587301587301587 0.8621794871794872 0.26587301587301587 0.8589743589743589 0.2698412698412698 0.8461538461538461 0.2698412698412698
2 0.40705128205128205 0.3134920634920635 0.40705128205128205 0.30952380952380953 0.40384615384615385 0.3055555555555556 0.40384615384615385 0.29365079365079366 0.40705128205128205 0.2896825396825397 0.4166666666666667 0.2896825396825397 0.4230769230769231 0.2976190476190476 0.4230769230769231 0.3055555555555556 0.4166666666666667 0.3134920634920635 0.41025641025641024 0.3134920634920635
2 0.4423076923076923 0.2976190476190476 0.44551282051282054 0.30158730158730157 0.44551282051282054 0.31746031746031744 0.4358974358974359 0.3253968253968254 0.4326923076923077 0.3253968253968254 0.4230769230769231 0.31746031746031744 0.4230769230769231 0.30158730158730157 0.42628205128205127 0.30158730158730157 0.42948717948717946 0.2976190476190476 0.4391025641025641 0.2976190476190476
1 0.4198717948717949 0.32142857142857145 0.42948717948717946 0.3333333333333333 0.42948717948717946 0.3531746031746032 0.4166666666666667 0.36507936507936506 0.40705128205128205 0.36507936507936506 0.3942307692307692 0.3531746031746032 0.3942307692307692 0.3333333333333333 0.40705128205128205 0.32142857142857145 0.4166666666666667 0.32142857142857145
1 0.4358974358974359 0.38095238095238093 0.4391025641025641 0.38492063492063494 0.4391025641025641 0.4087301587301587 0.4358974358974359 0.4126984126984127 0.4358974358974359 0.4166666666666667 0.42628205128205127 0.4246031746031746 0.40384615384615385 0.4246031746031746 0.3974358974358974 0.4166666666666667 0.3974358974358974 0.3968253968253968 0.40064102564102566 0.39285714285714285 0.40064102564102566 0.38492063492063494 0.40384615384615385 0.38095238095238093 0.4326923076923077 0.38095238095238093
1 0.4544753086419752 0.39263668430335097 0.032407407407407406 0.04394473838918283
2 0.21153846153846154 0.6507936507936508 0.22435897435897437 0.6507936507936508 0.22756410256410256 0.6547619047619048 0.22756410256410256 0.6706349206349206 0.22435897435897437 0.6746031746031746 0.21474358974358973 0.6746031746031746 0.20833333333333334 0.6666666666666666 0.20833333333333334 0.6587301587301587 0.21153846153846154 0.6547619047619048
2 0.2403846153846154 0.4365079365079365 0.24358974358974358 0.44047619047619047 0.2467948717948718 0.44047619047619047 0.2467948717948718 0.4642857142857143 0.24358974358974358 0.46825396825396826 0.23397435897435898 0.46825396825396826 0.22756410256410256 0.4603174603174603 0.22756410256410256 0.4444444444444444 0.23397435897435898 0.4365079365079365 0.23717948717948717 0.4365079365079365
2 0.16346153846153846 0.42857142857142855 0.16666666666666666 0.42857142857142855 0.16987179487179488 0.4246031746031746 0.17307692307692307 0.4246031746031746 0.1762820512820513 0.42857142857142855 0.18269230769230768 0.42857142857142855 0.18269230769230768 0.4444444444444444 0.1794871794871795 0.44841269841269843 0.16666666666666666 0.44841269841269843 0.16666666666666666 0.4444444444444444 0.16346153846153846 0.44047619047619047 0.16346153846153846 0.43253968253968256
2 0.43055555555555547 0.49485596707818924 0.024691358024691357 0.030570252792475012
1 0.7147435897435898 0.626984126984127 0.7211538461538461 0.6349206349206349 0.7211538461538461 0.6468253968253969 0.7115384615384616 0.6626984126984127 0.6923076923076923 0.6626984126984127 0.6858974358974359 0.6547619047619048 0.6858974358974359 0.6309523809523809 0.6923076923076923 0.623015873015873 0.7083333333333334 0.623015873015873 0.7115384615384616 0.626984126984127
1 0.6089743589743589 0.42857142857142855 0.6089743589743589 0.4126984126984127 0.6282051282051282 0.39285714285714285 0.6442307692307693 0.39285714285714285 0.6506410256410257 0.4007936507936508 0.6506410256410257 0.4246031746031746 0.6410256410256411 0.4365079365079365 0.6185897435897436 0.4365079365079365 0.6121794871794872 0.42857142857142855
1 0.5208333333333334 0.3639770723104056 0.044753086419753084 0.06305114638447971
1 0.5512820512820513 0.2857142857142857 0.5544871794871795 0.2896825396825397 0.5576923076923077 0.2896825396825397 0.5576923076923077 0.29365079365079366 0.5608974358974359 0.2976190476190476 0.5608974358974359 0.30952380952380953 0.5576923076923077 0.3134920634920635 0.5544871794871795 0.3253968253968254 0.532051282051282 0.3253968253968254 0.532051282051282 0.31746031746031744 0.5288461538461539 0.3134920634920635 0.5288461538461539 0.2896825396825397 0.532051282051282 0.2857142857142857 0.5480769230769231 0.2857142857142857
1 0.4583333333333333 0.30158730158730157 0.4583333333333333 0.2976190476190476 0.4551282051282051 0.29365079365079366 0.4551282051282051 0.2698412698412698 0.46794871794871795 0.25793650793650796 0.483974358974359 0.25793650793650796 0.49038461538461536 0.2698412698412698 0.49038461538461536 0.2777777777777778 0.48717948717948717 0.28174603174603174 0.483974358974359 0.29365079365079366 0.4775641025641026 0.30158730158730157 0.46153846153846156 0.30158730158730157
1 0.4807692307692308 0.3134920634920635 0.4807692307692308 0.31746031746031744 0.48717948717948717 0.3253968253968254 0.49038461538461536 0.3253968253968254 0.49038461538461536 0.32936507936507936 0.4935897435897436 0.3333333333333333 0.49038461538461536 0.34523809523809523 0.4807692307692308 0.3531746031746032 0.46153846153846156 0.3531746031746032 0.4551282051282051 0.34523809523809523 0.4551282051282051 0.32936507936507936 0.4583333333333333 0.3253968253968254 0.4583333333333333 0.31746031746031744 0.46153846153846156 0.3134920634920635 0.4775641025641026 0.3134920634920635
1 0.5192307692307693 0.2857142857142857 0.5256410256410257 0.29365079365079366 0.5256410256410257 0.31746031746031744 0.5192307692307693 0.3253968253968254 0.5032051282051282 0.3253968253968254 0.5 0.32142857142857145 0.49038461538461536 0.32142857142857145 0.483974358974359 0.3134920634920635 0.483974358974359 0.2896825396825397 0.4967948717948718 0.27380952380952384 0.5064102564102564 0.27380952380952384 0.5160256410256411 0.2857142857142857
2 0.3942307692307692 0.7777777777777778 0.40064102564102566 0.7857142857142857 0.40064102564102566 0.7976190476190477 0.3942307692307692 0.8055555555555556 0.3814102564102564 0.8055555555555556 0.3814102564102564 0.7857142857142857 0.38782051282051283 0.7777777777777778 0.391025641025641 0.7777777777777778
1 0.5224358974358975 0.4722222222222222 0.5256410256410257 0.47619047619047616 0.5352564102564102 0.4801587301587302 0.5352564102564102 0.5079365079365079 0.5288461538461539 0.5198412698412699 0.5064102564102564 0.5198412698412699 0.5 0.5119047619047619 0.5 0.48412698412698413 0.5032051282051282 0.48412698412698413 0.5064102564102564 0.4801587301587302 0.5064102564102564 0.47619047619047616 0.5128205128205128 0.47619047619047616 0.5160256410256411 0.4722222222222222 0.5192307692307693 0.4722222222222222
1 0.34935897435897434 0.4880952380952381 0.3525641025641026 0.4880952380952381 0.358974358974359 0.4801587301587302 0.375 0.4801587301587302 0.3814102564102564 0.49206349206349204 0.3814102564102564 0.5079365079365079 0.3717948717948718 0.5198412698412699 0.34935897435897434 0.5198412698412699 0.34615384615384615 0.5158730158730159 0.34615384615384615 0.49603174603174605 0.34935897435897434 0.49206349206349204
1 0.08333333333333333 0.9126984126984127 0.08974358974358974 0.9126984126984127 0.09294871794871795 0.9087301587301587 0.10897435897435898 0.9087301587301587 0.11858974358974358 0.9206349206349206 0.11858974358974358 0.9404761904761905 0.11538461538461539 0.9444444444444444 0.11538461538461539 0.9484126984126984 0.11217948717948718 0.9484126984126984 0.10256410256410256 0.9563492063492064 0.09294871794871795 0.9563492063492064 0.08974358974358974 0.9523809523809523 0.08653846153846154 0.9523809523809523 0.07692307692307693 0.9365079365079365 0.07692307692307693 0.9285714285714286 0.08333333333333333 0.9166666666666666
1 0.5673076923076923 0.23015873015873015 0.5769230769230769 0.24206349206349206 0.5769230769230769 0.24603174603174602 0.5801282051282052 0.25 0.5801282051282052 0.26587301587301587 0.5705128205128205 0.28174603174603174 0.5416666666666666 0.28174603174603174 0.5352564102564102 0.2698412698412698 0.5352564102564102 0.25396825396825395 0.5384615384615384 0.25 0.5416666666666666 0.23809523809523808 0.5448717948717948 0.23809523809523808 0.5480769230769231 0.23412698412698413 0.5576923076923077 0.23412698412698413 0.5608974358974359 0.23015873015873015 0.5641025641025641 0.23015873015873015
2 0.25 0.5168283362727807 0.021604938271604937 0.032480893592004706
1 0.5216049382716049 0.7231775426219871 0.037037037037037035 0.04394473838918283
1 0.14743589743589744 0.8531746031746031 0.15064102564102563 0.8571428571428571 0.15064102564102563 0.8809523809523809 0.14743589743589744 0.8849206349206349 0.14743589743589744 0.8888888888888888 0.14423076923076922 0.8888888888888888 0.13782051282051283 0.8968253968253969 0.12179487179487179 0.8968253968253969 0.11538461538461539 0.8849206349206349 0.11538461538461539 0.8690476190476191 0.12179487179487179 0.8611111111111112 0.12179487179487179 0.8571428571428571 0.125 0.8571428571428571 0.1282051282051282 0.8531746031746031 0.14423076923076922 0.8531746031746031
2 0.47435897435897434 0.8412698412698413 0.4775641025641026 0.8452380952380952 0.4807692307692308 0.8571428571428571 0.4775641025641026 0.8611111111111112 0.4775641025641026 0.8650793650793651 0.47435897435897434 0.8650793650793651 0.47115384615384615 0.8690476190476191 0.46153846153846156 0.8690476190476191 0.4583333333333333 0.8650793650793651 0.4583333333333333 0.8452380952380952 0.46153846153846156 0.8412698412698413 0.47115384615384615 0.8412698412698413
2 0.2816358024691358 0.6276455026455026 0.023148148148148147 0.032480893592004706
1 0.6762820512820513 0.6666666666666666 0.6858974358974359 0.6785714285714286 0.6858974358974359 0.6944444444444444 0.6826923076923077 0.6984126984126984 0.6826923076923077 0.7063492063492064 0.6762820512820513 0.7142857142857143 0.6602564102564102 0.7142857142857143 0.6506410256410257 0.7063492063492064 0.6506410256410257 0.6865079365079365 0.6538461538461539 0.6825396825396826 0.657051282051282 0.6706349206349206 0.6602564102564102 0.6706349206349206 0.6634615384615384 0.6666666666666666 0.6730769230769231 0.6666666666666666
1 0.632716049382716 0.6906966490299823 0.043209876543209874 0.051587301587301584
1 0.4807692307692308 0.48412698412698413 0.483974358974359 0.4880952380952381 0.4935897435897436 0.49206349206349204 0.4935897435897436 0.5158730158730159 0.49038461538461536 0.5198412698412699 0.46474358974358976 0.5198412698412699 0.46153846153846156 0.5158730158730159 0.46153846153846156 0.5 0.46474358974358976 0.49603174603174605 0.46474358974358976 0.49206349206349204 0.46794871794871795 0.4880952380952381 0.4775641025641026 0.48412698412698413
1 0.4583333333333333 0.42857142857142855 0.4807692307692308 0.42857142857142855 0.49038461538461536 0.44047619047619047 0.49038461538461536 0.45634920634920634 0.48717948717948717 0.4603174603174603 0.48717948717948717 0.4642857142857143 0.4807692307692308 0.4722222222222222 0.46474358974358976 0.4722222222222222 0.4551282051282051 0.4523809523809524 0.4551282051282051 0.4365079365079365 0.4583333333333333 0.43253968253968256
2 0.2467948717948718 0.3968253968253968 0.2467948717948718 0.4007936507936508 0.25 0.40476190476190477 0.25 0.42063492063492064 0.2467948717948718 0.4246031746031746 0.23717948717948717 0.4246031746031746 0.23397435897435898 0.42063492063492064 0.23397435897435898 0.40476190476190477 0.2403846153846154 0.3968253968253968 0.24358974358974358 0.3968253968253968
2 0.25 0.4087301587301587 0.25961538461538464 0.4087301587301587 0.2692307692307692 0.4246031746031746 0.2692307692307692 0.4365079365079365 0.266025641025641 0.44047619047619047 0.2564102564102564 0.44047619047619047 0.25 0.43253968253968256 0.25 0.42063492063492064 0.2467948717948718 0.4166666666666667 0.25 0.4126984126984127
2 0.2403846153846154 0.36507936507936506 0.24358974358974358 0.36904761904761907 0.24358974358974358 0.376984126984127 0.2403846153846154 0.38095238095238093 0.2403846153846154 0.3888888888888889 0.23717948717948717 0.39285714285714285 0.22756410256410256 0.39285714285714285 0.22435897435897437 0.3888888888888889 0.22435897435897437 0.36904761904761907 0.22756410256410256 0.36507936507936506 0.23717948717948717 0.36507936507936506
2 0.22916666666666666 0.4126984126984127 0.026234567901234566 0.030570252792475012
2 0.25961538461538464 0.3611111111111111 0.26282051282051283 0.36507936507936506 0.2692307692307692 0.36507936507936506 0.27564102564102566 0.373015873015873 0.27564102564102566 0.3888888888888889 0.2692307692307692 0.3968253968253968 0.2564102564102564 0.3968253968253968 0.25 0.3888888888888889 0.25 0.36507936507936506 0.2532051282051282 0.3611111111111111 0.2564102564102564 0.3611111111111111
1 0.30448717948717946 0.3968253968253968 0.30448717948717946 0.4007936507936508 0.3076923076923077 0.40476190476190477 0.3076923076923077 0.43253968253968256 0.30448717948717946 0.4365079365079365 0.30448717948717946 0.44047619047619047 0.30128205128205127 0.44047619047619047 0.2916666666666667 0.44841269841269843 0.28846153846153844 0.44841269841269843 0.28525641025641024 0.4444444444444444 0.27884615384615385 0.4444444444444444 0.27564102564102566 0.44047619047619047 0.27564102564102566 0.4365079365079365 0.2692307692307692 0.42857142857142855 0.2692307692307692 0.4087301587301587 0.28205128205128205 0.39285714285714285 0.2980769230769231 0.39285714285714285 0.30128205128205127 0.3968253968253968
2 0.27564102564102566 0.45634920634920634 0.28846153846153844 0.4722222222222222 0.28846153846153844 0.48412698412698413 0.28525641025641024 0.4880952380952381 0.2692307692307692 0.4880952380952381 0.26282051282051283 0.4801587301587302 0.26282051282051283 0.47619047619047616 0.25961538461538464 0.4722222222222222 0.26282051282051283 0.46825396825396826 0.26282051282051283 0.4642857142857143 0.2692307692307692 0.45634920634920634 0.2724358974358974 0.45634920634920634
2 0.30448717948717946 0.44047619047619047 0.3076923076923077 0.4444444444444444 0.3076923076923077 0.46825396825396826 0.2980769230769231 0.47619047619047616 0.2916666666666667 0.47619047619047616 0.28205128205128205 0.46825396825396826 0.28205128205128205 0.4523809523809524 0.2916666666666667 0.44047619047619047 0.30128205128205127 0.44047619047619047
1 0.30128205128205127 0.34523809523809523 0.3108974358974359 0.35714285714285715 0.3108974358974359 0.3611111111111111 0.3173076923076923 0.373015873015873 0.3173076923076923 0.38492063492063494 0.3108974358974359 0.39285714285714285 0.2948717948717949 0.39285714285714285 0.28525641025641024 0.38095238095238093 0.28205128205128205 0.38095238095238093 0.27564102564102566 0.36904761904761907 0.27564102564102566 0.35714285714285715 0.28525641025641024 0.3412698412698413 0.2948717948717949 0.3412698412698413 0.2980769230769231 0.34523809523809523
1 0.6794871794871795 0.2976190476190476 0.7019230769230769 0.2976190476190476 0.7115384615384616 0.31746031746031744 0.7115384615384616 0.32936507936507936 0.7051282051282052 0.3373015873015873 0.6891025641025641 0.3373015873015873 0.6858974358974359 0.3333333333333333 0.6794871794871795 0.3333333333333333 0.6762820512820513 0.32936507936507936 0.6730769230769231 0.32936507936507936 0.6730769230769231 0.3134920634920635 0.6794871794871795 0.30158730158730157
1 0.7275641025641025 0.26587301587301587 0.7275641025641025 0.2698412698412698 0.7307692307692307 0.27380952380952384 0.7307692307692307 0.2857142857142857 0.7211538461538461 0.2976190476190476 0.717948717948718 0.2976190476190476 0.7147435897435898 0.30158730158730157 0.6987179487179487 0.2976190476190476 0.6923076923076923 0.2896825396825397 0.6923076923076923 0.27380952380952384 0.7019230769230769 0.25793650793650796 0.7115384615384616 0.25793650793650796 0.7147435897435898 0.2619047619047619 0.7211538461538461 0.2619047619047619 0.7243589743589743 0.26587301587301587
1 0.391025641025641 0.17063492063492064 0.3942307692307692 0.17063492063492064 0.3974358974358974 0.16666666666666666 0.41346153846153844 0.16666666666666666 0.4198717948717949 0.17857142857142858 0.41346153846153844 0.1984126984126984 0.41025641025641024 0.1984126984126984 0.40705128205128205 0.20238095238095238 0.3974358974358974 0.20238095238095238 0.38782051282051283 0.19444444444444445 0.38782051282051283 0.17857142857142858 0.391025641025641 0.1746031746031746
2 0.4020061728395062 0.21781305114638447 0.020061728395061727 0.02292768959435626
2 0.4198717948717949 0.21031746031746032 0.4230769230769231 0.21428571428571427 0.42948717948717946 0.21428571428571427 0.42948717948717946 0.21825396825396826 0.4326923076923077 0.2222222222222222 0.4326923076923077 0.23015873015873015 0.42628205128205127 0.23809523809523808 0.41346153846153844 0.23809523809523808 0.41025641025641024 0.23412698412698413 0.41025641025641024 0.21428571428571427 0.4166666666666667 0.21428571428571427
1 0.3510802469135802 0.2053938859494415 0.041666666666666664 0.051587301587301584
1 0.32371794871794873 0.1746031746031746 0.3269230769230769 0.17857142857142858 0.3301282051282051 0.17857142857142858 0.3301282051282051 0.18253968253968253 0.3333333333333333 0.1865079365079365 0.3333333333333333 0.19444444444444445 0.3301282051282051 0.1984126984126984 0.3301282051282051 0.20634920634920634 0.32051282051282054 0.21428571428571427 0.30448717948717946 0.21031746031746032 0.2980769230769231 0.20238095238095238 0.2980769230769231 0.18253968253968253 0.30448717948717946 0.1746031746031746 0.32051282051282054 0.1746031746031746
2 0.25 0.27380952380952384 0.2564102564102564 0.27380952380952384 0.25961538461538464 0.2777777777777778 0.25961538461538464 0.2896825396825397 0.2532051282051282 0.2976190476190476 0.24358974358974358 0.2976190476190476 0.24358974358974358 0.29365079365079366 0.2403846153846154 0.2896825396825397 0.25 0.2777777777777778
2 0.33653846153846156 0.25793650793650796 0.33653846153846156 0.25396825396825395 0.3333333333333333 0.25 0.3333333333333333 0.24206349206349206 0.33974358974358976 0.23412698412698413 0.34935897435897434 0.23412698412698413 0.3525641025641026 0.23809523809523808 0.3525641025641026 0.25 0.34935897435897434 0.25396825396825395 0.34935897435897434 0.25793650793650796 0.33974358974358976 0.25793650793650796
2 0.3301282051282051 0.6031746031746031 0.3333333333333333 0.6150793650793651 0.3269230769230769 0.623015873015873 0.32051282051282054 0.623015873015873 0.3141025641025641 0.6150793650793651 0.3141025641025641 0.6071428571428571 0.3173076923076923 0.6031746031746031 0.3269230769230769 0.6031746031746031
2 0.8141025641025641 0.5595238095238095 0.8237179487179487 0.5674603174603174 0.8237179487179487 0.5833333333333334 0.8205128205128205 0.5873015873015873 0.8141025641025641 0.5873015873015873 0.8044871794871795 0.5753968253968254 0.8044871794871795 0.5634920634920635 0.8076923076923077 0.5595238095238095 0.8108974358974359 0.5595238095238095
2 0.4583333333333333 0.11904761904761904 0.47435897435897434 0.11904761904761904 0.47435897435897434 0.12301587301587301 0.4775641025641026 0.12698412698412698 0.47435897435897434 0.1388888888888889 0.46153846153846156 0.1388888888888889 0.4551282051282051 0.12698412698412698 0.4583333333333333 0.12301587301587301
1 0.802469135802469 0.31047912992357435 0.043209876543209874 0.051587301587301584
1 0.8173076923076923 0.3333333333333333 0.8301282051282052 0.34523809523809523 0.8301282051282052 0.3611111111111111 0.8205128205128205 0.373015873015873 0.7948717948717948 0.373015873015873 0.7916666666666666 0.36904761904761907 0.7916666666666666 0.3492063492063492 0.7948717948717948 0.34523809523809523 0.7948717948717948 0.3373015873015873 0.7980769230769231 0.3333333333333333 0.8141025641025641 0.3333333333333333
1 0.8333333333333334 0.3055555555555556 0.8365384615384616 0.30952380952380953 0.8397435897435898 0.30952380952380953 0.8525641025641025 0.32936507936507936 0.8493589743589743 0.3412698412698413 0.8461538461538461 0.34523809523809523 0.8301282051282052 0.34523809523809523 0.8173076923076923 0.3333333333333333 0.8237179487179487 0.3134920634920635 0.8269230769230769 0.30952380952380953 0.8301282051282052 0.30952380952380953
1 0.7762345679012345 0.3544238683127572 0.037037037037037035 0.04776601998824221
2 0.49038461538461536 0.5634920634920635 0.4967948717948718 0.5714285714285714 0.4967948717948718 0.5753968253968254 0.49038461538461536 0.5873015873015873 0.47435897435897434 0.5873015873015873 0.47435897435897434 0.5674603174603174 0.4775641025641026 0.5634920634920635 0.48717948717948717 0.5634920634920635
2 0.5128205128205128 0.5753968253968254 0.5192307692307693 0.5833333333333334 0.5192307692307693 0.5912698412698413 0.5128205128205128 0.5992063492063492 0.5064102564102564 0.5992063492063492 0.5032051282051282 0.5952380952380952 0.5032051282051282 0.5793650793650794 0.5064102564102564 0.5753968253968254 0.5096153846153846 0.5753968253968254
2 0.5709876543209876 0.16527042915931803 0.021604938271604937 0.024838330393885947
1 0.5705128205128205 0.2857142857142857 0.5737179487179487 0.2857142857142857 0.5769230769230769 0.28174603174603174 0.592948717948718 0.28174603174603174 0.5961538461538461 0.2857142857142857 0.6025641025641025 0.2857142857142857 0.6025641025641025 0.2896825396825397 0.6057692307692307 0.29365079365079366 0.6057692307692307 0.3055555555555556 0.6025641025641025 0.30952380952380953 0.6025641025641025 0.3134920634920635 0.592948717948718 0.3253968253968254 0.5737179487179487 0.3253968253968254 0.5705128205128205 0.32142857142857145 0.5705128205128205 0.3134920634920635 0.5673076923076923 0.30952380952380953 0.5673076923076923 0.2976190476190476 0.5705128205128205 0.29365079365079366 0.5705128205128205 0.2896825396825397
2 0.6346153846153846 0.26587301587301587 0.6378205128205128 0.2698412698412698 0.6410256410256411 0.2698412698412698 0.6410256410256411 0.27380952380952384 0.6442307692307693 0.2777777777777778 0.6442307692307693 0.28174603174603174 0.6378205128205128 0.2896825396825397 0.625 0.2896825396825397 0.625 0.2857142857142857 0.6217948717948718 0.28174603174603174 0.625 0.2698412698412698 0.6282051282051282 0.26587301587301587 0.6314102564102564 0.26587301587301587
2 0.6226851851851851 0.3143004115226337 0.023148148148148147 0.032480893592004706
2 0.6049382716049383 0.2751322751322751 0.027777777777777776 0.030570252792475012
2 0.8044871794871795 0.4642857142857143 0.8205128205128205 0.47619047619047616 0.8205128205128205 0.48412698412698413 0.8108974358974359 0.49206349206349204 0.7980769230769231 0.49206349206349204 0.7916666666666666 0.48412698412698413 0.7916666666666666 0.4722222222222222 0.7980769230769231 0.4642857142857143 0.8012820512820513 0.4642857142857143
2 0.8173076923076923 0.43253968253968256 0.8205128205128205 0.4365079365079365 0.8237179487179487 0.4365079365079365 0.8237179487179487 0.4603174603174603 0.8205128205128205 0.4642857142857143 0.8044871794871795 0.4642857142857143 0.7980769230769231 0.45634920634920634 0.7980769230769231 0.44047619047619047 0.8044871794871795 0.43253968253968256 0.8141025641025641 0.43253968253968256
1 0.7628205128205128 0.36904761904761907 0.7628205128205128 0.3888888888888889 0.7564102564102564 0.3968253968253968 0.7532051282051282 0.3968253968253968 0.75 0.4007936507936508 0.75 0.40476190476190477 0.7403846153846154 0.4166666666666667 0.7371794871794872 0.4166666666666667 0.7339743589743589 0.42063492063492064 0.7211538461538461 0.42063492063492064 0.7083333333333334 0.4087301587301587 0.7083333333333334 0.39285714285714285 0.7115384615384616 0.3888888888888889 0.7115384615384616 0.38492063492063494 0.7147435897435898 0.38095238095238093 0.7243589743589743 0.38095238095238093 0.7403846153846154 0.36507936507936506 0.7564102564102564 0.36507936507936506 0.7596153846153846 0.36904761904761907
2 0.5096153846153846 0.17063492063492064 0.5128205128205128 0.18253968253968253 0.5032051282051282 0.1984126984126984 0.49038461538461536 0.1984126984126984 0.48717948717948717 0.19444444444444445 0.48717948717948717 0.1746031746031746 0.4935897435897436 0.16666666666666666 0.5032051282051282 0.16666666666666666 0.5064102564102564 0.17063492063492064
2 0.5512820512820513 0.1746031746031746 0.5608974358974359 0.18253968253968253 0.5608974358974359 0.19444444444444445 0.5480769230769231 0.21031746031746032 0.5352564102564102 0.21031746031746032 0.532051282051282 0.20634920634920634 0.532051282051282 0.1865079365079365 0.5384615384615384 0.17857142857142858 0.5480769230769231 0.1746031746031746
2 0.5246913580246914 0.18915343915343916 0.0308641975308642 0.04203409758965314
2 0.28846153846153844 0.2976190476190476 0.2948717948717949 0.3055555555555556 0.2948717948717949 0.32142857142857145 0.28846153846153844 0.32936507936507936 0.27564102564102566 0.32936507936507936 0.2692307692307692 0.31746031746031744 0.2692307692307692 0.3055555555555556 0.27564102564102566 0.2976190476190476 0.28525641025641024 0.2976190476190476
1 0.36217948717948717 0.26587301587301587 0.3717948717948718 0.27380952380952384 0.3717948717948718 0.2896825396825397 0.358974358974359 0.30158730158730157 0.34615384615384615 0.30158730158730157 0.34294871794871795 0.2976190476190476 0.33653846153846156 0.2976190476190476 0.3333333333333333 0.29365079365079366 0.3333333333333333 0.2698412698412698 0.33653846153846156 0.26587301587301587 0.358974358974359 0.26587301587301587
1 0.3974358974358974 0.42857142857142855 0.40705128205128205 0.44047619047619047 0.40705128205128205 0.4642857142857143 0.3942307692307692 0.47619047619047616 0.3685897435897436 0.47619047619047616 0.36538461538461536 0.4722222222222222 0.36538461538461536 0.44047619047619047 0.375 0.42857142857142855 0.3782051282051282 0.42857142857142855 0.3814102564102564 0.4246031746031746 0.391025641025641 0.4246031746031746 0.3942307692307692 0.42857142857142855
1 0.7564102564102564 0.5793650793650794 0.7692307692307693 0.5912698412698413 0.7692307692307693 0.6111111111111112 0.7596153846153846 0.6190476190476191 0.75 0.6190476190476191 0.7467948717948718 0.6150793650793651 0.7403846153846154 0.6150793650793651 0.7371794871794872 0.6111111111111112 0.7371794871794872 0.5952380952380952 0.7403846153846154 0.5912698412698413 0.7403846153846154 0.5873015873015873 0.7435897435897436 0.5833333333333334 0.7532051282051282 0.5793650793650794
1 0.75 0.49206349206349204 0.7596153846153846 0.5 0.7596153846153846 0.5198412698412699 0.75 0.5317460317460317 0.7467948717948718 0.5317460317460317 0.7307692307692307 0.5436507936507936 0.7115384615384616 0.5436507936507936 0.7051282051282052 0.5357142857142857 0.7051282051282052 0.5198412698412699 0.7083333333333334 0.5158730158730159 0.7083333333333334 0.5079365079365079 0.7147435897435898 0.5 0.7243589743589743 0.5 0.7275641025641025 0.49603174603174605 0.7339743589743589 0.49603174603174605 0.7371794871794872 0.49206349206349204 0.7467948717948718 0.49206349206349204
2 0.7115384615384616 0.6746031746031746 0.717948717948718 0.6825396825396826 0.717948717948718 0.6984126984126984 0.7147435897435898 0.7023809523809523 0.6987179487179487 0.7023809523809523 0.6923076923076923 0.6944444444444444 0.6923076923076923 0.6825396825396826 0.6987179487179487 0.6746031746031746 0.7083333333333334 0.6746031746031746
1 0.5801282051282052 0.47619047619047616 0.5897435897435898 0.49603174603174605 0.5897435897435898 0.5079365079365079 0.5833333333333334 0.5198412698412699 0.5576923076923077 0.5198412698412699 0.5512820512820513 0.5119047619047619 0.5512820512820513 0.4880952380952381 0.5544871794871795 0.48412698412698413 0.5544871794871795 0.4801587301587302 0.5576923076923077 0.4801587301587302 0.5608974358974359 0.47619047619047616 0.5769230769230769 0.47619047619047616
1 0.6666666666666666 0.3055555555555556 0.6666666666666666 0.30952380952380953 0.6698717948717948 0.3134920634920635 0.6698717948717948 0.32936507936507936 0.6666666666666666 0.3333333333333333 0.6634615384615384 0.34523809523809523 0.6602564102564102 0.34523809523809523 0.657051282051282 0.3492063492063492 0.6410256410256411 0.3492063492063492 0.6346153846153846 0.3412698412698413 0.6346153846153846 0.31746031746031744 0.6410256410256411 0.3055555555555556 0.6634615384615384 0.3055555555555556
1 0.8141025641025641 0.23809523809523808 0.8237179487179487 0.24603174603174602 0.8301282051282052 0.24603174603174602 0.8333333333333334 0.25 0.8365384615384616 0.25 0.8365384615384616 0.25396825396825395 0.8397435897435898 0.25793650793650796 0.8397435897435898 0.27380952380952384 0.8365384615384616 0.2777777777777778 0.8365384615384616 0.28174603174603174 0.8237179487179487 0.29365079365079366 0.8108974358974359 0.29365079365079366 0.7948717948717948 0.28174603174603174 0.7948717948717948 0.2698412698412698 0.7916666666666666 0.26587301587301587 0.7948717948717948 0.24603174603174602 0.8012820512820513 0.23809523809523808 0.8108974358974359 0.23809523809523808
2 0.717948717948718 0.14285714285714285 0.7211538461538461 0.14285714285714285 0.7243589743589743 0.1388888888888889 0.7307692307692307 0.1388888888888889 0.7339743589743589 0.1349206349206349 0.7435897435897436 0.1349206349206349 0.7467948717948718 0.1388888888888889 0.7467948717948718 0.15873015873015872 0.7403846153846154 0.16666666666666666 0.7243589743589743 0.16666666666666666 0.717948717948718 0.15873015873015872 0.717948717948718 0.14682539682539683
2 0.16898148148148148 0.7260435038212816 0.026234567901234566 0.03439153439153439
2 0.1762820512820513 0.7420634920634921 0.18269230769230768 0.75 0.18269230769230768 0.7698412698412699 0.1762820512820513 0.7777777777777778 0.16666666666666666 0.7777777777777778 0.15384615384615385 0.7658730158730159 0.15384615384615385 0.746031746031746 0.15705128205128205 0.7420634920634921 0.17307692307692307 0.7420634920634921
2 0.21474358974358973 0.43253968253968256 0.21794871794871795 0.4365079365079365 0.21794871794871795 0.4523809523809524 0.21474358974358973 0.45634920634920634 0.21474358974358973 0.4603174603174603 0.20192307692307693 0.4603174603174603 0.1987179487179487 0.45634920634920634 0.1987179487179487 0.4365079365079365 0.20192307692307693 0.43253968253968256 0.21153846153846154 0.43253968253968256
2 0.18518518518518517 0.47288359788359785 0.027777777777777776 0.03630217519106407
1 0.8493589743589743 0.6785714285714286 0.8557692307692307 0.6865079365079365 0.8557692307692307 0.6944444444444444 0.8589743589743589 0.6984126984126984 0.8589743589743589 0.7182539682539683 0.8557692307692307 0.7182539682539683 0.8525641025641025 0.7222222222222222 0.842948717948718 0.7222222222222222 0.8397435897435898 0.7182539682539683 0.8237179487179487 0.7103174603174603 0.8237179487179487 0.6865079365079365 0.8301282051282052 0.6785714285714286 0.8461538461538461 0.6785714285714286
1 0.1705246913580247 0.28086419753086417 0.038580246913580245 0.049676660787771894
1 0.6217948717948718 0.047619047619047616 0.625 0.051587301587301584 0.6314102564102564 0.051587301587301584 0.6346153846153846 0.05555555555555555 0.6378205128205128 0.05555555555555555 0.6442307692307693 0.06349206349206349 0.6442307692307693 0.08333333333333333 0.6410256410256411 0.0873015873015873 0.6410256410256411 0.09126984126984126 0.6378205128205128 0.09126984126984126 0.6314102564102564 0.0992063492063492 0.6217948717948718 0.0992063492063492 0.6185897435897436 0.09523809523809523 0.6185897435897436 0.09126984126984126 0.6089743589743589 0.08333333333333333 0.6089743589743589 0.07936507936507936 0.6057692307692307 0.07539682539682539 0.6057692307692307 0.05952380952380952 0.6089743589743589 0.05555555555555555 0.6089743589743589 0.051587301587301584 0.6185897435897436 0.047619047619047616
1 0.47435897435897434 0.03968253968253968 0.4807692307692308 0.047619047619047616 0.4807692307692308 0.05555555555555555 0.47435897435897434 0.06349206349206349 0.47435897435897434 0.06746031746031746 0.46153846153846156 0.08333333333333333 0.4519230769230769 0.08333333333333333 0.44551282051282054 0.07539682539682539 0.44551282051282054 0.07142857142857142 0.4423076923076923 0.06746031746031746 0.4423076923076923 0.05555555555555555 0.44551282051282054 0.051587301587301584 0.44551282051282054 0.047619047619047616 0.44871794871794873 0.047619047619047616 0.4551282051282051 0.03968253968253968 0.47115384615384615 0.03968253968253968
1 0.4391025641025641 0 0.4775641025641026 0 0.4775641025641026 0.003968253968253968 0.4807692307692308 0.007936507936507936 0.4807692307692308 0.015873015873015872 0.4775641025641026 0.01984126984126984 0.47435897435897434 0.031746031746031744 0.47115384615384615 0.031746031746031744 0.46794871794871795 0.03571428571428571 0.44871794871794873 0.03571428571428571 0.4358974358974359 0.023809523809523808 0.4358974358974359 0.007936507936507936 0.4391025641025641 0.003968253968253968
1 0.9326923076923077 0.11507936507936507 0.9487179487179487 0.13095238095238096 0.9487179487179487 0.15079365079365079 0.9391025641025641 0.1626984126984127 0.9358974358974359 0.1626984126984127 0.9326923076923077 0.16666666666666666 0.9166666666666666 0.1626984126984127 0.9038461538461539 0.15079365079365079 0.9038461538461539 0.1388888888888889 0.907051282051282 0.1349206349206349 0.907051282051282 0.13095238095238096 0.9198717948717948 0.11507936507936507 0.9294871794871795 0.11507936507936507
1 0.9519230769230769 0.3333333333333333 0.9551282051282052 0.3373015873015873 0.9551282051282052 0.3611111111111111 0.9423076923076923 0.376984126984127 0.9166666666666666 0.376984126984127 0.9102564102564102 0.36904761904761907 0.9102564102564102 0.34523809523809523 0.9198717948717948 0.3333333333333333 0.9487179487179487 0.3333333333333333
1 0.9326923076923077 0.38492063492063494 0.9326923076923077 0.3888888888888889 0.9358974358974359 0.39285714285714285 0.9455128205128205 0.39285714285714285 0.9519230769230769 0.4007936507936508 0.9551282051282052 0.4007936507936508 0.9551282051282052 0.4246031746031746 0.9519230769230769 0.42857142857142855 0.9391025641025641 0.42857142857142855 0.9358974358974359 0.43253968253968256 0.9198717948717948 0.43253968253968256 0.9134615384615384 0.42063492063492064 0.9134615384615384 0.3968253968253968 0.9166666666666666 0.39285714285714285 0.9166666666666666 0.3888888888888889 0.9230769230769231 0.38095238095238093 0.9262820512820513 0.38095238095238093 0.9294871794871795 0.38492063492063494
1 0.5 0.5198412698412699 0.5032051282051282 0.5238095238095238 0.5096153846153846 0.5238095238095238 0.5128205128205128 0.5277777777777778 0.5128205128205128 0.5555555555555556 0.5064102564102564 0.5634920634920635 0.49038461538461536 0.5634920634920635 0.48717948717948717 0.5595238095238095 0.483974358974359 0.5595238095238095 0.4775641025641026 0.5476190476190477 0.4807692307692308 0.5277777777777778 0.48717948717948717 0.5198412698412699 0.4967948717948718 0.5198412698412699
1 0.3333333333333333 0.6309523809523809 0.33653846153846156 0.6349206349206349 0.33653846153846156 0.6587301587301587 0.3301282051282051 0.6666666666666666 0.3301282051282051 0.6706349206349206 0.32051282051282054 0.6706349206349206 0.3173076923076923 0.6746031746031746 0.3076923076923077 0.6746031746031746 0.2980769230769231 0.6626984126984127 0.2980769230769231 0.6388888888888888 0.30448717948717946 0.626984126984127 0.3269230769230769 0.626984126984127 0.3301282051282051 0.6309523809523809
1 0.21474358974358973 0.5555555555555556 0.21794871794871795 0.5595238095238095 0.22756410256410256 0.5634920634920635 0.23397435897435898 0.5714285714285714 0.23397435897435898 0.5952380952380952 0.22756410256410256 0.6071428571428571 0.20833333333333334 0.6071428571428571 0.19230769230769232 0.5952380952380952 0.19230769230769232 0.5674603174603174 0.20192307692307693 0.5555555555555556 0.21153846153846154 0.5555555555555556
1 0.21474358974358973 0.7420634920634921 0.22115384615384615 0.75 0.22435897435897437 0.7619047619047619 0.22115384615384615 0.7658730158730159 0.21794871794871795 0.7777777777777778 0.21474358974358973 0.7817460317460317 0.20833333333333334 0.7817460317460317 0.20512820512820512 0.7857142857142857 0.1955128205128205 0.7817460317460317 0.1891025641025641 0.7738095238095238 0.1891025641025641 0.7658730158730159 0.19230769230769232 0.7619047619047619 0.19230769230769232 0.753968253968254 0.20192307692307693 0.7420634920634921 0.21153846153846154 0.7420634920634921
1 0.658179012345679 0.190108759553204 0.038580246913580245 0.04394473838918283
2 0.1987179487179487 0.9523809523809523 0.20833333333333334 0.9523809523809523 0.21153846153846154 0.9563492063492064 0.21153846153846154 0.9682539682539683 0.20833333333333334 0.9722222222222222 0.20192307692307693 0.9722222222222222 0.1955128205128205 0.9642857142857143 0.1955128205128205 0.9603174603174603 0.1987179487179487 0.9563492063492064
1 0.3782051282051282 0.5753968253968254 0.38461538461538464 0.5833333333333334 0.38461538461538464 0.6031746031746031 0.3782051282051282 0.6150793650793651 0.36217948717948717 0.6150793650793651 0.3557692307692308 0.6071428571428571 0.3557692307692308 0.5873015873015873 0.358974358974359 0.5833333333333334 0.358974358974359 0.5793650793650794 0.36217948717948717 0.5793650793650794 0.36538461538461536 0.5753968253968254 0.375 0.5753968253968254
2 0.15705128205128205 0.32142857142857145 0.16025641025641027 0.3253968253968254 0.16346153846153846 0.3253968253968254 0.16346153846153846 0.3412698412698413 0.16025641025641027 0.3412698412698413 0.15705128205128205 0.34523809523809523 0.14743589743589744 0.34523809523809523 0.14423076923076922 0.3412698412698413 0.14423076923076922 0.32936507936507936 0.15384615384615385 0.3253968253968254
2 0.1743827160493827 0.35537918871252205 0.018518518518518517 0.02292768959435626
2 0.19135802469135801 0.23214285714285715 0.018518518518518517 0.024838330393885947
2 0.10576923076923077 0.28174603174603174 0.11217948717948718 0.2896825396825397 0.10576923076923077 0.30158730158730157 0.09935897435897435 0.30158730158730157 0.09294871794871795 0.29365079365079366 0.09294871794871795 0.2857142857142857 0.10256410256410256 0.28174603174603174
2 0.42948717948717946 0.7777777777777778 0.4358974358974359 0.7857142857142857 0.4358974358974359 0.7936507936507936 0.42628205128205127 0.8015873015873016 0.4230769230769231 0.7976190476190477 0.4198717948717949 0.7976190476190477 0.4198717948717949 0.7817460317460317 0.4230769230769231 0.7777777777777778 0.42628205128205127 0.7777777777777778
2 0.46153846153846156 0.6547619047619048 0.47115384615384615 0.6507936507936508 0.4775641025641026 0.6587301587301587 0.4775641025641026 0.6666666666666666 0.47435897435897434 0.6706349206349206 0.46474358974358976 0.6706349206349206 0.46153846153846156 0.6666666666666666 0.46153846153846156 0.6587301587301587
2 0.47435897435897434 0.6785714285714286 0.4807692307692308 0.6904761904761905 0.47435897435897434 0.7023809523809523 0.4583333333333333 0.7023809523809523 0.4583333333333333 0.6984126984126984 0.4551282051282051 0.6944444444444444 0.4583333333333333 0.6904761904761905 0.4583333333333333 0.6825396825396826 0.46474358974358976 0.6825396825396826 0.46794871794871795 0.6785714285714286 0.47115384615384615 0.6785714285714286
2 0.6257716049382716 0.5540858318636096 0.020061728395061727 0.02292768959435626
2 0.5961538461538461 0.11904761904761904 0.5993589743589743 0.12301587301587301 0.5993589743589743 0.1388888888888889 0.5865384615384616 0.1388888888888889 0.5833333333333334 0.1349206349206349 0.5833333333333334 0.12698412698412698 0.5897435897435898 0.11904761904761904 0.592948717948718 0.11904761904761904
2 0.5256410256410257 0.9325396825396826 0.5256410256410257 0.9484126984126984 0.5224358974358975 0.9484126984126984 0.5160256410256411 0.9563492063492064 0.5096153846153846 0.9563492063492064 0.5032051282051282 0.9484126984126984 0.5032051282051282 0.9444444444444444 0.5096153846153846 0.9325396825396826 0.5128205128205128 0.9325396825396826 0.5160256410256411 0.9285714285714286 0.5192307692307693 0.9285714285714286 0.5224358974358975 0.9325396825396826
2 0.35262345679012347 0.9581863609641388 0.032407407407407406 0.032480893592004706
1 0.5801282051282052 0.3888888888888889 0.5897435897435898 0.373015873015873 0.5993589743589743 0.373015873015873 0.6057692307692307 0.38095238095238093 0.6121794871794872 0.38095238095238093 0.6153846153846154 0.39285714285714285 0.6121794871794872 0.3968253968253968 0.6121794871794872 0.40476190476190477 0.6089743589743589 0.4087301587301587 0.5961538461538461 0.4087301587301587 0.592948717948718 0.40476190476190477 0.5865384615384616 0.40476190476190477 0.5833333333333334 0.4007936507936508 0.5833333333333334 0.39285714285714285
2 0.15384615384615385 0.4126984126984127 0.15705128205128205 0.4166666666666667 0.16025641025641027 0.4166666666666667 0.16346153846153846 0.42063492063492064 0.16346153846153846 0.4246031746031746 0.16025641025641027 0.42857142857142855 0.14743589743589744 0.42857142857142855 0.14743589743589744 0.4166666666666667 0.15064102564102563 0.4166666666666667
2 0.5705128205128205 0.19047619047619047 0.5737179487179487 0.19047619047619047 0.5769230769230769 0.1865079365079365 0.5801282051282052 0.1865079365079365 0.5833333333333334 0.19047619047619047 0.5833333333333334 0.1984126984126984 0.5801282051282052 0.20238095238095238 0.5737179487179487 0.20238095238095238 0.5705128205128205 0.1984126984126984 0.5705128205128205 0.19444444444444445
1 0.75 0.23412698412698413 0.75 0.25 0.7435897435897436 0.2619047619047619 0.7243589743589743 0.2619047619047619 0.7211538461538461 0.25793650793650796 0.7211538461538461 0.23809523809523808 0.7243589743589743 0.23412698412698413 0.7307692307692307 0.23412698412698413 0.7339743589743589 0.23015873015873015 0.7435897435897436 0.23015873015873015 0.7467948717948718 0.23412698412698413
1 0.75 0.2698412698412698 0.7628205128205128 0.2698412698412698 0.7660256410256411 0.27380952380952384 0.7756410256410257 0.2777777777777778 0.7756410256410257 0.2976190476190476 0.7724358974358975 0.30158730158730157 0.7692307692307693 0.3134920634920635 0.7660256410256411 0.31746031746031744 0.7532051282051282 0.31746031746031744 0.7371794871794872 0.2976190476190476 0.7371794871794872 0.2857142857142857 0.75 0.27380952380952384
1 0.7403846153846154 0.3055555555555556 0.75 0.3134920634920635 0.75 0.32936507936507936 0.7435897435897436 0.3412698412698413 0.7275641025641025 0.3412698412698413 0.717948717948718 0.3333333333333333 0.717948717948718 0.32142857142857145 0.7211538461538461 0.31746031746031744 0.7211538461538461 0.3134920634920635 0.7275641025641025 0.3055555555555556 0.7371794871794872 0.3055555555555556
1 0.3525641025641026 0.5277777777777778 0.36538461538461536 0.5277777777777778 0.3685897435897436 0.5317460317460317 0.3717948717948718 0.5317460317460317 0.3814102564102564 0.5515873015873016 0.3814102564102564 0.5595238095238095 0.375 0.5714285714285714 0.3557692307692308 0.5714285714285714 0.3525641025641026 0.5674603174603174 0.34935897435897434 0.5674603174603174 0.34294871794871795 0.5595238095238095 0.34294871794871795 0.5476190476190477 0.3525641025641026 0.5317460317460317
1 0.32716049382716045 0.9228395061728395 0.05246913580246913 0.061140505584950024
1 0.2785493827160494 0.9085097001763668 0.035493827160493825 0.04394473838918283
1 0.2692307692307692 0.8373015873015873 0.2724358974358974 0.8412698412698413 0.27884615384615385 0.8412698412698413 0.27884615384615385 0.8452380952380952 0.28205128205128205 0.8492063492063492 0.28205128205128205 0.8531746031746031 0.27884615384615385 0.8571428571428571 0.27884615384615385 0.8690476190476191 0.2724358974358974 0.876984126984127 0.2724358974358974 0.8888888888888888 0.2692307692307692 0.8928571428571429 0.2692307692307692 0.8968253968253969 0.2532051282051282 0.8968253968253969 0.2467948717948718 0.8888888888888888 0.2403846153846154 0.8888888888888888 0.23717948717948717 0.8849206349206349 0.23717948717948717 0.876984126984127 0.23397435897435898 0.873015873015873 0.23397435897435898 0.8690476190476191 0.23717948717948717 0.8650793650793651 0.23717948717948717 0.8571428571428571 0.24358974358974358 0.8492063492063492 0.2467948717948718 0.8492063492063492 0.2564102564102564 0.8373015873015873 0.266025641025641 0.8373015873015873
1 0.5833333333333334 0.8492063492063492 0.592948717948718 0.8571428571428571 0.5993589743589743 0.8571428571428571 0.5993589743589743 0.8611111111111112 0.6025641025641025 0.8650793650793651 0.6025641025641025 0.8849206349206349 0.592948717948718 0.8968253968253969 0.5865384615384616 0.8968253968253969 0.5833333333333334 0.9007936507936508 0.5737179487179487 0.9007936507936508 0.5641025641025641 0.8849206349206349 0.5641025641025641 0.8571428571428571 0.5705128205128205 0.8492063492063492 0.5801282051282052 0.8492063492063492
2 0.7754629629629629 0.7269988242210464 0.032407407407407406 0.040123456790123455
2 0.30448717948717946 0.5833333333333334 0.3076923076923077 0.5952380952380952 0.30128205128205127 0.6071428571428571 0.28846153846153844 0.6071428571428571 0.27884615384615385 0.5992063492063492 0.27884615384615385 0.5833333333333334 0.28205128205128205 0.5793650793650794 0.2980769230769231 0.5793650793650794 0.30128205128205127 0.5833333333333334
2 0.24305555555555555 0.6610817166372721 0.026234567901234566 0.03439153439153439
2 0.25 0.6142710170487947 0.033950617283950615 0.04394473838918283
1 0.1794871794871795 0.7857142857142857 0.1858974358974359 0.7936507936507936 0.1858974358974359 0.8095238095238095 0.1794871794871795 0.8214285714285714 0.15705128205128205 0.8214285714285714 0.15384615384615385 0.8174603174603174 0.14423076923076922 0.8134920634920635 0.14423076923076922 0.7976190476190477 0.14743589743589744 0.7936507936507936 0.16025641025641027 0.7936507936507936 0.16666666666666666 0.7857142857142857 0.1762820512820513 0.7857142857142857
1 0.38461538461538464 0.8531746031746031 0.38782051282051283 0.8571428571428571 0.391025641025641 0.8571428571428571 0.391025641025641 0.8611111111111112 0.3942307692307692 0.8650793650793651 0.3942307692307692 0.8849206349206349 0.38461538461538464 0.8968253968253969 0.375 0.8968253968253969 0.36217948717948717 0.8849206349206349 0.36217948717948717 0.8650793650793651 0.36538461538461536 0.8611111111111112 0.36538461538461536 0.8571428571428571 0.3685897435897436 0.8571428571428571 0.3717948717948718 0.8531746031746031 0.3814102564102564 0.8531746031746031
2 0.7243589743589743 0.9246031746031746 0.7275641025641025 0.9246031746031746 0.7307692307692307 0.9206349206349206 0.7467948717948718 0.9206349206349206 0.75 0.9246031746031746 0.7532051282051282 0.9246031746031746 0.7532051282051282 0.9444444444444444 0.7467948717948718 0.9523809523809523 0.7467948717948718 0.9563492063492064 0.7339743589743589 0.9563492063492064 0.7307692307692307 0.9523809523809523 0.7275641025641025 0.9523809523809523 0.7243589743589743 0.9484126984126984 0.7243589743589743 0.9285714285714286
1 0.7211538461538461 0.873015873015873 0.7243589743589743 0.876984126984127 0.7243589743589743 0.8888888888888888 0.7115384615384616 0.9126984126984127 0.6955128205128205 0.9126984126984127 0.6923076923076923 0.9087301587301587 0.6891025641025641 0.9087301587301587 0.6891025641025641 0.9047619047619048 0.6826923076923077 0.8928571428571429 0.6826923076923077 0.873015873015873 0.6858974358974359 0.8690476190476191 0.6955128205128205 0.8690476190476191 0.6987179487179487 0.873015873015873 0.717948717948718 0.873015873015873
1 0.1858974358974359 0.5 0.1955128205128205 0.5119047619047619 0.1955128205128205 0.5277777777777778 0.1858974358974359 0.5396825396825397 0.16666666666666666 0.5396825396825397 0.16666666666666666 0.5119047619047619 0.17307692307692307 0.5 0.18269230769230768 0.5
1 0.1794871794871795 0.39285714285714285 0.1794871794871795 0.36904761904761907 0.1858974358974359 0.3611111111111111 0.20192307692307693 0.3611111111111111 0.21153846153846154 0.373015873015873 0.21153846153846154 0.39285714285714285 0.20833333333333334 0.3968253968253968 0.20833333333333334 0.4007936507936508 0.19230769230769232 0.4007936507936508 0.18269230769230768 0.39285714285714285
1 0.2467948717948718 0.30952380952380953 0.2532051282051282 0.32142857142857145 0.2532051282051282 0.32936507936507936 0.2467948717948718 0.3373015873015873 0.2467948717948718 0.3412698412698413 0.24358974358974358 0.3412698412698413 0.2403846153846154 0.34523809523809523 0.22435897435897437 0.34523809523809523 0.22115384615384615 0.3412698412698413 0.21794871794871795 0.3412698412698413 0.21474358974358973 0.3373015873015873 0.21474358974358973 0.32142857142857145 0.22435897435897437 0.3055555555555556 0.2403846153846154 0.3055555555555556 0.24358974358974358 0.30952380952380953
1 0.8301282051282052 0.19047619047619047 0.8301282051282052 0.1984126984126984 0.8333333333333334 0.20238095238095238 0.8333333333333334 0.21428571428571427 0.8237179487179487 0.23015873015873015 0.8173076923076923 0.23015873015873015 0.8141025641025641 0.23412698412698413 0.8044871794871795 0.23412698412698413 0.7948717948717948 0.2222222222222222 0.7948717948717948 0.20238095238095238 0.7980769230769231 0.1984126984126984 0.7980769230769231 0.19444444444444445 0.8076923076923077 0.1865079365079365 0.8237179487179487 0.1865079365079365 0.8269230769230769 0.19047619047619047
1 0.4326923076923077 0.5119047619047619 0.4391025641025641 0.5198412698412699 0.44551282051282054 0.5198412698412699 0.4551282051282051 0.5277777777777778 0.4551282051282051 0.5515873015873016 0.44551282051282054 0.5674603174603174 0.4358974358974359 0.5674603174603174 0.4326923076923077 0.5634920634920635 0.4166666666666667 0.5634920634920635 0.4166666666666667 0.5595238095238095 0.41346153846153844 0.5555555555555556 0.41346153846153844 0.5317460317460317 0.4166666666666667 0.5277777777777778 0.4166666666666667 0.5238095238095238 0.42628205128205127 0.5119047619047619 0.42948717948717946 0.5119047619047619
1 0.6697530864197531 0.4021898883009994 0.037037037037037035 0.04776601998824221
2 0.6506410256410257 0.35714285714285715 0.6602564102564102 0.36507936507936506 0.6602564102564102 0.376984126984127 0.657051282051282 0.376984126984127 0.6506410256410257 0.38492063492063494 0.6410256410256411 0.38095238095238093 0.6346153846153846 0.373015873015873 0.6346153846153846 0.3611111111111111 0.6378205128205128 0.35714285714285715 0.6474358974358975 0.35714285714285715
1 0.6891025641025641 0.3373015873015873 0.6987179487179487 0.3492063492063492 0.6987179487179487 0.3531746031746032 0.7019230769230769 0.35714285714285715 0.7019230769230769 0.36904761904761907 0.6955128205128205 0.376984126984127 0.6762820512820513 0.376984126984127 0.6666666666666666 0.36507936507936506 0.6666666666666666 0.3492063492063492 0.6762820512820513 0.3373015873015873 0.6858974358974359 0.3373015873015873
1 0.6314102564102564 0.3492063492063492 0.6346153846153846 0.3531746031746032 0.6346153846153846 0.36507936507936506 0.6314102564102564 0.36904761904761907 0.6314102564102564 0.376984126984127 0.6282051282051282 0.38095238095238093 0.6282051282051282 0.38492063492063494 0.6089743589743589 0.38492063492063494 0.6025641025641025 0.376984126984127 0.6025641025641025 0.36904761904761907 0.6089743589743589 0.3611111111111111 0.6121794871794872 0.3611111111111111 0.6185897435897436 0.3531746031746032 0.6282051282051282 0.3492063492063492
1 0.566358024691358 0.3630217519106408 0.0308641975308642 0.053497942386831275
2 0.6003086419753085 0.33722810111699003 0.021604938271604937 0.032480893592004706
1 0.057692307692307696 0.7261904761904762 0.060897435897435896 0.7261904761904762 0.07051282051282051 0.7182539682539683 0.08333333333333333 0.7182539682539683 0.09935897435897435 0.7380952380952381 0.09935897435897435 0.75 0.09615384615384616 0.753968253968254 0.09615384615384616 0.7579365079365079 0.09294871794871795 0.7579365079365079 0.08012820512820513 0.7698412698412699 0.060897435897435896 0.7698412698412699 0.05448717948717949 0.7619047619047619 0.05448717948717949 0.7341269841269841 0.057692307692307696 0.7301587301587301
1 0.09294871794871795 0.8214285714285714 0.09615384615384616 0.8214285714285714 0.09935897435897435 0.8174603174603174 0.11858974358974358 0.8174603174603174 0.125 0.8253968253968254 0.125 0.8452380952380952 0.12179487179487179 0.8492063492063492 0.11858974358974358 0.8611111111111112 0.10897435897435898 0.873015873015873 0.10576923076923077 0.873015873015873 0.10256410256410256 0.876984126984127 0.09294871794871795 0.876984126984127 0.08653846153846154 0.8690476190476191 0.08653846153846154 0.8452380952380952 0.08974358974358974 0.8412698412698413 0.08974358974358974 0.8293650793650794 0.09294871794871795 0.8253968253968254
2 0.3269230769230769 0.6904761904761905 0.3301282051282051 0.6944444444444444 0.3301282051282051 0.7103174603174603 0.3269230769230769 0.7103174603174603 0.32371794871794873 0.7142857142857143 0.3141025641025641 0.7142857142857143 0.3108974358974359 0.7103174603174603 0.3108974358974359 0.6944444444444444 0.3173076923076923 0.6865079365079365 0.32051282051282054 0.6865079365079365 0.32371794871794873 0.6904761904761905
2 0.28205128205128205 0.7182539682539683 0.27884615384615385 0.7063492063492064 0.28525641025641024 0.6944444444444444 0.30128205128205127 0.6944444444444444 0.30128205128205127 0.6984126984126984 0.30448717948717946 0.7023809523809523 0.30448717948717946 0.7103174603174603 0.2980769230769231 0.7182539682539683 0.28525641025641024 0.7182539682539683
1 0.8621794871794872 0.5912698412698413 0.8685897435897436 0.5992063492063492 0.8685897435897436 0.623015873015873 0.8653846153846154 0.626984126984127 0.8397435897435898 0.626984126984127 0.8365384615384616 0.623015873015873 0.8365384615384616 0.6031746031746031 0.8493589743589743 0.5912698412698413 0.8589743589743589 0.5912698412698413
1 0.8333333333333334 0.6309523809523809 0.8525641025641025 0.6309523809523809 0.8589743589743589 0.6388888888888888 0.8589743589743589 0.6468253968253969 0.8621794871794872 0.6507936507936508 0.8621794871794872 0.6587301587301587 0.8557692307692307 0.6706349206349206 0.8461538461538461 0.6706349206349206 0.842948717948718 0.6666666666666666 0.8365384615384616 0.6666666666666666 0.8269230769230769 0.6547619047619048 0.8269230769230769 0.6507936507936508 0.8301282051282052 0.6468253968253969 0.8301282051282052 0.6388888888888888 0.8333333333333334 0.6349206349206349
1 0.8974358974358975 0.4722222222222222 0.9102564102564102 0.48412698412698413 0.9102564102564102 0.5079365079365079 0.9038461538461539 0.5158730158730159 0.8846153846153846 0.5158730158730159 0.8814102564102564 0.5119047619047619 0.8782051282051282 0.5119047619047619 0.8782051282051282 0.5079365079365079 0.875 0.503968253968254 0.875 0.48412698412698413 0.8782051282051282 0.4801587301587302 0.8782051282051282 0.47619047619047616 0.8814102564102564 0.47619047619047616 0.8846153846153846 0.4722222222222222 0.8942307692307693 0.4722222222222222
1 0.43287037037037035 0.27131099353321575 0.035493827160493825 0.03821281599059377
1 0.15064102564102563 0.9484126984126984 0.15384615384615385 0.9523809523809523 0.15384615384615385 0.9642857142857143 0.14423076923076922 0.9801587301587301 0.1282051282051282 0.9801587301587301 0.12179487179487179 0.9722222222222222 0.12179487179487179 0.9563492063492064 0.13141025641025642 0.9404761904761905 0.14102564102564102 0.9404761904761905 0.14743589743589744 0.9484126984126984
1 0.8076923076923077 0.9126984126984127 0.8173076923076923 0.9246031746031746 0.8173076923076923 0.9484126984126984 0.8108974358974359 0.9563492063492064 0.782051282051282 0.9563492063492064 0.7756410256410257 0.9484126984126984 0.7756410256410257 0.9285714285714286 0.7788461538461539 0.9246031746031746 0.7788461538461539 0.9206349206349206 0.7884615384615384 0.9126984126984127 0.8044871794871795 0.9126984126984127
1 0.7371794871794872 0.1746031746031746 0.7403846153846154 0.17857142857142858 0.7435897435897436 0.17857142857142858 0.75 0.19047619047619047 0.7532051282051282 0.19047619047619047 0.7532051282051282 0.21031746031746032 0.7467948717948718 0.21825396825396826 0.7307692307692307 0.21825396825396826 0.7275641025641025 0.21428571428571427 0.717948717948718 0.21031746031746032 0.717948717948718 0.20634920634920634 0.7147435897435898 0.20238095238095238 0.7147435897435898 0.19047619047619047 0.717948717948718 0.1865079365079365 0.717948717948718 0.17857142857142858 0.7211538461538461 0.17857142857142858 0.7243589743589743 0.1746031746031746 0.7339743589743589 0.1746031746031746
1 0.8846153846153846 0.0873015873015873 0.8878205128205128 0.09126984126984126 0.8878205128205128 0.11904761904761904 0.8814102564102564 0.12698412698412698 0.8814102564102564 0.13095238095238096 0.8621794871794872 0.13095238095238096 0.8589743589743589 0.12698412698412698 0.8557692307692307 0.12698412698412698 0.8557692307692307 0.12301587301587301 0.8493589743589743 0.1111111111111111 0.8525641025641025 0.0992063492063492 0.8557692307692307 0.09523809523809523 0.8589743589743589 0.09523809523809523 0.8685897435897436 0.08333333333333333 0.8782051282051282 0.08333333333333333 0.8814102564102564 0.0873015873015873
1 0.8974358974358975 0.15476190476190477 0.9006410256410257 0.15873015873015872 0.9134615384615384 0.15873015873015872 0.9134615384615384 0.1626984126984127 0.9198717948717948 0.17063492063492064 0.9198717948717948 0.1865079365079365 0.9134615384615384 0.19444444444444445 0.9134615384615384 0.1984126984126984 0.9102564102564102 0.1984126984126984 0.907051282051282 0.20238095238095238 0.8974358974358975 0.20238095238095238 0.8942307692307693 0.1984126984126984 0.8910256410256411 0.1984126984126984 0.8814102564102564 0.17857142857142858 0.8814102564102564 0.16666666666666666 0.8846153846153846 0.1626984126984127 0.8846153846153846 0.15873015873015872 0.8942307692307693 0.15476190476190477
1 0.3108974358974359 0.11904761904761904 0.3141025641025641 0.12301587301587301 0.32371794871794873 0.12698412698412698 0.32371794871794873 0.1349206349206349 0.3269230769230769 0.1388888888888889 0.3269230769230769 0.15079365079365079 0.32371794871794873 0.15476190476190477 0.32371794871794873 0.15873015873015872 0.3108974358974359 0.15873015873015872 0.3076923076923077 0.1626984126984127 0.2948717948717949 0.1626984126984127 0.2916666666666667 0.15873015873015872 0.2916666666666667 0.14682539682539683 0.28846153846153844 0.14285714285714285 0.2916666666666667 0.12301587301587301 0.2948717948717949 0.12301587301587301 0.2980769230769231 0.11904761904761904 0.3076923076923077 0.11904761904761904
1 0.6730769230769231 0.24206349206349206 0.6826923076923077 0.25 0.6826923076923077 0.28174603174603174 0.6762820512820513 0.2896825396825397 0.6666666666666666 0.2896825396825397 0.6634615384615384 0.2857142857142857 0.6538461538461539 0.28174603174603174 0.6538461538461539 0.25793650793650796 0.6602564102564102 0.24603174603174602 0.6698717948717948 0.24206349206349206
1 0.5544871794871795 0.7777777777777778 0.5641025641025641 0.7896825396825397 0.5641025641025641 0.8095238095238095 0.5608974358974359 0.8134920634920635 0.5608974358974359 0.8253968253968254 0.5576923076923077 0.8293650793650794 0.5576923076923077 0.8333333333333334 0.5544871794871795 0.8333333333333334 0.5512820512820513 0.8373015873015873 0.5448717948717948 0.8373015873015873 0.5416666666666666 0.8333333333333334 0.5416666666666666 0.8293650793650794 0.5384615384615384 0.8253968253968254 0.5352564102564102 0.8253968253968254 0.5352564102564102 0.8214285714285714 0.532051282051282 0.8174603174603174 0.532051282051282 0.7896825396825397 0.5416666666666666 0.7777777777777778 0.5512820512820513 0.7777777777777778
1 0.48717948717948717 0.6071428571428571 0.49038461538461536 0.6111111111111112 0.4967948717948718 0.6111111111111112 0.4967948717948718 0.6150793650793651 0.5 0.6190476190476191 0.5 0.6428571428571429 0.4935897435897436 0.6507936507936508 0.4775641025641026 0.6507936507936508 0.47435897435897434 0.6468253968253969 0.46794871794871795 0.6468253968253969 0.46153846153846156 0.6349206349206349 0.46153846153846156 0.6150793650793651 0.46794871794871795 0.6071428571428571 0.483974358974359 0.6071428571428571
1 0.391025641025641 0.2896825396825397 0.3974358974358974 0.30158730158730157 0.3942307692307692 0.3134920634920635 0.38782051282051283 0.32142857142857145 0.38461538461538464 0.32142857142857145 0.3814102564102564 0.3253968253968254 0.3717948717948718 0.3253968253968254 0.36217948717948717 0.3333333333333333 0.33653846153846156 0.3333333333333333 0.3333333333333333 0.32936507936507936 0.3333333333333333 0.32142857142857145 0.33974358974358976 0.3134920634920635 0.34935897435897434 0.30952380952380953 0.375 0.2857142857142857 0.38461538461538464 0.2857142857142857 0.38782051282051283 0.2896825396825397
1 0.40384615384615385 0.9246031746031746 0.40705128205128205 0.9285714285714286 0.41346153846153844 0.9285714285714286 0.4198717948717949 0.9404761904761905 0.4198717948717949 0.9484126984126984 0.41025641025641024 0.9642857142857143 0.391025641025641 0.9642857142857143 0.375 0.9523809523809523 0.375 0.9285714285714286 0.3782051282051282 0.9246031746031746 0.40064102564102566 0.9246031746031746
2 0.4326923076923077 0.9563492063492064 0.4326923076923077 0.9523809523809523 0.42948717948717946 0.9484126984126984 0.42948717948717946 0.9365079365079365 0.4423076923076923 0.9246031746031746 0.44871794871794873 0.9246031746031746 0.4551282051282051 0.9325396825396826 0.4551282051282051 0.9523809523809523 0.4519230769230769 0.9563492063492064 0.4358974358974359 0.9563492063492064
2 0.7019230769230769 0.7142857142857143 0.7051282051282052 0.7142857142857143 0.7083333333333334 0.7103174603174603 0.717948717948718 0.7103174603174603 0.7211538461538461 0.7142857142857143 0.7243589743589743 0.7142857142857143 0.7243589743589743 0.7341269841269841 0.7211538461538461 0.7380952380952381 0.7083333333333334 0.7380952380952381 0.7051282051282052 0.7341269841269841 0.7019230769230769 0.7341269841269841 0.7019230769230769 0.7182539682539683
2 0.6634615384615384 0.7658730158730159 0.6634615384615384 0.746031746031746 0.6666666666666666 0.7420634920634921 0.6826923076923077 0.7420634920634921 0.6826923076923077 0.7619047619047619 0.6762820512820513 0.7698412698412699 0.6698717948717948 0.7698412698412699 0.6666666666666666 0.7658730158730159
1 0.7948717948717948 0.4007936507936508 0.8044871794871795 0.4087301587301587 0.8044871794871795 0.4246031746031746 0.8012820512820513 0.42857142857142855 0.8012820512820513 0.43253968253968256 0.7916666666666666 0.44047619047619047 0.7788461538461539 0.44047619047619047 0.7692307692307693 0.43253968253968256 0.7692307692307693 0.4126984126984127 0.782051282051282 0.4007936507936508 0.7916666666666666 0.4007936507936508
1 0.1762820512820513 0.5793650793650794 0.1858974358974359 0.5873015873015873 0.1858974358974359 0.6150793650793651 0.1762820512820513 0.626984126984127 0.15064102564102563 0.626984126984127 0.14102564102564102 0.6190476190476191 0.14102564102564102 0.5952380952380952 0.15064102564102563 0.5873015873015873 0.15705128205128205 0.5873015873015873 0.16346153846153846 0.5793650793650794 0.17307692307692307 0.5793650793650794
1 0.19984567901234568 0.6343327454438565 0.047839506172839504 0.049676660787771894
2 0.16987179487179488 0.6309523809523809 0.17307692307692307 0.6349206349206349 0.17307692307692307 0.6468253968253969 0.16987179487179488 0.6507936507936508 0.16987179487179488 0.6547619047619048 0.15705128205128205 0.6547619047619048 0.15384615384615385 0.6507936507936508 0.15384615384615385 0.6349206349206349 0.15705128205128205 0.6309523809523809 0.16666666666666666 0.6309523809523809
2 0.3719135802469135 0.1280129335684891 0.027777777777777776 0.03439153439153439
2 0.33487654320987653 0.1146384479717813 0.033950617283950615 0.03821281599059377
2 0.375 0.15476190476190477 0.3814102564102564 0.16666666666666666 0.3814102564102564 0.1746031746031746 0.3782051282051282 0.17857142857142858 0.3782051282051282 0.18253968253968253 0.375 0.18253968253968253 0.3717948717948718 0.1865079365079365 0.36217948717948717 0.1865079365079365 0.3557692307692308 0.1746031746031746 0.3557692307692308 0.1626984126984127 0.36217948717948717 0.15476190476190477 0.3717948717948718 0.15476190476190477
1 0.8461538461538461 0.9523809523809523 0.8461538461538461 0.9484126984126984 0.842948717948718 0.9444444444444444 0.842948717948718 0.9325396825396826 0.8557692307692307 0.9126984126984127 0.8782051282051282 0.9126984126984127 0.8782051282051282 0.9166666666666666 0.8846153846153846 0.9246031746031746 0.8846153846153846 0.9365079365079365 0.8814102564102564 0.9404761904761905 0.8814102564102564 0.9484126984126984 0.8782051282051282 0.9484126984126984 0.8717948717948718 0.9563492063492064 0.8525641025641025 0.9563492063492064 0.8493589743589743 0.9523809523809523
2 0.8557692307692307 0.9007936507936508 0.8589743589743589 0.9047619047619048 0.8621794871794872 0.9047619047619048 0.8621794871794872 0.9087301587301587 0.8589743589743589 0.9126984126984127 0.8589743589743589 0.9166666666666666 0.8557692307692307 0.9166666666666666 0.8525641025641025 0.9206349206349206 0.8493589743589743 0.9166666666666666 0.8461538461538461 0.9166666666666666 0.8461538461538461 0.9126984126984127 0.842948717948718 0.9087301587301587 0.8493589743589743 0.9007936507936508 0.8525641025641025 0.9007936507936508
1 0.6346153846153846 0.9007936507936508 0.6378205128205128 0.9047619047619048 0.6474358974358975 0.9087301587301587 0.6474358974358975 0.9126984126984127 0.6538461538461539 0.9206349206349206 0.6538461538461539 0.9444444444444444 0.6506410256410257 0.9484126984126984 0.6506410256410257 0.9523809523809523 0.6410256410256411 0.9603174603174603 0.6282051282051282 0.9603174603174603 0.625 0.9563492063492064 0.6185897435897436 0.9563492063492064 0.6121794871794872 0.9484126984126984 0.6089743589743589 0.9484126984126984 0.6089743589743589 0.9246031746031746 0.6121794871794872 0.9206349206349206 0.6153846153846154 0.9087301587301587 0.6185897435897436 0.9047619047619048 0.625 0.9047619047619048 0.6282051282051282 0.9007936507936508 0.6314102564102564 0.9007936507936508
1 0.07692307692307693 0.2857142857142857 0.08653846153846154 0.29365079365079366 0.08653846153846154 0.31746031746031744 0.08012820512820513 0.3253968253968254 0.05128205128205128 0.3253968253968254 0.04487179487179487 0.31746031746031744 0.04487179487179487 0.29365079365079366 0.05128205128205128 0.2857142857142857 0.07371794871794872 0.2857142857142857
1 0.18269230769230768 0.9285714285714286 0.1891025641025641 0.9365079365079365 0.1891025641025641 0.9404761904761905 0.19230769230769232 0.9444444444444444 0.19230769230769232 0.9523809523809523 0.1891025641025641 0.9563492063492064 0.1891025641025641 0.9603174603174603 0.1794871794871795 0.9682539682539683 0.16987179487179488 0.9682539682539683 0.16025641025641027 0.9563492063492064 0.16025641025641027 0.9404761904761905 0.16987179487179488 0.9285714285714286 0.1794871794871795 0.9285714285714286
1 0.6891025641025641 0.03968253968253968 0.6891025641025641 0.01984126984126984 0.6987179487179487 0.007936507936507936 0.7147435897435898 0.007936507936507936 0.7211538461538461 0.015873015873015872 0.7211538461538461 0.031746031746031744 0.717948717948718 0.03571428571428571 0.717948717948718 0.03968253968253968 0.7147435897435898 0.03968253968253968 0.7115384615384616 0.04365079365079365 0.6955128205128205 0.04365079365079365 0.6923076923076923 0.03968253968253968
1 0.9262820512820513 0.26587301587301587 0.9326923076923077 0.2777777777777778 0.9326923076923077 0.2976190476190476 0.9262820512820513 0.3055555555555556 0.9134615384615384 0.3055555555555556 0.9102564102564102 0.30158730158730157 0.907051282051282 0.30158730158730157 0.907051282051282 0.2976190476190476 0.9006410256410257 0.2857142857142857 0.9006410256410257 0.27380952380952384 0.9102564102564102 0.2619047619047619 0.9198717948717948 0.2619047619047619 0.9230769230769231 0.26587301587301587
1 0.9711538461538461 0.2857142857142857 0.9775641025641025 0.29365079365079366 0.9775641025641025 0.32142857142857145 0.9743589743589743 0.32142857142857145 0.9647435897435898 0.32936507936507936 0.9551282051282052 0.32936507936507936 0.9487179487179487 0.32142857142857145 0.9455128205128205 0.32142857142857145 0.9455128205128205 0.31746031746031744 0.9423076923076923 0.3134920634920635 0.9423076923076923 0.2896825396825397 0.9487179487179487 0.28174603174603174 0.9647435897435898 0.28174603174603174 0.967948717948718 0.2857142857142857
1 0.886574074074074 0.2254556143445032 0.038580246913580245 0.04585537918871252
1 0.9436728395061729 0.07929159318048207 0.041666666666666664 0.04394473838918283
2 0.7884615384615384 0.11904761904761904 0.7884615384615384 0.12301587301587301 0.7916666666666666 0.12698412698412698 0.7916666666666666 0.1349206349206349 0.7884615384615384 0.1388888888888889 0.7756410256410257 0.1388888888888889 0.7724358974358975 0.1349206349206349 0.7724358974358975 0.12301587301587301 0.7756410256410257 0.11904761904761904 0.7852564102564102 0.11904761904761904
2 0.6955128205128205 0.06349206349206349 0.7019230769230769 0.07142857142857142 0.7019230769230769 0.07936507936507936 0.6987179487179487 0.08333333333333333 0.6987179487179487 0.0873015873015873 0.6891025641025641 0.0873015873015873 0.6794871794871795 0.07539682539682539 0.6794871794871795 0.06746031746031746 0.6826923076923077 0.06349206349206349 0.6923076923076923 0.06349206349206349
2 0.6666666666666666 0.023809523809523808 0.6794871794871795 0.023809523809523808 0.6794871794871795 0.027777777777777776 0.6826923076923077 0.031746031746031744 0.6794871794871795 0.03571428571428571 0.6794871794871795 0.03968253968253968 0.6698717948717948 0.04365079365079365 0.6666666666666666 0.03968253968253968 0.6666666666666666 0.027777777777777776
1 0.6987179487179487 0.9246031746031746 0.7051282051282052 0.9325396825396826 0.7051282051282052 0.9563492063492064 0.7019230769230769 0.9603174603174603 0.7019230769230769 0.9642857142857143 0.6955128205128205 0.9642857142857143 0.6923076923076923 0.9682539682539683 0.6891025641025641 0.9682539682539683 0.6858974358974359 0.9642857142857143 0.6794871794871795 0.9642857142857143 0.6730769230769231 0.9563492063492064 0.6730769230769231 0.9365079365079365 0.6794871794871795 0.9246031746031746 0.6955128205128205 0.9246031746031746
2 0.6762820512820513 0.8849206349206349 0.6826923076923077 0.8928571428571429 0.6826923076923077 0.8968253968253969 0.6794871794871795 0.9007936507936508 0.6794871794871795 0.9166666666666666 0.6730769230769231 0.9246031746031746 0.6666666666666666 0.9246031746031746 0.6634615384615384 0.9206349206349206 0.6602564102564102 0.9206349206349206 0.6538461538461539 0.9087301587301587 0.6538461538461539 0.9007936507936508 0.6602564102564102 0.8928571428571429 0.6602564102564102 0.8888888888888888 0.6634615384615384 0.8849206349206349 0.6730769230769231 0.8849206349206349
2 0.837962962962963 0.07738095238095238 0.018518518518518517 0.02101704879482657
1 0.75 0.8690476190476191 0.7564102564102564 0.876984126984127 0.7564102564102564 0.9007936507936508 0.7532051282051282 0.9007936507936508 0.7467948717948718 0.9087301587301587 0.7371794871794872 0.9087301587301587 0.7275641025641025 0.9007936507936508 0.7275641025641025 0.8888888888888888 0.7307692307692307 0.8849206349206349 0.7307692307692307 0.876984126984127 0.7371794871794872 0.8690476190476191 0.7467948717948718 0.8690476190476191
1 0.14423076923076922 0.07936507936507936 0.15064102564102563 0.0873015873015873 0.15064102564102563 0.09126984126984126 0.15384615384615385 0.09523809523809523 0.15384615384615385 0.10317460317460317 0.15064102564102563 0.10714285714285714 0.14743589743589744 0.11904761904761904 0.14423076923076922 0.11904761904761904 0.14102564102564102 0.12301587301587301 0.1346153846153846 0.12301587301587301 0.125 0.1111111111111111 0.125 0.09126984126984126 0.13141025641025642 0.08333333333333333 0.14102564102564102 0.07936507936507936
1 0.060897435897435896 0.07539682539682539 0.07051282051282051 0.08333333333333333 0.07051282051282051 0.10317460317460317 0.0641025641025641 0.11507936507936507 0.04487179487179487 0.11507936507936507 0.041666666666666664 0.1111111111111111 0.041666666666666664 0.0873015873015873 0.04807692307692308 0.07936507936507936 0.057692307692307696 0.07539682539682539
1 0.8834876543209876 0.8005584950029394 0.035493827160493825 0.04585537918871252
1 0.7435897435897436 0.8253968253968254 0.75 0.8333333333333334 0.75 0.8492063492063492 0.7467948717948718 0.8531746031746031 0.7467948717948718 0.8571428571428571 0.7307692307692307 0.8571428571428571 0.7275641025641025 0.8531746031746031 0.7243589743589743 0.8531746031746031 0.7243589743589743 0.8333333333333334 0.7307692307692307 0.8253968253968254 0.7403846153846154 0.8253968253968254
1 0.908179012345679 0.9409905937683715 0.038580246913580245 0.04776601998824221
2 0.3611111111111111 0.053497942386831275 0.024691358024691357 0.03439153439153439
2 0.6474358974358975 0.1111111111111111 0.6506410256410257 0.11507936507936507 0.6538461538461539 0.11507936507936507 0.6538461538461539 0.11904761904761904 0.657051282051282 0.12301587301587301 0.6538461538461539 0.1349206349206349 0.6506410256410257 0.1388888888888889 0.6378205128205128 0.1388888888888889 0.6314102564102564 0.12698412698412698 0.6346153846153846 0.12301587301587301 0.6346153846153846 0.11507936507936507 0.6442307692307693 0.1111111111111111
2 0.7916666666666666 0.07539682539682539 0.8044871794871795 0.0873015873015873 0.8044871794871795 0.09523809523809523 0.7980769230769231 0.10317460317460317 0.7884615384615384 0.10317460317460317 0.782051282051282 0.09126984126984126 0.782051282051282 0.0873015873015873 0.7884615384615384 0.07936507936507936
2 0.8685897435897436 0.2857142857142857 0.8717948717948718 0.2857142857142857 0.875 0.28174603174603174 0.8846153846153846 0.28174603174603174 0.8910256410256411 0.29365079365079366 0.8910256410256411 0.3055555555555556 0.8846153846153846 0.3134920634920635 0.875 0.3134920634920635 0.875 0.30952380952380953 0.8685897435897436 0.30158730158730157 0.8685897435897436 0.2896825396825397
1 0.9166666666666666 0.5714285714285714 0.9262820512820513 0.5833333333333334 0.9262820512820513 0.5912698412698413 0.9294871794871795 0.5952380952380952 0.9294871794871795 0.6150793650793651 0.9230769230769231 0.623015873015873 0.9134615384615384 0.623015873015873 0.9102564102564102 0.6190476190476191 0.9006410256410257 0.6190476190476191 0.8974358974358975 0.6150793650793651 0.8910256410256411 0.6150793650793651 0.8878205128205128 0.6111111111111112 0.8878205128205128 0.5833333333333334 0.8910256410256411 0.5793650793650794 0.8910256410256411 0.5753968253968254 0.9006410256410257 0.5674603174603174 0.9102564102564102 0.5674603174603174 0.9134615384615384 0.5714285714285714
1 0.11651234567901234 0.43371546149323925 0.038580246913580245 0.04585537918871252
2 0.8365384615384616 0.5317460317460317 0.842948717948718 0.5396825396825397 0.842948717948718 0.5555555555555556 0.8397435897435898 0.5595238095238095 0.8301282051282052 0.5595238095238095 0.8237179487179487 0.5515873015873016 0.8237179487179487 0.5396825396825397 0.8301282051282052 0.5317460317460317 0.8333333333333334 0.5317460317460317
2 0.46474358974358976 0.9206349206349206 0.46794871794871795 0.9206349206349206 0.47115384615384615 0.9166666666666666 0.4807692307692308 0.9166666666666666 0.48717948717948717 0.9246031746031746 0.48717948717948717 0.9404761904761905 0.483974358974359 0.9444444444444444 0.483974358974359 0.9484126984126984 0.46794871794871795 0.9484126984126984 0.46153846153846156 0.9365079365079365 0.46153846153846156 0.9285714285714286 0.46474358974358976 0.9246031746031746
2 0.2060185185185185 0.876984126984127 0.020061728395061727 0.02292768959435626
2 0.1891025641025641 0.8809523809523809 0.1955128205128205 0.8888888888888888 0.19230769230769232 0.9007936507936508 0.1794871794871795 0.9007936507936508 0.1794871794871795 0.8968253968253969 0.1762820512820513 0.8928571428571429 0.1762820512820513 0.8888888888888888 0.18269230769230768 0.8809523809523809 0.1858974358974359 0.8809523809523809
2 0.19230769230769232 0.8849206349206349 0.18269230769230768 0.876984126984127 0.18269230769230768 0.8690476190476191 0.1891025641025641 0.8611111111111112 0.1955128205128205 0.8611111111111112 0.1987179487179487 0.8650793650793651 0.1987179487179487 0.8809523809523809 0.1955128205128205 0.8809523809523809
0 0.7243589743589743 0.7738095238095238 0.7307692307692307 0.7817460317460317 0.7307692307692307 0.8015873015873016 0.7243589743589743 0.8095238095238095 0.7243589743589743 0.8293650793650794 0.7211538461538461 0.8333333333333334 0.717948717948718 0.8452380952380952 0.7115384615384616 0.8531746031746031 0.7083333333333334 0.8531746031746031 0.7051282051282052 0.8571428571428571 0.6987179487179487 0.8571428571428571 0.6955128205128205 0.8611111111111112 0.6794871794871795 0.8611111111111112 0.6762820512820513 0.8571428571428571 0.6698717948717948 0.8571428571428571 0.6666666666666666 0.8531746031746031 0.6634615384615384 0.8531746031746031 0.6634615384615384 0.8492063492063492 0.6602564102564102 0.8452380952380952 0.6602564102564102 0.8333333333333334 0.6634615384615384 0.8293650793650794 0.6634615384615384 0.8214285714285714 0.6666666666666666 0.8174603174603174 0.6666666666666666 0.8015873015873016 0.6634615384615384 0.7976190476190477 0.6634615384615384 0.7936507936507936 0.6666666666666666 0.7896825396825397 0.6666666666666666 0.7817460317460317 0.6826923076923077 0.7698412698412699 0.717948717948718 0.7698412698412699 0.7211538461538461 0.7738095238095238
2 0.5512820512820513 0.5753968253968254 0.5544871794871795 0.5793650793650794 0.5544871794871795 0.5912698412698413 0.5480769230769231 0.5992063492063492 0.5384615384615384 0.5992063492063492 0.5352564102564102 0.5952380952380952 0.5352564102564102 0.5793650793650794 0.5384615384615384 0.5753968253968254 0.5480769230769231 0.5753968253968254
1 0.5384615384615384 0.5396825396825397 0.5512820512820513 0.5515873015873016 0.5512820512820513 0.5595238095238095 0.5480769230769231 0.5634920634920635 0.5480769230769231 0.5674603174603174 0.5448717948717948 0.5674603174603174 0.5352564102564102 0.5753968253968254 0.5224358974358975 0.5753968253968254 0.5160256410256411 0.5674603174603174 0.5224358974358975 0.5436507936507936 0.5256410256410257 0.5396825396825397 0.5352564102564102 0.5396825396825397
1 0.6025641025641025 0.5833333333333334 0.6057692307692307 0.5873015873015873 0.6089743589743589 0.5873015873015873 0.6185897435897436 0.6031746031746031 0.6185897435897436 0.6190476190476191 0.6153846153846154 0.623015873015873 0.6153846153846154 0.626984126984127 0.6025641025641025 0.6388888888888888 0.5961538461538461 0.6388888888888888 0.5897435897435898 0.6309523809523809 0.5897435897435898 0.623015873015873 0.5865384615384616 0.6190476190476191 0.5865384615384616 0.6111111111111112 0.5897435897435898 0.6071428571428571 0.5897435897435898 0.5912698412698413 0.5961538461538461 0.5833333333333334 0.5993589743589743 0.5833333333333334
1 0.25 0.9285714285714286 0.266025641025641 0.9285714285714286 0.2692307692307692 0.9325396825396826 0.27884615384615385 0.9365079365079365 0.28525641025641024 0.9484126984126984 0.28525641025641024 0.9563492063492064 0.27564102564102566 0.9722222222222222 0.2724358974358974 0.9722222222222222 0.2692307692307692 0.9761904761904762 0.25961538461538464 0.9761904761904762 0.2564102564102564 0.9722222222222222 0.2532051282051282 0.9722222222222222 0.24358974358974358 0.9603174603174603 0.24358974358974358 0.9404761904761905 0.25 0.9325396825396826
2 0.22839506172839505 0.9247501469723692 0.021604938271604937 0.030570252792475012
2 0.20833333333333334 0.503968253968254 0.22115384615384615 0.503968253968254 0.22115384615384615 0.5079365079365079 0.22435897435897437 0.5119047619047619 0.22435897435897437 0.5198412698412699 0.22115384615384615 0.5238095238095238 0.22115384615384615 0.5277777777777778 0.21794871794871795 0.5317460317460317 0.20833333333333334 0.5317460317460317 0.20833333333333334 0.5277777777777778 0.20512820512820512 0.5238095238095238 0.20512820512820512 0.5119047619047619 0.20833333333333334 0.5079365079365079
1 0.2403846153846154 0.46825396825396826 0.25 0.4801587301587302 0.25 0.49603174603174605 0.24358974358974358 0.5079365079365079 0.22115384615384615 0.5079365079365079 0.21474358974358973 0.5 0.21474358974358973 0.47619047619047616 0.22435897435897437 0.4642857142857143 0.23397435897435898 0.4642857142857143 0.23717948717948717 0.46825396825396826
1 0.15064102564102563 0.15873015873015872 0.15064102564102563 0.1626984126984127 0.15384615384615385 0.16666666666666666 0.15384615384615385 0.17857142857142858 0.15064102564102563 0.18253968253968253 0.15064102564102563 0.1865079365079365 0.14743589743589744 0.1865079365079365 0.13782051282051283 0.19444444444444445 0.13141025641025642 0.19444444444444445 0.1282051282051282 0.19047619047619047 0.11858974358974358 0.1865079365079365 0.11858974358974358 0.17857142857142858 0.11538461538461539 0.1746031746031746 0.11538461538461539 0.1626984126984127 0.12179487179487179 0.15476190476190477 0.1282051282051282 0.15476190476190477 0.13141025641025642 0.15079365079365079 0.1346153846153846 0.15079365079365079 0.13782051282051283 0.15476190476190477 0.14423076923076922 0.15476190476190477 0.14743589743589744 0.15873015873015872
1 0.5084876543209876 0.7709435626102292 0.041666666666666664 0.051587301587301584
2 0.8525641025641025 0.7896825396825397 0.8557692307692307 0.8015873015873016 0.8461538461538461 0.8134920634920635 0.8397435897435898 0.8134920634920635 0.8365384615384616 0.8095238095238095 0.8333333333333334 0.8095238095238095 0.8333333333333334 0.7896825396825397 0.8365384615384616 0.7857142857142857 0.8461538461538461 0.7857142857142857 0.8493589743589743 0.7896825396825397
2 0.6634615384615384 0.5436507936507936 0.6698717948717948 0.5555555555555556 0.6698717948717948 0.5595238095238095 0.6634615384615384 0.5674603174603174 0.6538461538461539 0.5674603174603174 0.6506410256410257 0.5634920634920635 0.6506410256410257 0.5515873015873016 0.657051282051282 0.5436507936507936 0.6602564102564102 0.5436507936507936
1 0.40432098765432095 0.8320840681951792 0.037037037037037035 0.040123456790123455