1 0.5096153846153846 0.18584070796460178 0.5128205128205128 0.19469026548672566 0.5160256410256411 0.22123893805309736 0.5128205128205128 0.23008849557522124 0.5128205128205128 0.23893805309734514 0.5032051282051282 0.25663716814159293 0.4935897435897436 0.25663716814159293 0.49038461538461536 0.24778761061946902 0.48717948717948717 0.24778761061946902 0.4807692307692308 0.22123893805309736 0.4807692307692308 0.19469026548672566 0.48717948717948717 0.17699115044247787 0.5032051282051282 0.17699115044247787 0.5064102564102564 0.18584070796460178
1 0.42948717948717946 0.11504424778761062 0.42948717948717946 0.12389380530973451 0.4326923076923077 0.13274336283185842 0.4326923076923077 0.168141592920354 0.4198717948717949 0.20353982300884957 0.41025641025641024 0.20353982300884957 0.40384615384615385 0.18584070796460178 0.40064102564102566 0.1592920353982301 0.40384615384615385 0.1504424778761062 0.40384615384615385 0.13274336283185842 0.41346153846153844 0.10619469026548672 0.4230769230769231 0.10619469026548672 0.42628205128205127 0.11504424778761062
1 0.6634615384615384 0.23893805309734514 0.6666666666666666 0.24778761061946902 0.6698717948717948 0.24778761061946902 0.6762820512820513 0.2743362831858407 0.6762820512820513 0.2920353982300885 0.6730769230769231 0.3008849557522124 0.6730769230769231 0.3185840707964602 0.6666666666666666 0.336283185840708 0.6506410256410257 0.336283185840708 0.6442307692307693 0.3185840707964602 0.6410256410256411 0.3185840707964602 0.6410256410256411 0.26548672566371684 0.6506410256410257 0.23893805309734514 0.6602564102564102 0.23893805309734514
1 0.27564102564102566 0.4247787610619469 0.27884615384615385 0.4336283185840708 0.28846153846153844 0.4336283185840708 0.2980769230769231 0.45132743362831856 0.2980769230769231 0.49557522123893805 0.2948717948717949 0.504424778761062 0.2948717948717949 0.5132743362831859 0.2916666666666667 0.5132743362831859 0.28205128205128205 0.5309734513274337 0.2692307692307692 0.5309734513274337 0.26282051282051283 0.5132743362831859 0.25961538461538464 0.5132743362831859 0.2564102564102564 0.504424778761062 0.2564102564102564 0.46017699115044247 0.25961538461538464 0.45132743362831856 0.25961538461538464 0.4424778761061947 0.26282051282051283 0.4424778761061947 0.2692307692307692 0.4247787610619469 0.2724358974358974 0.4247787610619469
1 0.6538461538461539 0.6106194690265486 0.6666666666666666 0.6460176991150443 0.6666666666666666 0.672566371681416 0.6602564102564102 0.6991150442477876 0.6410256410256411 0.6991150442477876 0.6346153846153846 0.6814159292035398 0.6346153846153846 0.6283185840707964 0.6410256410256411 0.6106194690265486 0.6506410256410257 0.6106194690265486
1 0.8525641025641025 0 0.8910256410256411 0 0.8878205128205128 0.02654867256637168 0.8782051282051282 0.05309734513274336 0.8589743589743589 0.05309734513274336 0.8525641025641025 0.035398230088495575 0.8525641025641025 0.008849557522123894
1 0.49038461538461536 0.4247787610619469 0.5 0.4424778761061947 0.5032051282051282 0.4690265486725664 0.5 0.4778761061946903 0.4967948717948718 0.504424778761062 0.4935897435897436 0.5132743362831859 0.48717948717948717 0.5132743362831859 0.483974358974359 0.5221238938053098 0.47435897435897434 0.5221238938053098 0.46794871794871795 0.504424778761062 0.46474358974358976 0.4778761061946903 0.46794871794871795 0.4690265486725664 0.46794871794871795 0.45132743362831856 0.4775641025641026 0.4247787610619469 0.48717948717948717 0.4247787610619469
1 0.41346153846153844 0.7522123893805309 0.42628205128205127 0.7876106194690266 0.42628205128205127 0.8141592920353983 0.4230769230769231 0.8230088495575221 0.4230769230769231 0.831858407079646 0.4198717948717949 0.831858407079646 0.4166666666666667 0.8407079646017699 0.4166666666666667 0.8495575221238938 0.40064102564102566 0.8495575221238938 0.3974358974358974 0.8407079646017699 0.3942307692307692 0.8407079646017699 0.3942307692307692 0.831858407079646 0.391025641025641 0.8230088495575221 0.391025641025641 0.7876106194690266 0.3942307692307692 0.7787610619469026 0.3942307692307692 0.7699115044247787 0.40064102564102566 0.7522123893805309 0.41025641025641024 0.7522123893805309
2 0.5448717948717948 0.7964601769911505 0.5544871794871795 0.7964601769911505 0.5576923076923077 0.8053097345132744 0.5576923076923077 0.8230088495575221 0.5544871794871795 0.831858407079646 0.5448717948717948 0.831858407079646 0.5448717948717948 0.8230088495575221 0.5416666666666666 0.8141592920353983 0.5448717948717948 0.8053097345132744
2 0.7852564102564102 0.5663716814159292 0.7948717948717948 0.5663716814159292 0.7948717948717948 0.5929203539823009 0.7852564102564102 0.5929203539823009 0.7852564102564102 0.5752212389380531
2 0.8044871794871795 0.35398230088495575 0.8141025641025641 0.35398230088495575 0.8173076923076923 0.36283185840707965 0.8173076923076923 0.37168141592920356 0.8141025641025641 0.3805309734513274 0.8044871794871795 0.3805309734513274 0.8044871794871795 0.36283185840707965
2 0.20443349753694579 0.5005274859409738 0.014778325123152709 0.043524129212258594
2 0.532051282051282 0.09734513274336283 0.5416666666666666 0.09734513274336283 0.5416666666666666 0.12389380530973451 0.5384615384615384 0.13274336283185842 0.5352564102564102 0.13274336283185842 0.532051282051282 0.12389380530973451 0.532051282051282 0.10619469026548672
2 0.4807692307692308 0.8584070796460177 0.4807692307692308 0.8230088495575221 0.483974358974359 0.8141592920353983 0.4935897435897436 0.8230088495575221 0.4935897435897436 0.8495575221238938 0.49038461538461536 0.8584070796460177 0.483974358974359 0.8584070796460177
2 0.24285714285714285 0.26250490431143464 0.016748768472906402 0.04624438728802476
2 0.16666666666666666 0.7168141592920354 0.1762820512820513 0.7168141592920354 0.1762820512820513 0.7256637168141593 0.1794871794871795 0.7345132743362832 0.1762820512820513 0.7433628318584071 0.1762820512820513 0.7522123893805309 0.16666666666666666 0.7522123893805309 0.16666666666666666 0.7256637168141593
2 0.7009852216748768 0.402598195213392 0.014778325123152709 0.043524129212258594
2 0.7403846153846154 0.6194690265486725 0.7435897435897436 0.6283185840707964 0.7435897435897436 0.6548672566371682 0.7403846153846154 0.6548672566371682 0.7371794871794872 0.6637168141592921 0.7307692307692307 0.6637168141592921 0.7275641025641025 0.6548672566371682 0.7275641025641025 0.6371681415929203 0.7339743589743589 0.6194690265486725 0.7371794871794872 0.6194690265486725
2 0.7756410256410257 0.6814159292035398 0.7916666666666666 0.6814159292035398 0.7916666666666666 0.7168141592920354 0.7884615384615384 0.7168141592920354 0.7852564102564102 0.7256637168141593 0.7756410256410257 0.7079646017699115 0.7756410256410257 0.6902654867256637
2 0.7692307692307693 0.6017699115044248 0.782051282051282 0.6017699115044248 0.782051282051282 0.6371681415929203 0.7788461538461539 0.6460176991150443 0.7724358974358975 0.6460176991150443 0.7692307692307693 0.6371681415929203 0.7692307692307693 0.6106194690265486
2 0.3333333333333333 0.07079646017699115 0.33974358974358976 0.09734513274336283 0.33974358974358976 0.10619469026548672 0.3333333333333333 0.12389380530973451 0.3301282051282051 0.12389380530973451 0.32371794871794873 0.10619469026548672 0.32371794871794873 0.07964601769911504 0.3269230769230769 0.07079646017699115 0.3301282051282051 0.07079646017699115
2 0.28846153846153844 0.10619469026548672 0.2948717948717949 0.12389380530973451 0.2948717948717949 0.13274336283185842 0.28846153846153844 0.1504424778761062 0.28205128205128205 0.1504424778761062 0.27884615384615385 0.1415929203539823 0.27884615384615385 0.11504424778761062 0.28205128205128205 0.10619469026548672 0.28525641025641024 0.10619469026548672
2 0.8237179487179487 0.23008849557522124 0.8237179487179487 0.25663716814159293 0.8205128205128205 0.26548672566371684 0.8108974358974359 0.26548672566371684 0.8076923076923077 0.25663716814159293 0.8076923076923077 0.23893805309734514 0.8108974358974359 0.23008849557522124 0.8205128205128205 0.23008849557522124
2 0.8237179487179487 0.30973451327433627 0.8269230769230769 0.3185840707964602 0.8269230769230769 0.34513274336283184 0.8237179487179487 0.34513274336283184 0.8205128205128205 0.35398230088495575 0.8173076923076923 0.35398230088495575 0.8141025641025641 0.34513274336283184 0.8141025641025641 0.3185840707964602 0.8173076923076923 0.30973451327433627 0.8205128205128205 0.30973451327433627
2 0.7788461538461539 0.19469026548672566 0.7916666666666666 0.19469026548672566 0.7916666666666666 0.22123893805309736 0.7884615384615384 0.23008849557522124 0.782051282051282 0.23008849557522124 0.7788461538461539 0.22123893805309736 0.7788461538461539 0.20353982300884957
2 0.8301282051282052 0.20353982300884957 0.842948717948718 0.20353982300884957 0.842948717948718 0.23008849557522124 0.8397435897435898 0.23893805309734514 0.8333333333333334 0.23893805309734514 0.8301282051282052 0.23008849557522124 0.8301282051282052 0.21238938053097345
1 0.2948717948717949 0.24778761061946902 0.2980769230769231 0.25663716814159293 0.2980769230769231 0.30973451327433627 0.2948717948717949 0.3185840707964602 0.27884615384615385 0.3185840707964602 0.2724358974358974 0.2920353982300885 0.2724358974358974 0.26548672566371684 0.27884615384615385 0.24778761061946902 0.28205128205128205 0.24778761061946902 0.28525641025641024 0.23893805309734514 0.28846153846153844 0.23893805309734514 0.2916666666666667 0.24778761061946902
1 0.27884615384615385 0.168141592920354 0.28846153846153844 0.19469026548672566 0.28846153846153844 0.21238938053097345 0.28525641025641024 0.22123893805309736 0.28525641025641024 0.23008849557522124 0.27564102564102566 0.24778761061946902 0.266025641025641 0.23893805309734514 0.2564102564102564 0.21238938053097345 0.25961538461538464 0.18584070796460178 0.266025641025641 0.168141592920354 0.27564102564102566 0.168141592920354
1 0.15812807881773397 0.5726143249487772 0.03251231527093596 0.08976851650028336
1 0.2916666666666667 0.6460176991150443 0.2948717948717949 0.6460176991150443 0.2980769230769231 0.6371681415929203 0.3076923076923077 0.6371681415929203 0.3173076923076923 0.6548672566371682 0.3173076923076923 0.6991150442477876 0.3108974358974359 0.7168141592920354 0.30128205128205127 0.7168141592920354 0.2916666666666667 0.6991150442477876 0.2916666666666667 0.6548672566371682
1 0.7596153846153846 0.23008849557522124 0.7788461538461539 0.23008849557522124 0.782051282051282 0.23893805309734514 0.782051282051282 0.25663716814159293 0.7852564102564102 0.26548672566371684 0.7852564102564102 0.2831858407079646 0.7788461538461539 0.30973451327433627 0.7628205128205128 0.30973451327433627 0.7564102564102564 0.2920353982300885 0.7564102564102564 0.2831858407079646 0.7532051282051282 0.2743362831858407 0.7532051282051282 0.26548672566371684 0.7596153846153846 0.23893805309734514
1 0.5256410256410257 0.415929203539823 0.532051282051282 0.4336283185840708 0.532051282051282 0.4690265486725664 0.5256410256410257 0.48672566371681414 0.5128205128205128 0.48672566371681414 0.5096153846153846 0.4778761061946903 0.5064102564102564 0.4778761061946903 0.5064102564102564 0.4247787610619469 0.5160256410256411 0.40707964601769914 0.5192307692307693 0.40707964601769914 0.5224358974358975 0.415929203539823
1 0.5576923076923077 0.672566371681416 0.5576923076923077 0.6283185840707964 0.5673076923076923 0.6017699115044248 0.5769230769230769 0.6017699115044248 0.5865384615384616 0.6283185840707964 0.5865384615384616 0.6637168141592921 0.5769230769230769 0.6902654867256637 0.5705128205128205 0.6902654867256637 0.5608974358974359 0.672566371681416
1 0.6089743589743589 0.48672566371681414 0.6153846153846154 0.504424778761062 0.6153846153846154 0.5486725663716814 0.6057692307692307 0.5663716814159292 0.5993589743589743 0.5663716814159292 0.5897435897435898 0.5486725663716814 0.5897435897435898 0.504424778761062 0.5961538461538461 0.48672566371681414 0.6057692307692307 0.48672566371681414
1 0.25 0.34513274336283184 0.2564102564102564 0.36283185840707965 0.266025641025641 0.36283185840707965 0.2724358974358974 0.3805309734513274 0.2724358974358974 0.40707964601769914 0.2564102564102564 0.4424778761061947 0.24358974358974358 0.4424778761061947 0.2403846153846154 0.4336283185840708 0.2403846153846154 0.415929203539823 0.23717948717948717 0.40707964601769914 0.23717948717948717 0.37168141592920356 0.2403846153846154 0.36283185840707965 0.2403846153846154 0.35398230088495575 0.24358974358974358 0.34513274336283184 0.2467948717948718 0.34513274336283184
1 0.8108974358974359 0.008849557522123894 0.8141025641025641 0.008849557522123894 0.8173076923076923 0 0.8333333333333334 0 0.8397435897435898 0.017699115044247787 0.8397435897435898 0.061946902654867256 0.8333333333333334 0.08849557522123894 0.8173076923076923 0.08849557522123894 0.8108974358974359 0.07079646017699115 0.8108974358974359 0.017699115044247787
1 0.11217948717948718 0.7787610619469026 0.11858974358974358 0.7964601769911505 0.11858974358974358 0.8407079646017699 0.11217948717948718 0.8584070796460177 0.09935897435897435 0.8584070796460177 0.09294871794871795 0.8407079646017699 0.09294871794871795 0.7964601769911505 0.09935897435897435 0.7787610619469026 0.10897435897435898 0.7787610619469026
1 0.8589743589743589 0.5221238938053098 0.8589743589743589 0.5309734513274337 0.8621794871794872 0.5398230088495575 0.8621794871794872 0.584070796460177 0.8557692307692307 0.6106194690265486 0.8461538461538461 0.6106194690265486 0.842948717948718 0.6017699115044248 0.8397435897435898 0.6017699115044248 0.8333333333333334 0.584070796460177 0.8333333333333334 0.5575221238938053 0.8301282051282052 0.5486725663716814 0.8301282051282052 0.5309734513274337 0.8397435897435898 0.504424778761062 0.8493589743589743 0.504424778761062 0.8557692307692307 0.5221238938053098
1 0.22435897435897437 0.12389380530973451 0.22756410256410256 0.13274336283185842 0.23076923076923078 0.13274336283185842 0.23717948717948717 0.1504424778761062 0.23717948717948717 0.168141592920354 0.22756410256410256 0.19469026548672566 0.21474358974358973 0.19469026548672566 0.21153846153846154 0.18584070796460178 0.20833333333333334 0.18584070796460178 0.20833333333333334 0.1415929203539823 0.21153846153846154 0.13274336283185842 0.22115384615384615 0.12389380530973451
1 0.22435897435897437 0.22123893805309736 0.22756410256410256 0.23008849557522124 0.23076923076923078 0.23008849557522124 0.23076923076923078 0.23893805309734514 0.23397435897435898 0.24778761061946902 0.23397435897435898 0.2831858407079646 0.23076923076923078 0.2920353982300885 0.21153846153846154 0.2920353982300885 0.20512820512820512 0.2743362831858407 0.20512820512820512 0.25663716814159293 0.20833333333333334 0.24778761061946902 0.20833333333333334 0.23893805309734514 0.21153846153846154 0.23008849557522124 0.22115384615384615 0.22123893805309736
1 0.22756410256410256 0.3805309734513274 0.23717948717948717 0.40707964601769914 0.23717948717948717 0.4336283185840708 0.23076923076923078 0.45132743362831856 0.21153846153846154 0.45132743362831856 0.20833333333333334 0.4424778761061947 0.20833333333333334 0.39823008849557523 0.21474358974358973 0.3805309734513274 0.22435897435897437 0.3805309734513274
1 0.8699507389162562 0.2162605170234099 0.033497536945812804 0.100649548803348
1 0.4571428571428572 0.05168490343955708 0.03940886699507389 0.10336980687911416
2 0.4230769230769231 0.8761061946902655 0.4326923076923077 0.8672566371681416 0.4391025641025641 0.8849557522123894 0.4391025641025641 0.911504424778761 0.4358974358974359 0.9203539823008849 0.42948717948717946 0.9203539823008849 0.42628205128205127 0.911504424778761 0.4230769230769231 0.911504424778761 0.4230769230769231 0.8849557522123894
1 0.5769230769230769 0.7345132743362832 0.5865384615384616 0.7522123893805309 0.5865384615384616 0.7787610619469026 0.5801282051282052 0.7964601769911505 0.5641025641025641 0.7964601769911505 0.5608974358974359 0.7876106194690266 0.5608974358974359 0.7522123893805309 0.5641025641025641 0.7433628318584071 0.5737179487179487 0.7345132743362832
1 0.6339901477832511 0.7630323902524084 0.026600985221674874 0.08976851650028336
1 0.2564102564102564 0.7787610619469026 0.26282051282051283 0.7964601769911505 0.26282051282051283 0.831858407079646 0.2564102564102564 0.8584070796460177 0.2403846153846154 0.8584070796460177 0.23717948717948717 0.8495575221238938 0.23397435897435898 0.8495575221238938 0.23397435897435898 0.8053097345132744 0.23717948717948717 0.7964601769911505 0.23717948717948717 0.7876106194690266 0.2403846153846154 0.7876106194690266 0.24358974358974358 0.7787610619469026 0.2532051282051282 0.7787610619469026
1 0.21794871794871795 0.7610619469026548 0.22435897435897437 0.7787610619469026 0.22756410256410256 0.7787610619469026 0.22756410256410256 0.8230088495575221 0.22115384615384615 0.8407079646017699 0.21794871794871795 0.8407079646017699 0.21474358974358973 0.8495575221238938 0.20512820512820512 0.8407079646017699 0.1987179487179487 0.8230088495575221 0.1987179487179487 0.7787610619469026 0.20512820512820512 0.7610619469026548 0.21474358974358973 0.7610619469026548
1 0.28916256157635467 0.8079166485025502 0.03251231527093596 0.08160774227298487
1 0.28525641025641024 0.6371681415929203 0.28205128205128205 0.6283185840707964 0.27564102564102566 0.6283185840707964 0.2724358974358974 0.6194690265486725 0.2724358974358974 0.5752212389380531 0.27884615384615385 0.5575221238938053 0.2948717948717949 0.5575221238938053 0.30128205128205127 0.5752212389380531 0.30128205128205127 0.6106194690265486 0.2948717948717949 0.6283185840707964 0.28846153846153844 0.6283185840707964
1 0.3269230769230769 0.7345132743362832 0.3333333333333333 0.7522123893805309 0.3333333333333333 0.8053097345132744 0.3301282051282051 0.8053097345132744 0.3269230769230769 0.8141592920353983 0.3269230769230769 0.8230088495575221 0.3173076923076923 0.8230088495575221 0.3076923076923077 0.8053097345132744 0.3076923076923077 0.7522123893805309 0.3173076923076923 0.7256637168141593 0.32051282051282054 0.7256637168141593 0.32371794871794873 0.7345132743362832
1 0.3502463054187192 0.6759841318278913 0.03054187192118226 0.08432800034875103
1 0.8397435897435898 0.6283185840707964 0.842948717948718 0.6371681415929203 0.8493589743589743 0.6371681415929203 0.8525641025641025 0.6460176991150443 0.8525641025641025 0.672566371681416 0.8557692307692307 0.6814159292035398 0.8525641025641025 0.7079646017699115 0.8493589743589743 0.7168141592920354 0.8301282051282052 0.7168141592920354 0.8269230769230769 0.7079646017699115 0.8237179487179487 0.7079646017699115 0.8237179487179487 0.6637168141592921 0.8269230769230769 0.6548672566371682 0.8269230769230769 0.6460176991150443 0.8365384615384616 0.6371681415929203
1 0.6153846153846154 0.3008849557522124 0.6217948717948718 0.3185840707964602 0.6217948717948718 0.35398230088495575 0.6185897435897436 0.36283185840707965 0.6185897435897436 0.37168141592920356 0.6089743589743589 0.37168141592920356 0.5993589743589743 0.35398230088495575 0.5993589743589743 0.336283185840708 0.6025641025641025 0.3274336283185841 0.6025641025641025 0.3185840707964602 0.6089743589743589 0.3008849557522124 0.6121794871794872 0.3008849557522124
1 0.5993589743589743 0.40707964601769914 0.6025641025641025 0.415929203539823 0.6025641025641025 0.45132743362831856 0.5961538461538461 0.4690265486725664 0.5897435897435898 0.4690265486725664 0.5865384615384616 0.46017699115044247 0.5833333333333334 0.46017699115044247 0.5833333333333334 0.415929203539823 0.5865384615384616 0.40707964601769914 0.5961538461538461 0.40707964601769914
1 0.5576923076923077 0.4247787610619469 0.5673076923076923 0.45132743362831856 0.5673076923076923 0.4778761061946903 0.5608974358974359 0.49557522123893805 0.5544871794871795 0.49557522123893805 0.5448717948717948 0.4778761061946903 0.5448717948717948 0.4424778761061947 0.5512820512820513 0.4247787610619469 0.5544871794871795 0.4247787610619469
1 0.5512820512820513 0.5132743362831859 0.5544871794871795 0.5221238938053098 0.5544871794871795 0.5575221238938053 0.5480769230769231 0.5752212389380531 0.5416666666666666 0.5752212389380531 0.532051282051282 0.5575221238938053 0.532051282051282 0.5309734513274337 0.5384615384615384 0.5132743362831859 0.5480769230769231 0.5132743362831859
1 0.4519230769230769 0.7787610619469026 0.46474358974358976 0.8141592920353983 0.46474358974358976 0.8495575221238938 0.46153846153846156 0.8584070796460177 0.4391025641025641 0.8584070796460177 0.4326923076923077 0.8407079646017699 0.4326923076923077 0.8053097345132744 0.4358974358974359 0.7964601769911505 0.4358974358974359 0.7876106194690266 0.4391025641025641 0.7787610619469026 0.44871794871794873 0.7787610619469026
1 0.5673076923076923 0.008849557522123894 0.5769230769230769 0.035398230088495575 0.5769230769230769 0.061946902654867256 0.5737179487179487 0.07079646017699115 0.5737179487179487 0.07964601769911504 0.5641025641025641 0.09734513274336283 0.5576923076923077 0.09734513274336283 0.5544871794871795 0.08849557522123894 0.5512820512820513 0.08849557522123894 0.5448717948717948 0.07079646017699115 0.5448717948717948 0.035398230088495575 0.5544871794871795 0.008849557522123894 0.5641025641025641 0.008849557522123894
1 0.907051282051282 0.3274336283185841 0.907051282051282 0.336283185840708 0.9102564102564102 0.34513274336283184 0.9102564102564102 0.36283185840707965 0.907051282051282 0.37168141592920356 0.907051282051282 0.3805309734513274 0.9006410256410257 0.39823008849557523 0.8942307692307693 0.39823008849557523 0.8910256410256411 0.3893805309734513 0.8814102564102564 0.3805309734513274 0.8782051282051282 0.37168141592920356 0.8782051282051282 0.336283185840708 0.8846153846153846 0.3185840707964602 0.9006410256410257 0.3185840707964602 0.9038461538461539 0.3274336283185841
1 0.17307692307692307 0.4336283185840708 0.1794871794871795 0.46017699115044247 0.1794871794871795 0.4778761061946903 0.16987179487179488 0.504424778761062 0.16025641025641027 0.504424778761062 0.15705128205128205 0.49557522123893805 0.15384615384615385 0.49557522123893805 0.15384615384615385 0.4336283185840708 0.15705128205128205 0.4247787610619469 0.16666666666666666 0.4247787610619469 0.16987179487179488 0.4336283185840708
1 0.6394088669950738 0.4733249051833122 0.025615763546798027 0.08160774227298487
1 0.6378205128205128 0.35398230088495575 0.6410256410256411 0.36283185840707965 0.6442307692307693 0.36283185840707965 0.6442307692307693 0.40707964601769914 0.6410256410256411 0.415929203539823 0.6217948717948718 0.415929203539823 0.6217948717948718 0.36283185840707965 0.625 0.35398230088495575 0.6346153846153846 0.35398230088495575
1 0.4571428571428572 0.25706438815990235 0.027586206896551724 0.11697109725794497
1 0.3699507389162561 0.1958585814551637 0.028571428571428574 0.07616722612145255
1 0.08012820512820513 0.37168141592920356 0.08974358974358974 0.37168141592920356 0.09615384615384616 0.3893805309734513 0.09615384615384616 0.39823008849557523 0.09935897435897435 0.40707964601769914 0.09935897435897435 0.4424778761061947 0.09294871794871795 0.46017699115044247 0.08653846153846154 0.46017699115044247 0.07692307692307693 0.4424778761061947 0.07692307692307693 0.3893805309734513 0.08012820512820513 0.3805309734513274
1 0.9166666666666666 0.6106194690265486 0.9230769230769231 0.6283185840707964 0.9230769230769231 0.672566371681416 0.9198717948717948 0.6814159292035398 0.907051282051282 0.6814159292035398 0.9038461538461539 0.672566371681416 0.9006410256410257 0.672566371681416 0.9006410256410257 0.6637168141592921 0.8974358974358975 0.6548672566371682 0.8974358974358975 0.6371681415929203 0.9006410256410257 0.6283185840707964 0.9006410256410257 0.6194690265486725 0.9038461538461539 0.6106194690265486 0.9134615384615384 0.6106194690265486
1 0.9134615384615384 0.4690265486725664 0.9230769230769231 0.4690265486725664 0.9294871794871795 0.48672566371681414 0.9294871794871795 0.5309734513274337 0.9262820512820513 0.5398230088495575 0.9102564102564102 0.5398230088495575 0.9102564102564102 0.48672566371681414 0.9134615384615384 0.4778761061946903
1 0.47435897435897434 0.7079646017699115 0.4775641025641026 0.7168141592920354 0.4807692307692308 0.7168141592920354 0.4807692307692308 0.7256637168141593 0.483974358974359 0.7345132743362832 0.483974358974359 0.7787610619469026 0.4807692307692308 0.7876106194690266 0.4807692307692308 0.7964601769911505 0.46794871794871795 0.7964601769911505 0.46153846153846156 0.7787610619469026 0.46153846153846156 0.7699115044247787 0.4583333333333333 0.7610619469026548 0.4583333333333333 0.7168141592920354 0.46153846153846156 0.7079646017699115 0.47115384615384615 0.7079646017699115
1 0.26282051282051283 0.6017699115044248 0.2692307692307692 0.6194690265486725 0.2724358974358974 0.6194690265486725 0.2724358974358974 0.6548672566371682 0.266025641025641 0.672566371681416 0.25 0.672566371681416 0.2467948717948718 0.6637168141592921 0.2467948717948718 0.6283185840707964 0.25 0.6194690265486725 0.25 0.6106194690265486 0.25961538461538464 0.6017699115044248
2 0.8012820512820513 0.48672566371681414 0.8108974358974359 0.48672566371681414 0.8141025641025641 0.49557522123893805 0.8141025641025641 0.504424778761062 0.8108974358974359 0.5132743362831859 0.8044871794871795 0.5132743362831859 0.8012820512820513 0.504424778761062 0.8012820512820513 0.49557522123893805
2 0.5641025641025641 0.3185840707964602 0.5673076923076923 0.3274336283185841 0.5673076923076923 0.34513274336283184 0.5641025641025641 0.35398230088495575 0.5576923076923077 0.35398230088495575 0.5544871794871795 0.34513274336283184 0.5544871794871795 0.3274336283185841 0.5576923076923077 0.3185840707964602 0.5608974358974359 0.3185840707964602
2 0.1891025641025641 0.504424778761062 0.19230769230769232 0.5132743362831859 0.19230769230769232 0.5221238938053098 0.1858974358974359 0.5398230088495575 0.18269230769230768 0.5398230088495575 0.1794871794871795 0.5309734513274337 0.1794871794871795 0.5132743362831859 0.18269230769230768 0.504424778761062 0.1858974358974359 0.504424778761062
2 0.3685897435897436 0.831858407079646 0.3685897435897436 0.8141592920353983 0.3717948717948718 0.8053097345132744 0.375 0.8053097345132744 0.3782051282051282 0.8141592920353983 0.3782051282051282 0.831858407079646 0.3717948717948718 0.831858407079646
1 0.24334975369458128 0.5590130345699463 0.027586206896551724 0.07344696804568637
1 0.2916666666666667 0.35398230088495575 0.30128205128205127 0.37168141592920356 0.30128205128205127 0.415929203539823 0.2980769230769231 0.415929203539823 0.2948717948717949 0.4247787610619469 0.28846153846153844 0.4247787610619469 0.27884615384615385 0.40707964601769914 0.27884615384615385 0.3805309734513274 0.28525641025641024 0.36283185840707965 0.28846153846153844 0.36283185840707965
2 0.14423076923076922 0.26548672566371684 0.15384615384615385 0.26548672566371684 0.15384615384615385 0.2920353982300885 0.14423076923076922 0.2920353982300885 0.14423076923076922 0.2743362831858407
2 0.09615384615384616 0.2743362831858407 0.10256410256410256 0.2743362831858407 0.10576923076923077 0.2831858407079646 0.10576923076923077 0.3008849557522124 0.10256410256410256 0.3008849557522124 0.09935897435897435 0.30973451327433627 0.09294871794871795 0.2920353982300885 0.09615384615384616 0.2831858407079646
2 0.08653846153846154 0.08849557522123894 0.08653846153846154 0.12389380530973451 0.07692307692307693 0.12389380530973451 0.07692307692307693 0.09734513274336283 0.08012820512820513 0.08849557522123894 0.08333333333333333 0.08849557522123894
1 0.34615384615384615 0.4778761061946903 0.36538461538461536 0.5132743362831859 0.36538461538461536 0.5929203539823009 0.358974358974359 0.6106194690265486 0.34615384615384615 0.6106194690265486 0.34294871794871795 0.6017699115044248 0.34294871794871795 0.5929203539823009 0.3301282051282051 0.5575221238938053 0.3301282051282051 0.5486725663716814 0.32371794871794873 0.5309734513274337 0.32371794871794873 0.5221238938053098 0.3269230769230769 0.5132743362831859 0.3269230769230769 0.49557522123893805 0.3301282051282051 0.48672566371681414 0.33653846153846156 0.48672566371681414 0.33974358974358976 0.4778761061946903 0.34294871794871795 0.4778761061946903
1 0.5224358974358975 0.6991150442477876 0.5384615384615384 0.6991150442477876 0.5416666666666666 0.7079646017699115 0.5416666666666666 0.7433628318584071 0.5352564102564102 0.7699115044247787 0.5256410256410257 0.7699115044247787 0.5192307692307693 0.7522123893805309 0.5192307692307693 0.7168141592920354 0.5224358974358975 0.7079646017699115
1 0.8173076923076923 0.6106194690265486 0.8205128205128205 0.6194690265486725 0.8205128205128205 0.6371681415929203 0.8173076923076923 0.6460176991150443 0.8173076923076923 0.6548672566371682 0.8108974358974359 0.672566371681416 0.7980769230769231 0.672566371681416 0.7980769230769231 0.6637168141592921 0.7916666666666666 0.6460176991150443 0.7916666666666666 0.6283185840707964 0.8012820512820513 0.6017699115044248 0.8108974358974359 0.6017699115044248 0.8141025641025641 0.6106194690265486
1 0.6911330049261084 0.2312219364401238 0.026600985221674874 0.08160774227298487
1 0.6346153846153846 0.1504424778761062 0.6442307692307693 0.168141592920354 0.6442307692307693 0.18584070796460178 0.6410256410256411 0.19469026548672566 0.6410256410256411 0.20353982300884957 0.6346153846153846 0.22123893805309736 0.625 0.22123893805309736 0.6185897435897436 0.19469026548672566 0.6217948717948718 0.168141592920354 0.6282051282051282 0.1504424778761062 0.6314102564102564 0.1504424778761062
1 0.7532051282051282 0.5486725663716814 0.7564102564102564 0.5575221238938053 0.7564102564102564 0.5929203539823009 0.75 0.6106194690265486 0.7435897435897436 0.6106194690265486 0.7371794871794872 0.5929203539823009 0.7371794871794872 0.5575221238938053 0.7403846153846154 0.5486725663716814 0.75 0.5486725663716814
1 0.5288461538461539 0.168141592920354 0.5384615384615384 0.1592920353982301 0.5416666666666666 0.168141592920354 0.5448717948717948 0.168141592920354 0.5448717948717948 0.18584070796460178 0.5480769230769231 0.19469026548672566 0.5480769230769231 0.23008849557522124 0.5416666666666666 0.24778761061946902 0.5384615384615384 0.24778761061946902 0.5352564102564102 0.23893805309734514 0.532051282051282 0.23893805309734514 0.5256410256410257 0.22123893805309736 0.5256410256410257 0.18584070796460178 0.5288461538461539 0.17699115044247787
1 0.46474358974358976 0.09734513274336283 0.47435897435897434 0.08849557522123894 0.483974358974359 0.10619469026548672 0.483974358974359 0.13274336283185842 0.4807692307692308 0.1415929203539823 0.4807692307692308 0.1504424778761062 0.46794871794871795 0.1504424778761062 0.46153846153846156 0.13274336283185842 0.46153846153846156 0.11504424778761062 0.46474358974358976 0.10619469026548672
1 0.5009852216748768 0.07752735515933563 0.026600985221674874 0.07344696804568637
1 0.6009852216748768 0.05984567766685557 0.027586206896551724 0.06528619381838789
2 0.41346153846153844 0.6637168141592921 0.4166666666666667 0.672566371681416 0.4166666666666667 0.6991150442477876 0.41025641025641024 0.7168141592920354 0.40064102564102566 0.7168141592920354 0.40064102564102566 0.6814159292035398 0.40705128205128205 0.6637168141592921 0.41025641025641024 0.6637168141592921
2 0.4326923076923077 0.6283185840707964 0.44551282051282054 0.6283185840707964 0.44551282051282054 0.6371681415929203 0.44871794871794873 0.6460176991150443 0.4423076923076923 0.672566371681416 0.4326923076923077 0.672566371681416 0.42948717948717946 0.6637168141592921 0.42948717948717946 0.6460176991150443 0.4326923076923077 0.6371681415929203
1 0.13782051282051283 0.8672566371681416 0.14423076923076922 0.8849557522123894 0.14423076923076922 0.911504424778761 0.13782051282051283 0.9292035398230089 0.1282051282051282 0.9292035398230089 0.125 0.9203539823008849 0.125 0.8938053097345132 0.1282051282051282 0.8849557522123894 0.1282051282051282 0.8761061946902655 0.13141025641025642 0.8672566371681416 0.1346153846153846 0.8672566371681416
1 0.16987179487179488 0.7876106194690266 0.1762820512820513 0.8053097345132744 0.1762820512820513 0.8407079646017699 0.16987179487179488 0.8584070796460177 0.15705128205128205 0.8584070796460177 0.15064102564102563 0.831858407079646 0.15064102564102563 0.8230088495575221 0.15384615384615385 0.8141592920353983 0.15384615384615385 0.7964601769911505 0.15705128205128205 0.7876106194690266 0.16666666666666666 0.7876106194690266
2 0.21871921182266008 0.8827237455861197 0.019704433497536946 0.05712541959108941
1 0.09852216748768472 0.15641483935655434 0.023645320197044333 0.07344696804568637
1 0.717948717948718 0.3008849557522124 0.717948717948718 0.30973451327433627 0.7211538461538461 0.3185840707964602 0.7211538461538461 0.35398230088495575 0.717948717948718 0.35398230088495575 0.7147435897435898 0.36283185840707965 0.7019230769230769 0.36283185840707965 0.6987179487179487 0.35398230088495575 0.6987179487179487 0.3185840707964602 0.7083333333333334 0.2920353982300885 0.7115384615384616 0.2920353982300885 0.7147435897435898 0.3008849557522124
1 0.7692307692307693 0.3893805309734513 0.7788461538461539 0.415929203539823 0.7788461538461539 0.4336283185840708 0.7756410256410257 0.4424778761061947 0.7756410256410257 0.45132743362831856 0.7628205128205128 0.45132743362831856 0.7564102564102564 0.4336283185840708 0.7564102564102564 0.415929203539823 0.7596153846153846 0.40707964601769914 0.7596153846153846 0.39823008849557523 0.7628205128205128 0.3893805309734513 0.7660256410256411 0.3893805309734513
1 0.8141025641025641 0.13274336283185842 0.8205128205128205 0.1592920353982301 0.8205128205128205 0.17699115044247787 0.8141025641025641 0.19469026548672566 0.8012820512820513 0.19469026548672566 0.7948717948717948 0.17699115044247787 0.7948717948717948 0.1504424778761062 0.8012820512820513 0.13274336283185842 0.8108974358974359 0.13274336283185842
1 0.8782051282051282 0.07964601769911504 0.8782051282051282 0.08849557522123894 0.8814102564102564 0.09734513274336283 0.8814102564102564 0.11504424778761062 0.8717948717948718 0.1415929203539823 0.8589743589743589 0.1415929203539823 0.8525641025641025 0.12389380530973451 0.8525641025641025 0.09734513274336283 0.8621794871794872 0.07079646017699115 0.8717948717948718 0.07079646017699115 0.875 0.07964601769911504
1 0.9102564102564102 0.10619469026548672 0.9166666666666666 0.13274336283185842 0.9166666666666666 0.1415929203539823 0.9102564102564102 0.168141592920354 0.8974358974358975 0.168141592920354 0.8942307692307693 0.1592920353982301 0.8910256410256411 0.1592920353982301 0.8910256410256411 0.12389380530973451 0.8974358974358975 0.10619469026548672 0.907051282051282 0.10619469026548672
1 0.13201970443349753 0.10881032303064649 0.027586206896551724 0.07616722612145255
1 0.1762820512820513 0 0.1794871794871795 0.008849557522123894 0.1794871794871795 0.035398230088495575 0.17307692307692307 0.05309734513274336 0.17307692307692307 0.061946902654867256 0.16346153846153846 0.061946902654867256 0.15705128205128205 0.04424778761061947 0.15705128205128205 0.035398230088495575 0.15384615384615385 0.02654867256637168 0.15384615384615385 0.008849557522123894 0.15705128205128205 0 0.17307692307692307 0
1 0.27564102564102566 0.05309734513274336 0.27564102564102566 0.08849557522123894 0.2724358974358974 0.08849557522123894 0.266025641025641 0.10619469026548672 0.26282051282051283 0.10619469026548672 0.2532051282051282 0.08849557522123894 0.2532051282051282 0.04424778761061947 0.2564102564102564 0.035398230088495575 0.266025641025641 0.035398230088495575 0.2724358974358974 0.05309734513274336
2 0.3333333333333333 0 0.33653846153846156 0.008849557522123894 0.33974358974358976 0.008849557522123894 0.33974358974358976 0.035398230088495575 0.3301282051282051 0.035398230088495575 0.3269230769230769 0.02654867256637168 0.3301282051282051 0.017699115044247787 0.3301282051282051 0.008849557522123894
2 0.2403846153846154 0.008849557522123894 0.24358974358974358 0.017699115044247787 0.24358974358974358 0.035398230088495575 0.2403846153846154 0.04424778761061947 0.23397435897435898 0.04424778761061947 0.23076923076923078 0.035398230088495575 0.23076923076923078 0.017699115044247787 0.23397435897435898 0.008849557522123894 0.23717948717948717 0.008849557522123894
1 0.266025641025641 0 0.2980769230769231 0 0.2980769230769231 0.017699115044247787 0.2948717948717949 0.02654867256637168 0.2916666666666667 0.02654867256637168 0.28525641025641024 0.04424778761061947 0.2724358974358974 0.04424778761061947 0.2692307692307692 0.035398230088495575 0.266025641025641 0.035398230088495575 0.266025641025641 0.008849557522123894
2 0.42167487684729066 0.26386503334931777 0.01773399014778325 0.04896464536379092
1 0.13694581280788176 0.7439905837220454 0.025615763546798027 0.07344696804568637
1 0.08974358974358974 0.6637168141592921 0.08974358974358974 0.6194690265486725 0.09294871794871795 0.6106194690265486 0.10897435897435898 0.6106194690265486 0.11217948717948718 0.6194690265486725 0.11217948717948718 0.6460176991150443 0.10576923076923077 0.672566371681416 0.09615384615384616 0.672566371681416 0.09294871794871795 0.6637168141592921
2 0.10576923076923077 0.6902654867256637 0.10897435897435898 0.6991150442477876 0.10897435897435898 0.7079646017699115 0.10256410256410256 0.7256637168141593 0.09615384615384616 0.7256637168141593 0.09294871794871795 0.7168141592920354 0.09294871794871795 0.7079646017699115 0.09935897435897435 0.6902654867256637 0.10256410256410256 0.6902654867256637
2 0.2403846153846154 0.7079646017699115 0.24358974358974358 0.7168141592920354 0.24358974358974358 0.7256637168141593 0.2403846153846154 0.7345132743362832 0.23397435897435898 0.7345132743362832 0.23076923076923078 0.7256637168141593 0.23076923076923078 0.7168141592920354 0.23397435897435898 0.7079646017699115 0.23717948717948717 0.7079646017699115
1 0.375 0.7079646017699115 0.3782051282051282 0.7168141592920354 0.3782051282051282 0.7433628318584071 0.3717948717948718 0.7610619469026548 0.358974358974359 0.7610619469026548 0.3557692307692308 0.7522123893805309 0.3557692307692308 0.7168141592920354 0.358974358974359 0.7168141592920354 0.36217948717948717 0.7079646017699115 0.3717948717948718 0.7079646017699115
1 0.9006410256410257 0.584070796460177 0.9006410256410257 0.6106194690265486 0.8974358974358975 0.6194690265486725 0.8974358974358975 0.6637168141592921 0.8942307692307693 0.672566371681416 0.8814102564102564 0.672566371681416 0.875 0.6548672566371682 0.875 0.6017699115044248 0.8814102564102564 0.584070796460177 0.8974358974358975 0.584070796460177
1 0.7243589743589743 0.672566371681416 0.7339743589743589 0.6902654867256637 0.7339743589743589 0.7256637168141593 0.7275641025641025 0.7433628318584071 0.7147435897435898 0.7433628318584071 0.7083333333333334 0.7168141592920354 0.7083333333333334 0.6991150442477876 0.7115384615384616 0.6902654867256637 0.7115384615384616 0.6814159292035398 0.7211538461538461 0.672566371681416
1 0.7692307692307693 0.6371681415929203 0.7756410256410257 0.6548672566371682 0.7756410256410257 0.6902654867256637 0.7660256410256411 0.7168141592920354 0.7596153846153846 0.7168141592920354 0.7564102564102564 0.7079646017699115 0.7532051282051282 0.7079646017699115 0.7532051282051282 0.6637168141592921 0.7628205128205128 0.6371681415929203 0.7660256410256411 0.6371681415929203
1 0.19359605911330047 0.3468329046601857 0.022660098522167486 0.06800645189415405
1 0.6923076923076923 0.504424778761062 0.6987179487179487 0.5221238938053098 0.7019230769230769 0.5221238938053098 0.7019230769230769 0.5575221238938053 0.6923076923076923 0.584070796460177 0.6891025641025641 0.584070796460177 0.6858974358974359 0.5752212389380531 0.6794871794871795 0.5752212389380531 0.6730769230769231 0.5575221238938053 0.6730769230769231 0.5221238938053098 0.6794871794871795 0.504424778761062 0.6891025641025641 0.504424778761062
2 0.7115384615384616 0.5132743362831859 0.7147435897435898 0.5221238938053098 0.717948717948718 0.5221238938053098 0.717948717948718 0.5398230088495575 0.7147435897435898 0.5398230088495575 0.7115384615384616 0.5486725663716814 0.7083333333333334 0.5398230088495575 0.7051282051282052 0.5398230088495575 0.7051282051282052 0.5221238938053098 0.7083333333333334 0.5221238938053098
1 0.7133004926108374 0.4624438728802476 0.025615763546798027 0.07072670996992021
2 0.6666666666666666 0.5752212389380531 0.6762820512820513 0.5752212389380531 0.6794871794871795 0.584070796460177 0.6794871794871795 0.5929203539823009 0.6762820512820513 0.6017699115044248 0.6698717948717948 0.6017699115044248 0.6666666666666666 0.5929203539823009 0.6666666666666666 0.584070796460177
2 0.9006410256410257 0.415929203539823 0.9038461538461539 0.4247787610619469 0.9038461538461539 0.4424778761061947 0.8942307692307693 0.4424778761061947 0.8910256410256411 0.4336283185840708 0.8910256410256411 0.4247787610619469 0.8942307692307693 0.415929203539823 0.8974358974358975 0.415929203539823
1 0.8108974358974359 0.061946902654867256 0.8141025641025641 0.07079646017699115 0.8141025641025641 0.08849557522123894 0.8108974358974359 0.09734513274336283 0.8108974358974359 0.10619469026548672 0.8076923076923077 0.10619469026548672 0.8044871794871795 0.11504424778761062 0.7948717948717948 0.11504424778761062 0.7884615384615384 0.09734513274336283 0.7884615384615384 0.07079646017699115 0.7916666666666666 0.061946902654867256 0.8076923076923077 0.061946902654867256
1 0.27884615384615385 0.831858407079646 0.28205128205128205 0.8407079646017699 0.28846153846153844 0.8407079646017699 0.28846153846153844 0.8849557522123894 0.28525641025641024 0.8938053097345132 0.2724358974358974 0.8938053097345132 0.266025641025641 0.8761061946902655 0.266025641025641 0.8672566371681416 0.2692307692307692 0.8584070796460177 0.2692307692307692 0.8407079646017699 0.2724358974358974 0.831858407079646 0.27564102564102566 0.831858407079646
1 0.25961538461538464 0.7168141592920354 0.2724358974358974 0.7168141592920354 0.27884615384615385 0.7345132743362832 0.27884615384615385 0.7787610619469026 0.27564102564102566 0.7787610619469026 0.2724358974358974 0.7876106194690266 0.266025641025641 0.7876106194690266 0.2564102564102564 0.7610619469026548 0.2564102564102564 0.7345132743362832 0.25961538461538464 0.7256637168141593
2 0.28205128205128205 0.6814159292035398 0.28525641025641024 0.6902654867256637 0.28846153846153844 0.6902654867256637 0.28846153846153844 0.7168141592920354 0.28525641025641024 0.7256637168141593 0.27884615384615385 0.7256637168141593 0.27564102564102566 0.7168141592920354 0.27564102564102566 0.6902654867256637 0.27884615384615385 0.6902654867256637
1 0.3814102564102564 0.4336283185840708 0.391025641025641 0.45132743362831856 0.391025641025641 0.48672566371681414 0.38782051282051283 0.49557522123893805 0.375 0.49557522123893805 0.3717948717948718 0.48672566371681414 0.3717948717948718 0.4424778761061947 0.375 0.4336283185840708 0.3782051282051282 0.4336283185840708
2 0.34294871794871795 0.3805309734513274 0.34935897435897434 0.36283185840707965 0.3525641025641026 0.36283185840707965 0.3557692307692308 0.37168141592920356 0.3557692307692308 0.3893805309734513 0.3525641025641026 0.39823008849557523 0.34615384615384615 0.39823008849557523 0.34615384615384615 0.3893805309734513
1 0.32413793103448274 0.4406818082741183 0.025615763546798027 0.07616722612145255
2 0.22435897435897437 0.6637168141592921 0.22756410256410256 0.672566371681416 0.22756410256410256 0.6814159292035398 0.22435897435897437 0.6902654867256637 0.21794871794871795 0.6902654867256637 0.21474358974358973 0.6814159292035398 0.21474358974358973 0.672566371681416 0.21794871794871795 0.6637168141592921 0.22115384615384615 0.6637168141592921
2 0.20833333333333334 0.6637168141592921 0.20833333333333334 0.672566371681416 0.21153846153846154 0.6814159292035398 0.20512820512820512 0.6991150442477876 0.20192307692307693 0.6991150442477876 0.1987179487179487 0.6902654867256637 0.1987179487179487 0.672566371681416 0.20192307692307693 0.6637168141592921 0.20512820512820512 0.6637168141592921
2 0.13497536945812807 0.3944374209860935 0.015763546798029555 0.043524129212258594
2 0.5865384615384616 0.3008849557522124 0.5897435897435898 0.30973451327433627 0.5897435897435898 0.34513274336283184 0.5801282051282052 0.34513274336283184 0.5769230769230769 0.336283185840708 0.5769230769230769 0.30973451327433627 0.5801282051282052 0.3008849557522124 0.5833333333333334 0.3008849557522124
2 0.5993589743589743 0.7787610619469026 0.5961538461538461 0.7522123893805309 0.6025641025641025 0.7345132743362832 0.6121794871794872 0.7345132743362832 0.6121794871794872 0.7610619469026548 0.6089743589743589 0.7699115044247787 0.6089743589743589 0.7787610619469026 0.6025641025641025 0.7787610619469026
2 0.6610837438423645 0.7331095514189807 0.019704433497536946 0.05712541959108941
2 0.6826923076923077 0.6814159292035398 0.6858974358974359 0.6814159292035398 0.6891025641025641 0.672566371681416 0.6987179487179487 0.6814159292035398 0.6987179487179487 0.6991150442477876 0.6955128205128205 0.7079646017699115 0.6858974358974359 0.7079646017699115 0.6826923076923077 0.6991150442477876 0.6826923076923077 0.6902654867256637