1 0.5019704433497537 0.2162605170234099 0.03645320197044335 0.08976851650028336
1 0.5673076923076923 0.11504424778761062 0.5705128205128205 0.11504424778761062 0.5737179487179487 0.10619469026548672 0.5833333333333334 0.10619469026548672 0.592948717948718 0.13274336283185842 0.592948717948718 0.1504424778761062 0.5961538461538461 0.1592920353982301 0.592948717948718 0.18584070796460178 0.5865384615384616 0.20353982300884957 0.5769230769230769 0.20353982300884957 0.5641025641025641 0.168141592920354 0.5641025641025641 0.13274336283185842 0.5673076923076923 0.12389380530973451
1 0.34615384615384615 0.23893805309734514 0.3557692307692308 0.26548672566371684 0.3557692307692308 0.3185840707964602 0.3525641025641026 0.3185840707964602 0.34615384615384615 0.336283185840708 0.3301282051282051 0.336283185840708 0.32371794871794873 0.3185840707964602 0.32371794871794873 0.3008849557522124 0.32051282051282054 0.2920353982300885 0.32051282051282054 0.2743362831858407 0.3269230769230769 0.24778761061946902 0.3301282051282051 0.24778761061946902 0.3333333333333333 0.23893805309734514 0.34294871794871795 0.23893805309734514
1 0.7275641025641025 0.4247787610619469 0.7339743589743589 0.4424778761061947 0.7371794871794872 0.4424778761061947 0.7371794871794872 0.45132743362831856 0.7403846153846154 0.46017699115044247 0.7403846153846154 0.504424778761062 0.7371794871794872 0.5132743362831859 0.7339743589743589 0.5132743362831859 0.7275641025641025 0.5309734513274337 0.7147435897435898 0.5309734513274337 0.7115384615384616 0.5221238938053098 0.7019230769230769 0.5132743362831859 0.7019230769230769 0.504424778761062 0.6987179487179487 0.49557522123893805 0.6987179487179487 0.45132743362831856 0.7083333333333334 0.4336283185840708 0.717948717948718 0.4336283185840708 0.7211538461538461 0.4247787610619469 0.7243589743589743 0.4247787610619469
1 0.3557692307692308 0.6106194690265486 0.36217948717948717 0.6283185840707964 0.36217948717948717 0.6814159292035398 0.3557692307692308 0.6991150442477876 0.33653846153846156 0.6991150442477876 0.3301282051282051 0.672566371681416 0.3301282051282051 0.6460176991150443 0.34294871794871795 0.6106194690265486 0.3525641025641026 0.6106194690265486
1 0.1290640394088671 0.029922838833427785 0.041379310344827586 0.05984567766685557
1 0.5192307692307693 0.4247787610619469 0.5288461538461539 0.45132743362831856 0.5288461538461539 0.4690265486725664 0.532051282051282 0.4778761061946903 0.5288461538461539 0.504424778761062 0.5224358974358975 0.5221238938053098 0.5128205128205128 0.5221238938053098 0.5096153846153846 0.5132743362831859 0.5032051282051282 0.5132743362831859 0.5 0.504424778761062 0.5 0.49557522123893805 0.4935897435897436 0.4690265486725664 0.4935897435897436 0.46017699115044247 0.5 0.4336283185840708 0.5032051282051282 0.4336283185840708 0.5064102564102564 0.4247787610619469 0.5160256410256411 0.4247787610619469
1 0.5961538461538461 0.7522123893805309 0.6025641025641025 0.7699115044247787 0.6025641025641025 0.7787610619469026 0.6057692307692307 0.7876106194690266 0.6057692307692307 0.8230088495575221 0.6025641025641025 0.831858407079646 0.6025641025641025 0.8407079646017699 0.5993589743589743 0.8407079646017699 0.5961538461538461 0.8495575221238938 0.5801282051282052 0.8495575221238938 0.5801282051282052 0.8407079646017699 0.5769230769230769 0.831858407079646 0.5737179487179487 0.831858407079646 0.5737179487179487 0.8230088495575221 0.5705128205128205 0.8141592920353983 0.5705128205128205 0.7876106194690266 0.5833333333333334 0.7522123893805309 0.592948717948718 0.7522123893805309
2 0.44975369458128084 0.8187976808056148 0.018719211822660096 0.04896464536379092
2 0.20192307692307693 0.5663716814159292 0.21153846153846154 0.5663716814159292 0.21153846153846154 0.5929203539823009 0.20192307692307693 0.5929203539823009 0.20192307692307693 0.5752212389380531
2 0.1901477832512316 0.36859496926631496 0.015763546798029555 0.040803871136492434
2 0.7955665024630542 0.5005274859409738 0.014778325123152709 0.043524129212258594
2 0.4551282051282051 0.09734513274336283 0.46474358974358976 0.09734513274336283 0.46474358974358976 0.12389380530973451 0.46153846153846156 0.13274336283185842 0.4583333333333333 0.13274336283185842 0.4551282051282051 0.12389380530973451 0.4551282051282051 0.10619469026548672
2 0.5137931034482759 0.8432800034875103 0.016748768472906402 0.04896464536379092
2 0.7571428571428571 0.26250490431143464 0.016748768472906402 0.04624438728802476
2 0.8205128205128205 0.7168141592920354 0.8301282051282052 0.7168141592920354 0.8301282051282052 0.7522123893805309 0.8205128205128205 0.7522123893805309 0.8205128205128205 0.7433628318584071 0.8173076923076923 0.7345132743362832 0.8205128205128205 0.7256637168141593
2 0.2916666666666667 0.415929203539823 0.2916666666666667 0.40707964601769914 0.28846153846153844 0.39823008849557523 0.2948717948717949 0.3805309734513274 0.2980769230769231 0.3805309734513274 0.30128205128205127 0.3893805309734513 0.30128205128205127 0.40707964601769914 0.2980769230769231 0.415929203539823 0.2948717948717949 0.415929203539823
2 0.26282051282051283 0.6194690265486725 0.2692307692307692 0.6371681415929203 0.2692307692307692 0.6548672566371682 0.266025641025641 0.6637168141592921 0.25961538461538464 0.6637168141592921 0.2564102564102564 0.6548672566371682 0.2532051282051282 0.6548672566371682 0.2532051282051282 0.6283185840707964 0.2564102564102564 0.6194690265486725 0.25961538461538464 0.6194690265486725
2 0.20512820512820512 0.6814159292035398 0.22115384615384615 0.6814159292035398 0.22115384615384615 0.7079646017699115 0.21153846153846154 0.7256637168141593 0.20833333333333334 0.7168141592920354 0.20512820512820512 0.7168141592920354 0.20512820512820512 0.6902654867256637
2 0.21474358974358973 0.6017699115044248 0.22756410256410256 0.6017699115044248 0.22756410256410256 0.6371681415929203 0.22435897435897437 0.6460176991150443 0.21794871794871795 0.6460176991150443 0.21474358974358973 0.6371681415929203 0.21474358974358973 0.6106194690265486
2 0.6698717948717948 0.07079646017699115 0.6730769230769231 0.07964601769911504 0.6730769230769231 0.10619469026548672 0.6666666666666666 0.12389380530973451 0.6634615384615384 0.12389380530973451 0.657051282051282 0.10619469026548672 0.6602564102564102 0.07964601769911504 0.6634615384615384 0.07079646017699115 0.6666666666666666 0.07079646017699115
2 0.7147435897435898 0.10619469026548672 0.717948717948718 0.11504424778761062 0.717948717948718 0.1415929203539823 0.7147435897435898 0.1504424778761062 0.7083333333333334 0.1504424778761062 0.7019230769230769 0.13274336283185842 0.7019230769230769 0.12389380530973451 0.7083333333333334 0.10619469026548672 0.7115384615384616 0.10619469026548672
2 0.17307692307692307 0.23008849557522124 0.1858974358974359 0.23008849557522124 0.1891025641025641 0.23893805309734514 0.1891025641025641 0.25663716814159293 0.1858974358974359 0.26548672566371684 0.1762820512820513 0.26548672566371684 0.17307692307692307 0.25663716814159293 0.17307692307692307 0.23893805309734514
2 0.1794871794871795 0.30973451327433627 0.18269230769230768 0.3185840707964602 0.18269230769230768 0.34513274336283184 0.1794871794871795 0.35398230088495575 0.16987179487179488 0.34513274336283184 0.16987179487179488 0.3185840707964602 0.17307692307692307 0.30973451327433627 0.1762820512820513 0.30973451327433627
2 0.20512820512820512 0.19469026548672566 0.21794871794871795 0.19469026548672566 0.21794871794871795 0.22123893805309736 0.21474358974358973 0.23008849557522124 0.20833333333333334 0.23008849557522124 0.20512820512820512 0.22123893805309736 0.20512820512820512 0.20353982300884957
2 0.15384615384615385 0.20353982300884957 0.16666666666666666 0.20353982300884957 0.16666666666666666 0.23008849557522124 0.16346153846153846 0.23893805309734514 0.15705128205128205 0.23893805309734514 0.15384615384615385 0.23008849557522124 0.15384615384615385 0.21238938053097345
1 0.717948717948718 0.24778761061946902 0.7243589743589743 0.26548672566371684 0.7243589743589743 0.2920353982300885 0.717948717948718 0.3185840707964602 0.7019230769230769 0.3185840707964602 0.6987179487179487 0.30973451327433627 0.6987179487179487 0.25663716814159293 0.7083333333333334 0.23893805309734514 0.7115384615384616 0.23893805309734514 0.7147435897435898 0.24778761061946902
1 0.7307692307692307 0.168141592920354 0.7371794871794872 0.18584070796460178 0.7403846153846154 0.21238938053097345 0.7307692307692307 0.23893805309734514 0.7275641025641025 0.23893805309734514 0.7243589743589743 0.24778761061946902 0.7211538461538461 0.24778761061946902 0.7115384615384616 0.23008849557522124 0.7115384615384616 0.22123893805309736 0.7083333333333334 0.21238938053097345 0.7083333333333334 0.19469026548672566 0.717948717948718 0.168141592920354 0.7275641025641025 0.168141592920354
1 0.8493589743589743 0.5398230088495575 0.8525641025641025 0.5486725663716814 0.8525641025641025 0.5929203539823009 0.842948717948718 0.6106194690265486 0.8301282051282052 0.6106194690265486 0.8237179487179487 0.5929203539823009 0.8237179487179487 0.5486725663716814 0.8269230769230769 0.5486725663716814 0.8333333333333334 0.5309734513274337 0.842948717948718 0.5309734513274337 0.8461538461538461 0.5398230088495575
1 0.7051282051282052 0.6460176991150443 0.7051282051282052 0.6991150442477876 0.6955128205128205 0.7168141592920354 0.6858974358974359 0.7168141592920354 0.6794871794871795 0.6991150442477876 0.6794871794871795 0.6548672566371682 0.6891025641025641 0.6371681415929203 0.6987179487179487 0.6371681415929203 0.7019230769230769 0.6460176991150443
1 0.23717948717948717 0.23008849557522124 0.23717948717948717 0.23893805309734514 0.2403846153846154 0.24778761061946902 0.24358974358974358 0.2743362831858407 0.2403846153846154 0.2831858407079646 0.2403846153846154 0.2920353982300885 0.23397435897435898 0.30973451327433627 0.21794871794871795 0.30973451327433627 0.21153846153846154 0.2831858407079646 0.21153846153846154 0.26548672566371684 0.21474358974358973 0.25663716814159293 0.21474358974358973 0.23893805309734514 0.21794871794871795 0.23008849557522124 0.23397435897435898 0.23008849557522124
1 0.48717948717948717 0.415929203539823 0.49038461538461536 0.4247787610619469 0.49038461538461536 0.4778761061946903 0.48717948717948717 0.4778761061946903 0.483974358974359 0.48672566371681414 0.47115384615384615 0.48672566371681414 0.46474358974358976 0.4690265486725664 0.46474358974358976 0.4336283185840708 0.47115384615384615 0.415929203539823 0.47435897435897434 0.415929203539823 0.4775641025641026 0.40707964601769914 0.4807692307692308 0.40707964601769914 0.483974358974359 0.415929203539823
1 0.4280788177339902 0.6501416801081128 0.03251231527093596 0.09248877457604952
1 0.40064102564102566 0.48672566371681414 0.40705128205128205 0.504424778761062 0.40705128205128205 0.5486725663716814 0.3974358974358974 0.5663716814159292 0.391025641025641 0.5663716814159292 0.3814102564102564 0.5486725663716814 0.3814102564102564 0.504424778761062 0.38782051282051283 0.48672566371681414 0.3974358974358974 0.48672566371681414
1 0.7532051282051282 0.34513274336283184 0.7596153846153846 0.37168141592920356 0.7596153846153846 0.40707964601769914 0.7564102564102564 0.415929203539823 0.7564102564102564 0.4336283185840708 0.7532051282051282 0.4424778761061947 0.7403846153846154 0.4424778761061947 0.7243589743589743 0.40707964601769914 0.7243589743589743 0.3805309734513274 0.7307692307692307 0.36283185840707965 0.7403846153846154 0.36283185840707965 0.7467948717948718 0.34513274336283184 0.75 0.34513274336283184
1 0.1858974358974359 0.008849557522123894 0.1858974358974359 0.07079646017699115 0.1794871794871795 0.08849557522123894 0.16346153846153846 0.08849557522123894 0.16025641025641027 0.07964601769911504 0.16025641025641027 0.07079646017699115 0.15705128205128205 0.061946902654867256 0.15705128205128205 0.017699115044247787 0.16346153846153846 0 0.1794871794871795 0 0.18269230769230768 0.008849557522123894
1 0.8974358974358975 0.7787610619469026 0.9038461538461539 0.7964601769911505 0.9038461538461539 0.8407079646017699 0.8974358974358975 0.8584070796460177 0.8846153846153846 0.8584070796460177 0.8782051282051282 0.8407079646017699 0.8782051282051282 0.7964601769911505 0.8846153846153846 0.7787610619469026 0.8942307692307693 0.7787610619469026
1 0.13782051282051283 0.5221238938053098 0.14102564102564102 0.5221238938053098 0.14743589743589744 0.504424778761062 0.15705128205128205 0.504424778761062 0.16666666666666666 0.5309734513274337 0.16666666666666666 0.5486725663716814 0.16346153846153846 0.5575221238938053 0.16346153846153846 0.584070796460177 0.15705128205128205 0.6017699115044248 0.15384615384615385 0.6017699115044248 0.15064102564102563 0.6106194690265486 0.14102564102564102 0.6106194690265486 0.1346153846153846 0.584070796460177 0.1346153846153846 0.5398230088495575 0.13782051282051283 0.5309734513274337
1 0.7788461538461539 0.12389380530973451 0.7884615384615384 0.1415929203539823 0.7884615384615384 0.18584070796460178 0.7852564102564102 0.18584070796460178 0.782051282051282 0.19469026548672566 0.7692307692307693 0.19469026548672566 0.7596153846153846 0.168141592920354 0.7596153846153846 0.1504424778761062 0.7660256410256411 0.13274336283185842 0.7756410256410257 0.12389380530973451
1 0.7788461538461539 0.22123893805309736 0.782051282051282 0.23008849557522124 0.7852564102564102 0.23008849557522124 0.7916666666666666 0.25663716814159293 0.7916666666666666 0.2743362831858407 0.7852564102564102 0.2920353982300885 0.7660256410256411 0.2920353982300885 0.7628205128205128 0.2831858407079646 0.7628205128205128 0.24778761061946902 0.7660256410256411 0.23893805309734514 0.7660256410256411 0.23008849557522124 0.7756410256410257 0.22123893805309736
1 0.782051282051282 0.3805309734513274 0.7884615384615384 0.39823008849557523 0.7884615384615384 0.4424778761061947 0.7852564102564102 0.45132743362831856 0.7660256410256411 0.45132743362831856 0.7596153846153846 0.4336283185840708 0.7596153846153846 0.40707964601769914 0.7692307692307693 0.3805309734513274 0.7788461538461539 0.3805309734513274
1 0.13141025641025642 0.17699115044247787 0.14102564102564102 0.20353982300884957 0.14102564102564102 0.24778761061946902 0.13782051282051283 0.25663716814159293 0.11858974358974358 0.25663716814159293 0.11217948717948718 0.23893805309734514 0.11217948717948718 0.17699115044247787 0.11538461538461539 0.168141592920354 0.125 0.168141592920354 0.1282051282051282 0.17699115044247787
1 0.5428571428571428 0.05168490343955708 0.03940886699507389 0.10336980687911416
2 0.5737179487179487 0.8761061946902655 0.5737179487179487 0.911504424778761 0.5705128205128205 0.911504424778761 0.5673076923076923 0.9203539823008849 0.5608974358974359 0.9203539823008849 0.5576923076923077 0.911504424778761 0.5576923076923077 0.8849557522123894 0.5641025641025641 0.8672566371681416 0.5673076923076923 0.8672566371681416 0.5705128205128205 0.8761061946902655
1 0.42628205128205127 0.7345132743362832 0.4358974358974359 0.7522123893805309 0.4358974358974359 0.7876106194690266 0.4326923076923077 0.7964601769911505 0.4166666666666667 0.7964601769911505 0.41025641025641024 0.7787610619469026 0.41025641025641024 0.7522123893805309 0.41346153846153844 0.7433628318584071 0.4230769230769231 0.7345132743362832
1 0.36600985221674887 0.7630323902524084 0.026600985221674874 0.08976851650028336
1 0.7532051282051282 0.7787610619469026 0.7564102564102564 0.7876106194690266 0.7596153846153846 0.7876106194690266 0.7596153846153846 0.7964601769911505 0.7628205128205128 0.8053097345132744 0.7628205128205128 0.8495575221238938 0.7596153846153846 0.8495575221238938 0.7564102564102564 0.8584070796460177 0.7403846153846154 0.8584070796460177 0.7339743589743589 0.831858407079646 0.7339743589743589 0.7964601769911505 0.7403846153846154 0.7787610619469026 0.75 0.7787610619469026
1 0.7916666666666666 0.7610619469026548 0.7980769230769231 0.7787610619469026 0.7980769230769231 0.8230088495575221 0.7916666666666666 0.8407079646017699 0.7884615384615384 0.8407079646017699 0.7852564102564102 0.8495575221238938 0.7756410256410257 0.8407079646017699 0.7692307692307693 0.8230088495575221 0.7692307692307693 0.7787610619469026 0.7724358974358975 0.7787610619469026 0.7788461538461539 0.7610619469026548 0.7884615384615384 0.7610619469026548
1 0.6955128205128205 0.831858407079646 0.6955128205128205 0.8230088495575221 0.6923076923076923 0.8141592920353983 0.6923076923076923 0.7876106194690266 0.6987179487179487 0.7699115044247787 0.7147435897435898 0.7699115044247787 0.7211538461538461 0.7876106194690266 0.7211538461538461 0.8230088495575221 0.717948717948718 0.831858407079646 0.7147435897435898 0.831858407079646 0.7115384615384616 0.8407079646017699 0.7019230769230769 0.8407079646017699 0.6987179487179487 0.831858407079646
1 0.7115384615384616 0.6371681415929203 0.7083333333333334 0.6283185840707964 0.7019230769230769 0.6283185840707964 0.6955128205128205 0.6106194690265486 0.6955128205128205 0.5752212389380531 0.7019230769230769 0.5575221238938053 0.717948717948718 0.5575221238938053 0.7243589743589743 0.5752212389380531 0.7243589743589743 0.6194690265486725 0.7211538461538461 0.6283185840707964 0.7147435897435898 0.6283185840707964
1 0.6634615384615384 0.8053097345132744 0.6634615384615384 0.7522123893805309 0.6698717948717948 0.7345132743362832 0.6730769230769231 0.7345132743362832 0.6762820512820513 0.7256637168141593 0.6794871794871795 0.7256637168141593 0.6891025641025641 0.7522123893805309 0.6891025641025641 0.8053097345132744 0.6794871794871795 0.8230088495575221 0.6698717948717948 0.8230088495575221 0.6698717948717948 0.8141592920353983 0.6666666666666666 0.8053097345132744
1 0.6497536945812808 0.6759841318278913 0.03054187192118226 0.08432800034875103
1 0.15705128205128205 0.6283185840707964 0.16025641025641027 0.6371681415929203 0.16987179487179488 0.6460176991150443 0.16987179487179488 0.6548672566371682 0.17307692307692307 0.6637168141592921 0.17307692307692307 0.7079646017699115 0.16987179487179488 0.7079646017699115 0.16666666666666666 0.7168141592920354 0.14743589743589744 0.7168141592920354 0.14423076923076922 0.7079646017699115 0.14423076923076922 0.6991150442477876 0.14102564102564102 0.6902654867256637 0.14102564102564102 0.6814159292035398 0.14423076923076922 0.672566371681416 0.14423076923076922 0.6460176991150443 0.14743589743589744 0.6371681415929203 0.15384615384615385 0.6371681415929203
1 0.38782051282051283 0.3008849557522124 0.3942307692307692 0.3185840707964602 0.3942307692307692 0.3274336283185841 0.3974358974358974 0.336283185840708 0.3974358974358974 0.35398230088495575 0.38782051282051283 0.37168141592920356 0.3782051282051282 0.37168141592920356 0.3782051282051282 0.36283185840707965 0.375 0.35398230088495575 0.375 0.3185840707964602 0.3814102564102564 0.3008849557522124 0.38461538461538464 0.3008849557522124
1 0.41025641025641024 0.40707964601769914 0.41346153846153844 0.415929203539823 0.41346153846153844 0.46017699115044247 0.41025641025641024 0.46017699115044247 0.40705128205128205 0.4690265486725664 0.40064102564102566 0.4690265486725664 0.3942307692307692 0.45132743362831856 0.3942307692307692 0.415929203539823 0.3974358974358974 0.40707964601769914 0.40705128205128205 0.40707964601769914
1 0.44551282051282054 0.4247787610619469 0.4519230769230769 0.4424778761061947 0.4519230769230769 0.4778761061946903 0.4423076923076923 0.49557522123893805 0.4358974358974359 0.49557522123893805 0.42948717948717946 0.4778761061946903 0.42948717948717946 0.45132743362831856 0.4391025641025641 0.4247787610619469 0.4423076923076923 0.4247787610619469
1 0.4583333333333333 0.5132743362831859 0.46474358974358976 0.5309734513274337 0.46474358974358976 0.5575221238938053 0.4551282051282051 0.5752212389380531 0.44871794871794873 0.5752212389380531 0.4423076923076923 0.5575221238938053 0.4423076923076923 0.5221238938053098 0.44551282051282054 0.5132743362831859 0.4551282051282051 0.5132743362831859
1 0.5576923076923077 0.7787610619469026 0.5641025641025641 0.8053097345132744 0.5641025641025641 0.8407079646017699 0.5576923076923077 0.8584070796460177 0.5352564102564102 0.8584070796460177 0.532051282051282 0.8495575221238938 0.532051282051282 0.8141592920353983 0.5448717948717948 0.7787610619469026 0.5544871794871795 0.7787610619469026
1 0.4423076923076923 0.008849557522123894 0.4519230769230769 0.035398230088495575 0.4519230769230769 0.07079646017699115 0.44551282051282054 0.08849557522123894 0.4423076923076923 0.08849557522123894 0.4391025641025641 0.09734513274336283 0.4326923076923077 0.09734513274336283 0.42948717948717946 0.08849557522123894 0.42628205128205127 0.08849557522123894 0.4198717948717949 0.061946902654867256 0.4198717948717949 0.035398230088495575 0.42948717948717946 0.008849557522123894 0.4391025641025641 0.008849557522123894
1 0.08974358974358974 0.3274336283185841 0.09294871794871795 0.3274336283185841 0.09615384615384616 0.3185840707964602 0.11217948717948718 0.3185840707964602 0.11858974358974358 0.336283185840708 0.11858974358974358 0.37168141592920356 0.11538461538461539 0.3805309734513274 0.11217948717948718 0.3805309734513274 0.10256410256410256 0.39823008849557523 0.09615384615384616 0.39823008849557523 0.08974358974358974 0.3805309734513274 0.08974358974358974 0.37168141592920356 0.08653846153846154 0.36283185840707965 0.08653846153846154 0.34513274336283184 0.08974358974358974 0.336283185840708
1 0.8344827586206898 0.46788438903177987 0.029556650246305417 0.08704825842451719
1 0.34935897435897434 0.504424778761062 0.34935897435897434 0.49557522123893805 0.34615384615384615 0.48672566371681414 0.34615384615384615 0.45132743362831856 0.3525641025641026 0.4336283185840708 0.36217948717948717 0.4336283185840708 0.3685897435897436 0.46017699115044247 0.3685897435897436 0.49557522123893805 0.36538461538461536 0.504424778761062 0.3525641025641026 0.504424778761062
1 0.3717948717948718 0.35398230088495575 0.375 0.36283185840707965 0.375 0.415929203539823 0.3557692307692308 0.415929203539823 0.3525641025641026 0.40707964601769914 0.3525641025641026 0.36283185840707965 0.3557692307692308 0.36283185840707965 0.358974358974359 0.35398230088495575 0.3685897435897436 0.35398230088495575
1 0.5428571428571428 0.25706438815990235 0.027586206896551724 0.11697109725794497
1 0.6346153846153846 0.168141592920354 0.6410256410256411 0.18584070796460178 0.6410256410256411 0.20353982300884957 0.6314102564102564 0.23008849557522124 0.625 0.23008849557522124 0.6217948717948718 0.22123893805309736 0.6185897435897436 0.22123893805309736 0.6185897435897436 0.20353982300884957 0.6153846153846154 0.19469026548672566 0.6153846153846154 0.168141592920354 0.6185897435897436 0.1592920353982301 0.6282051282051282 0.1592920353982301 0.6314102564102564 0.168141592920354
1 0.9123152709359607 0.41755961463010594 0.025615763546798027 0.100649548803348
1 0.09294871794871795 0.6106194690265486 0.09935897435897435 0.6371681415929203 0.09935897435897435 0.6548672566371682 0.09615384615384616 0.6637168141592921 0.09615384615384616 0.672566371681416 0.09294871794871795 0.672566371681416 0.08974358974358974 0.6814159292035398 0.07692307692307693 0.6814159292035398 0.07371794871794872 0.672566371681416 0.07371794871794872 0.6283185840707964 0.08012820512820513 0.6106194690265486 0.08974358974358974 0.6106194690265486
1 0.08029556650246314 0.5100483892061555 0.02463054187192118 0.08432800034875103
1 0.5352564102564102 0.7079646017699115 0.5384615384615384 0.7168141592920354 0.5384615384615384 0.7610619469026548 0.5352564102564102 0.7699115044247787 0.5352564102564102 0.7787610619469026 0.5288461538461539 0.7964601769911505 0.5160256410256411 0.7964601769911505 0.5160256410256411 0.7876106194690266 0.5128205128205128 0.7787610619469026 0.5128205128205128 0.7345132743362832 0.5160256410256411 0.7256637168141593 0.5160256410256411 0.7168141592920354 0.5192307692307693 0.7168141592920354 0.5224358974358975 0.7079646017699115 0.532051282051282 0.7079646017699115
1 0.7403846153846154 0.6017699115044248 0.7435897435897436 0.6106194690265486 0.7467948717948718 0.6106194690265486 0.7467948717948718 0.6194690265486725 0.75 0.6283185840707964 0.75 0.6637168141592921 0.7467948717948718 0.672566371681416 0.7307692307692307 0.672566371681416 0.7243589743589743 0.6548672566371682 0.7243589743589743 0.6194690265486725 0.7275641025641025 0.6194690265486725 0.7339743589743589 0.6017699115044248 0.7371794871794872 0.6017699115044248
2 0.19211822660098532 0.5018876149788569 0.013793103448275862 0.040803871136492434
2 0.4391025641025641 0.3185840707964602 0.4423076923076923 0.3274336283185841 0.4423076923076923 0.34513274336283184 0.4391025641025641 0.35398230088495575 0.4326923076923077 0.35398230088495575 0.42948717948717946 0.34513274336283184 0.42948717948717946 0.3274336283185841 0.4326923076923077 0.3185840707964602 0.4358974358974359 0.3185840707964602
2 0.8141025641025641 0.504424778761062 0.8173076923076923 0.5132743362831859 0.8173076923076923 0.5309734513274337 0.8141025641025641 0.5398230088495575 0.8108974358974359 0.5398230088495575 0.8044871794871795 0.5221238938053098 0.8044871794871795 0.5132743362831859 0.8076923076923077 0.504424778761062 0.8108974358974359 0.504424778761062
2 0.6185897435897436 0.831858407079646 0.6185897435897436 0.8141592920353983 0.6217948717948718 0.8053097345132744 0.625 0.8053097345132744 0.6282051282051282 0.8141592920353983 0.6282051282051282 0.831858407079646 0.6217948717948718 0.831858407079646
1 0.7566502463054187 0.5590130345699463 0.027586206896551724 0.07344696804568637
1 0.7051282051282052 0.35398230088495575 0.7083333333333334 0.36283185840707965 0.7115384615384616 0.36283185840707965 0.717948717948718 0.3805309734513274 0.717948717948718 0.40707964601769914 0.7083333333333334 0.4247787610619469 0.7019230769230769 0.4247787610619469 0.6987179487179487 0.415929203539823 0.6955128205128205 0.415929203539823 0.6955128205128205 0.37168141592920356 0.6987179487179487 0.36283185840707965 0.7019230769230769 0.36283185840707965
2 0.842948717948718 0.26548672566371684 0.8525641025641025 0.26548672566371684 0.8525641025641025 0.2920353982300885 0.842948717948718 0.2920353982300885 0.842948717948718 0.2743362831858407
2 0.9006410256410257 0.2743362831858407 0.9006410256410257 0.2831858407079646 0.9038461538461539 0.2920353982300885 0.8974358974358975 0.30973451327433627 0.8942307692307693 0.3008849557522124 0.8910256410256411 0.3008849557522124 0.8910256410256411 0.2831858407079646 0.8942307692307693 0.2743362831858407 0.8974358974358975 0.2743362831858407
2 0.9102564102564102 0.08849557522123894 0.9166666666666666 0.08849557522123894 0.9198717948717948 0.09734513274336283 0.9198717948717948 0.12389380530973451 0.9102564102564102 0.12389380530973451 0.9102564102564102 0.09734513274336283
1 0.657051282051282 0.4778761061946903 0.6602564102564102 0.48672566371681414 0.6666666666666666 0.48672566371681414 0.6698717948717948 0.49557522123893805 0.6698717948717948 0.5132743362831859 0.6730769230769231 0.5221238938053098 0.6730769230769231 0.5309734513274337 0.6666666666666666 0.5486725663716814 0.6666666666666666 0.5575221238938053 0.6538461538461539 0.5929203539823009 0.6538461538461539 0.6017699115044248 0.6506410256410257 0.6106194690265486 0.6378205128205128 0.6106194690265486 0.6314102564102564 0.5929203539823009 0.6314102564102564 0.5132743362831859 0.6346153846153846 0.504424778761062 0.6378205128205128 0.504424778761062 0.6442307692307693 0.48672566371681414 0.6538461538461539 0.4778761061946903
1 0.46945812807881776 0.7371899385326299 0.02463054187192118 0.08160774227298487
1 0.194088669950739 0.6419809058808142 0.029556650246305417 0.08160774227298487
1 0.30886699507389165 0.2312219364401238 0.026600985221674874 0.08160774227298487
1 0.3685897435897436 0.1504424778761062 0.375 0.168141592920354 0.375 0.17699115044247787 0.3782051282051282 0.18584070796460178 0.3782051282051282 0.19469026548672566 0.3717948717948718 0.22123893805309736 0.36217948717948717 0.22123893805309736 0.3557692307692308 0.20353982300884957 0.3557692307692308 0.19469026548672566 0.3525641025641026 0.18584070796460178 0.3525641025641026 0.168141592920354 0.3557692307692308 0.1592920353982301 0.36538461538461536 0.1504424778761062
1 0.2564102564102564 0.5486725663716814 0.25961538461538464 0.5575221238938053 0.25961538461538464 0.5929203539823009 0.2532051282051282 0.6106194690265486 0.2467948717948718 0.6106194690265486 0.2403846153846154 0.5929203539823009 0.2403846153846154 0.5575221238938053 0.24358974358974358 0.5486725663716814 0.2532051282051282 0.5486725663716814
1 0.4519230769230769 0.168141592920354 0.46153846153846156 0.1592920353982301 0.46474358974358976 0.168141592920354 0.46794871794871795 0.168141592920354 0.46794871794871795 0.17699115044247787 0.47115384615384615 0.18584070796460178 0.47115384615384615 0.22123893805309736 0.46474358974358976 0.23893805309734514 0.4551282051282051 0.24778761061946902 0.44871794871794873 0.23008849557522124 0.44871794871794873 0.19469026548672566 0.4519230769230769 0.18584070796460178 0.4519230769230769 0.17699115044247787
1 0.532051282051282 0.09734513274336283 0.532051282051282 0.10619469026548672 0.5352564102564102 0.11504424778761062 0.5352564102564102 0.13274336283185842 0.5288461538461539 0.1504424778761062 0.5160256410256411 0.1504424778761062 0.5160256410256411 0.1415929203539823 0.5128205128205128 0.13274336283185842 0.5128205128205128 0.10619469026548672 0.5160256410256411 0.09734513274336283 0.5192307692307693 0.09734513274336283 0.5224358974358975 0.08849557522123894 0.5256410256410257 0.08849557522123894 0.5288461538461539 0.09734513274336283
1 0.49901477832512314 0.07752735515933563 0.026600985221674874 0.07344696804568637
1 0.39901477832512317 0.05984567766685557 0.027586206896551724 0.06528619381838789
2 0.5897435897435898 0.6637168141592921 0.5961538461538461 0.6814159292035398 0.5961538461538461 0.7168141592920354 0.5865384615384616 0.7168141592920354 0.5801282051282052 0.6991150442477876 0.5801282051282052 0.672566371681416 0.5833333333333334 0.6637168141592921 0.5865384615384616 0.6637168141592921
2 0.5512820512820513 0.6283185840707964 0.5641025641025641 0.6283185840707964 0.5641025641025641 0.6371681415929203 0.5673076923076923 0.6460176991150443 0.5673076923076923 0.6637168141592921 0.5641025641025641 0.672566371681416 0.5544871794871795 0.672566371681416 0.5480769230769231 0.6460176991150443 0.5512820512820513 0.6371681415929203
1 0.8653846153846154 0.8672566371681416 0.8717948717948718 0.8938053097345132 0.8717948717948718 0.9203539823008849 0.8685897435897436 0.9292035398230089 0.8589743589743589 0.9292035398230089 0.8525641025641025 0.911504424778761 0.8525641025641025 0.8849557522123894 0.8589743589743589 0.8672566371681416 0.8621794871794872 0.8672566371681416
1 0.8397435897435898 0.7876106194690266 0.842948717948718 0.7964601769911505 0.842948717948718 0.8141592920353983 0.8461538461538461 0.8230088495575221 0.8461538461538461 0.831858407079646 0.8397435897435898 0.8584070796460177 0.8269230769230769 0.8584070796460177 0.8205128205128205 0.8407079646017699 0.8205128205128205 0.8053097345132744 0.8269230769230769 0.7876106194690266 0.8365384615384616 0.7876106194690266
2 0.7812807881773399 0.8827237455861197 0.019704433497536946 0.05712541959108941
1 0.9014778325123154 0.15641483935655434 0.023645320197044333 0.07344696804568637
1 0.27884615384615385 0.3008849557522124 0.28846153846153844 0.2920353982300885 0.2980769230769231 0.3185840707964602 0.2980769230769231 0.35398230088495575 0.2948717948717949 0.36283185840707965 0.28205128205128205 0.36283185840707965 0.27884615384615385 0.35398230088495575 0.27564102564102566 0.35398230088495575 0.27564102564102566 0.3185840707964602 0.27884615384615385 0.30973451327433627
1 0.23397435897435898 0.3893805309734513 0.2403846153846154 0.415929203539823 0.2403846153846154 0.4336283185840708 0.23397435897435898 0.45132743362831856 0.22115384615384615 0.45132743362831856 0.22115384615384615 0.4424778761061947 0.21794871794871795 0.4336283185840708 0.21794871794871795 0.415929203539823 0.22756410256410256 0.3893805309734513 0.23076923076923078 0.3893805309734513
1 0.1955128205128205 0.13274336283185842 0.20192307692307693 0.1504424778761062 0.20192307692307693 0.17699115044247787 0.1955128205128205 0.19469026548672566 0.18269230769230768 0.19469026548672566 0.1762820512820513 0.17699115044247787 0.1762820512820513 0.1592920353982301 0.1794871794871795 0.1504424778761062 0.1794871794871795 0.1415929203539823 0.18269230769230768 0.13274336283185842 0.19230769230769232 0.13274336283185842
1 0.11858974358974358 0.07964601769911504 0.12179487179487179 0.07964601769911504 0.125 0.07079646017699115 0.1346153846153846 0.07079646017699115 0.14423076923076922 0.09734513274336283 0.14423076923076922 0.12389380530973451 0.13782051282051283 0.1415929203539823 0.125 0.1415929203539823 0.11538461538461539 0.11504424778761062 0.11538461538461539 0.09734513274336283 0.11858974358974358 0.08849557522123894
1 0.09935897435897435 0.10619469026548672 0.10576923076923077 0.12389380530973451 0.10576923076923077 0.1592920353982301 0.10256410256410256 0.1592920353982301 0.09935897435897435 0.168141592920354 0.08653846153846154 0.168141592920354 0.08012820512820513 0.1415929203539823 0.08333333333333333 0.11504424778761062 0.08653846153846154 0.10619469026548672 0.09615384615384616 0.10619469026548672
1 0.8679802955665025 0.10881032303064649 0.027586206896551724 0.07616722612145255
1 0.8397435897435898 0 0.842948717948718 0.008849557522123894 0.842948717948718 0.02654867256637168 0.8397435897435898 0.035398230088495575 0.8397435897435898 0.04424778761061947 0.8333333333333334 0.061946902654867256 0.8237179487179487 0.061946902654867256 0.8237179487179487 0.05309734513274336 0.8173076923076923 0.035398230088495575 0.8173076923076923 0.008849557522123894 0.8205128205128205 0 0.8365384615384616 0
1 0.7211538461538461 0.05309734513274336 0.7243589743589743 0.05309734513274336 0.7307692307692307 0.035398230088495575 0.7403846153846154 0.035398230088495575 0.7435897435897436 0.04424778761061947 0.7435897435897436 0.08849557522123894 0.7339743589743589 0.10619469026548672 0.7307692307692307 0.10619469026548672 0.7243589743589743 0.08849557522123894 0.7211538461538461 0.08849557522123894 0.7211538461538461 0.061946902654867256
2 0.6634615384615384 0 0.6698717948717948 0.02654867256637168 0.6666666666666666 0.035398230088495575 0.657051282051282 0.035398230088495575 0.657051282051282 0.008849557522123894 0.6602564102564102 0.008849557522123894
2 0.7628205128205128 0.008849557522123894 0.7660256410256411 0.017699115044247787 0.7660256410256411 0.035398230088495575 0.7628205128205128 0.04424778761061947 0.7564102564102564 0.04424778761061947 0.7532051282051282 0.035398230088495575 0.7532051282051282 0.017699115044247787 0.7564102564102564 0.008849557522123894 0.7596153846153846 0.008849557522123894
1 0.7187192118226602 0.02584245171977854 0.03645320197044335 0.05168490343955708
2 0.5783251231527093 0.26386503334931777 0.01773399014778325 0.04896464536379092
1 0.8630541871921183 0.7439905837220454 0.025615763546798027 0.07344696804568637
1 0.8995073891625617 0.6447011639565804 0.025615763546798027 0.07616722612145255
2 0.8974358974358975 0.6902654867256637 0.9038461538461539 0.7079646017699115 0.9038461538461539 0.7168141592920354 0.9006410256410257 0.7256637168141593 0.8942307692307693 0.7256637168141593 0.8878205128205128 0.7079646017699115 0.8878205128205128 0.6991150442477876 0.8910256410256411 0.6902654867256637 0.8942307692307693 0.6902654867256637
2 0.7628205128205128 0.7079646017699115 0.7660256410256411 0.7168141592920354 0.7660256410256411 0.7256637168141593 0.7628205128205128 0.7345132743362832 0.7564102564102564 0.7345132743362832 0.7532051282051282 0.7256637168141593 0.7532051282051282 0.7168141592920354 0.7564102564102564 0.7079646017699115 0.7596153846153846 0.7079646017699115
1 0.6346153846153846 0.7079646017699115 0.6378205128205128 0.7168141592920354 0.6410256410256411 0.7168141592920354 0.6410256410256411 0.7522123893805309 0.6378205128205128 0.7610619469026548 0.625 0.7610619469026548 0.6185897435897436 0.7433628318584071 0.6185897435897436 0.7168141592920354 0.6217948717948718 0.7079646017699115 0.6314102564102564 0.7079646017699115
1 0.09615384615384616 0.584070796460177 0.11538461538461539 0.584070796460177 0.12179487179487179 0.6017699115044248 0.12179487179487179 0.6548672566371682 0.11538461538461539 0.672566371681416 0.10256410256410256 0.672566371681416 0.09935897435897435 0.6637168141592921 0.09935897435897435 0.6194690265486725 0.09615384615384616 0.6106194690265486 0.09615384615384616 0.5929203539823009
1 0.27884615384615385 0.672566371681416 0.28205128205128205 0.6814159292035398 0.28525641025641024 0.6814159292035398 0.28525641025641024 0.6902654867256637 0.28846153846153844 0.6991150442477876 0.28846153846153844 0.7168141592920354 0.28205128205128205 0.7433628318584071 0.2692307692307692 0.7433628318584071 0.26282051282051283 0.7256637168141593 0.26282051282051283 0.6902654867256637 0.266025641025641 0.6814159292035398 0.27564102564102566 0.672566371681416
1 0.23397435897435898 0.6371681415929203 0.24358974358974358 0.6637168141592921 0.24358974358974358 0.7079646017699115 0.2403846153846154 0.7079646017699115 0.23717948717948717 0.7168141592920354 0.23076923076923078 0.7168141592920354 0.22115384615384615 0.6902654867256637 0.22115384615384615 0.6548672566371682 0.22756410256410256 0.6371681415929203 0.23076923076923078 0.6371681415929203
1 0.7948717948717948 0.37168141592920356 0.7948717948717948 0.3274336283185841 0.7980769230769231 0.3185840707964602 0.8076923076923077 0.3185840707964602 0.8141025641025641 0.34513274336283184 0.8141025641025641 0.36283185840707965 0.8108974358974359 0.37168141592920356 0.7980769230769231 0.37168141592920356
1 0.3173076923076923 0.504424778761062 0.32371794871794873 0.5221238938053098 0.32371794871794873 0.5575221238938053 0.3173076923076923 0.5752212389380531 0.3108974358974359 0.5752212389380531 0.3076923076923077 0.584070796460177 0.30448717948717946 0.584070796460177 0.2948717948717949 0.5575221238938053 0.2948717948717949 0.5221238938053098 0.2980769230769231 0.5221238938053098 0.30448717948717946 0.504424778761062 0.3141025641025641 0.504424778761062
2 0.28525641025641024 0.5132743362831859 0.28846153846153844 0.5221238938053098 0.2916666666666667 0.5221238938053098 0.2916666666666667 0.5398230088495575 0.28846153846153844 0.5398230088495575 0.28525641025641024 0.5486725663716814 0.28205128205128205 0.5398230088495575 0.27884615384615385 0.5398230088495575 0.27884615384615385 0.5221238938053098 0.28205128205128205 0.5221238938053098
1 0.28669950738916267 0.4624438728802476 0.025615763546798027 0.07072670996992021
2 0.32758620689655177 0.5916561314791402 0.014778325123152709 0.040803871136492434
2 0.10256410256410256 0.415929203539823 0.10576923076923077 0.4247787610619469 0.10576923076923077 0.4336283185840708 0.10256410256410256 0.4424778761061947 0.09294871794871795 0.4424778761061947 0.09294871794871795 0.4247787610619469 0.09615384615384616 0.415929203539823 0.09935897435897435 0.415929203539823
1 0.20512820512820512 0.061946902654867256 0.20833333333333334 0.07079646017699115 0.20833333333333334 0.09734513274336283 0.20192307692307693 0.11504424778761062 0.19230769230769232 0.11504424778761062 0.1891025641025641 0.10619469026548672 0.1858974358974359 0.10619469026548672 0.1858974358974359 0.09734513274336283 0.18269230769230768 0.08849557522123894 0.18269230769230768 0.07079646017699115 0.1858974358974359 0.061946902654867256 0.20192307692307693 0.061946902654867256
1 0.7243589743589743 0.831858407079646 0.7275641025641025 0.8407079646017699 0.7275641025641025 0.8584070796460177 0.7307692307692307 0.8672566371681416 0.7307692307692307 0.8761061946902655 0.7243589743589743 0.8938053097345132 0.7115384615384616 0.8938053097345132 0.7083333333333334 0.8849557522123894 0.7083333333333334 0.8407079646017699 0.7147435897435898 0.8407079646017699 0.717948717948718 0.831858407079646 0.7211538461538461 0.831858407079646
1 0.7371794871794872 0.7168141592920354 0.7371794871794872 0.7256637168141593 0.7403846153846154 0.7345132743362832 0.7403846153846154 0.7610619469026548 0.7307692307692307 0.7876106194690266 0.7243589743589743 0.7876106194690266 0.7211538461538461 0.7787610619469026 0.717948717948718 0.7787610619469026 0.717948717948718 0.7345132743362832 0.7243589743589743 0.7168141592920354 0.7339743589743589 0.7168141592920354
2 0.7147435897435898 0.6814159292035398 0.717948717948718 0.6902654867256637 0.7211538461538461 0.6902654867256637 0.7211538461538461 0.7168141592920354 0.717948717948718 0.7256637168141593 0.7115384615384616 0.7256637168141593 0.7083333333333334 0.7168141592920354 0.7083333333333334 0.6902654867256637 0.7115384615384616 0.6902654867256637
1 0.6217948717948718 0.4336283185840708 0.625 0.4424778761061947 0.625 0.48672566371681414 0.6217948717948718 0.49557522123893805 0.6089743589743589 0.49557522123893805 0.6057692307692307 0.48672566371681414 0.6057692307692307 0.45132743362831856 0.6089743589743589 0.4424778761061947 0.6185897435897436 0.4336283185840708
2 0.6492610837438424 0.3835563886830289 0.015763546798029555 0.043524129212258594
1 0.6758620689655174 0.4406818082741183 0.025615763546798027 0.07616722612145255
2 0.7788461538461539 0.6637168141592921 0.782051282051282 0.672566371681416 0.782051282051282 0.6814159292035398 0.7788461538461539 0.6902654867256637 0.7724358974358975 0.6902654867256637 0.7692307692307693 0.6814159292035398 0.7692307692307693 0.672566371681416 0.7724358974358975 0.6637168141592921 0.7756410256410257 0.6637168141592921
2 0.7884615384615384 0.6637168141592921 0.7948717948717948 0.6637168141592921 0.7980769230769231 0.672566371681416 0.7980769230769231 0.6902654867256637 0.7948717948717948 0.6991150442477876 0.7916666666666666 0.6991150442477876 0.7852564102564102 0.6814159292035398 0.7884615384615384 0.672566371681416
2 0.865024630541872 0.3944374209860935 0.015763546798029555 0.043524129212258594
2 0.4166666666666667 0.3008849557522124 0.4198717948717949 0.30973451327433627 0.4198717948717949 0.336283185840708 0.4166666666666667 0.34513274336283184 0.40705128205128205 0.34513274336283184 0.40705128205128205 0.30973451327433627 0.41025641025641024 0.3008849557522124 0.41346153846153844 0.3008849557522124
2 0.38461538461538464 0.7345132743362832 0.3942307692307692 0.7345132743362832 0.40064102564102566 0.7522123893805309 0.3974358974358974 0.7787610619469026 0.38782051282051283 0.7787610619469026 0.38782051282051283 0.7699115044247787 0.38461538461538464 0.7610619469026548 0.38461538461538464 0.7433628318584071
2 0.3389162561576355 0.7331095514189807 0.019704433497536946 0.05712541959108941
2 0.2980769230769231 0.6814159292035398 0.30128205128205127 0.6814159292035398 0.30448717948717946 0.672566371681416 0.3141025641025641 0.6814159292035398 0.3141025641025641 0.6991150442477876 0.3108974358974359 0.7079646017699115 0.30128205128205127 0.7079646017699115 0.2980769230769231 0.6991150442477876 0.2980769230769231 0.6902654867256637