1 0.3301282051282051 0.12857142857142856 0.33653846153846156 0.14285714285714285 0.33653846153846156 0.17142857142857143 0.3301282051282051 0.18571428571428572 0.3269230769230769 0.18571428571428572 0.3141025641025641 0.15714285714285714 0.3173076923076923 0.15 0.3173076923076923 0.14285714285714285 0.32371794871794873 0.12857142857142856 0.3269230769230769 0.12857142857142856
1 0.3173076923076923 0.17142857142857143 0.32371794871794873 0.18571428571428572 0.32371794871794873 0.20714285714285716 0.32051282051282054 0.21428571428571427 0.32051282051282054 0.22142857142857142 0.3108974358974359 0.24285714285714285 0.2980769230769231 0.24285714285714285 0.2916666666666667 0.22857142857142856 0.2916666666666667 0.21428571428571427 0.2948717948717949 0.20714285714285716 0.2948717948717949 0.2 0.30128205128205127 0.18571428571428572 0.30448717948717946 0.18571428571428572 0.3108974358974359 0.17142857142857143 0.3141025641025641 0.17142857142857143
1 0.21474358974358973 0.42142857142857143 0.21794871794871795 0.42857142857142855 0.22435897435897437 0.4142857142857143 0.23397435897435898 0.4142857142857143 0.2403846153846154 0.42857142857142855 0.2403846153846154 0.4642857142857143 0.23717948717948717 0.4714285714285714 0.23717948717948717 0.4785714285714286 0.23397435897435898 0.4857142857142857 0.22115384615384615 0.4857142857142857 0.21474358974358973 0.4714285714285714 0.21474358974358973 0.45714285714285713 0.21153846153846154 0.45 0.21153846153846154 0.42857142857142855
1 0.15705128205128205 0.42857142857142855 0.15705128205128205 0.42142857142857143 0.14743589743589744 0.40714285714285714 0.14743589743589744 0.37857142857142856 0.15705128205128205 0.35714285714285715 0.17307692307692307 0.35714285714285715 0.1794871794871795 0.37857142857142856 0.1794871794871795 0.42142857142857143 0.1762820512820513 0.42857142857142855 0.16025641025641027 0.42857142857142855
1 0.20192307692307693 0.34285714285714286 0.20192307692307693 0.35 0.20833333333333334 0.36428571428571427 0.20833333333333334 0.38571428571428573 0.20192307692307693 0.40714285714285714 0.19230769230769232 0.4 0.18269230769230768 0.37857142857142856 0.18269230769230768 0.34285714285714286 0.1858974358974359 0.3357142857142857 0.1955128205128205 0.3357142857142857 0.1987179487179487 0.34285714285714286
1 0.14423076923076922 0.25 0.15384615384615385 0.2642857142857143 0.15384615384615385 0.2785714285714286 0.14743589743589744 0.3 0.1346153846153846 0.3 0.1282051282051282 0.2857142857142857 0.1282051282051282 0.2571428571428571 0.13141025641025642 0.25 0.14102564102564102 0.25
1 0.07692307692307693 0.02142857142857143 0.08012820512820513 0.02857142857142857 0.08012820512820513 0.06428571428571428 0.07371794871794872 0.07857142857142857 0.07051282051282051 0.07857142857142857 0.0673076923076923 0.07142857142857142 0.060897435897435896 0.07142857142857142 0.05448717948717949 0.05 0.05448717948717949 0.03571428571428571 0.057692307692307696 0.03571428571428571 0.0641025641025641 0.02142857142857143 0.07371794871794872 0.02142857142857143
1 0.41346153846153844 0.42142857142857143 0.42628205128205127 0.42142857142857143 0.4358974358974359 0.44285714285714284 0.4358974358974359 0.4642857142857143 0.4326923076923077 0.4714285714285714 0.4326923076923077 0.4785714285714286 0.4230769230769231 0.5 0.4166666666666667 0.5 0.41025641025641024 0.4857142857142857 0.40705128205128205 0.4857142857142857 0.40705128205128205 0.44285714285714284 0.41346153846153844 0.42857142857142855
1 0.20512820512820512 0.8714285714285714 0.20833333333333334 0.8785714285714286 0.21153846153846154 0.8785714285714286 0.22115384615384615 0.9 0.22115384615384615 0.9071428571428571 0.21794871794871795 0.9142857142857143 0.21794871794871795 0.9285714285714286 0.20833333333333334 0.95 0.1955128205128205 0.95 0.1891025641025641 0.9357142857142857 0.1891025641025641 0.9214285714285714 0.1858974358974359 0.9142857142857143 0.1858974358974359 0.8928571428571429 0.1891025641025641 0.8857142857142857 0.1891025641025641 0.8785714285714286 0.19230769230769232 0.8714285714285714 0.20192307692307693 0.8714285714285714
1 0.09935897435897435 0.9428571428571428 0.09935897435897435 0.9714285714285714 0.09294871794871795 0.9928571428571429 0.07692307692307693 0.9928571428571429 0.07371794871794872 0.9857142857142858 0.07371794871794872 0.9428571428571428 0.07692307692307693 0.9357142857142857 0.09294871794871795 0.9357142857142857 0.09615384615384616 0.9428571428571428
1 0.40705128205128205 0.6928571428571428 0.41025641025641024 0.7 0.41346153846153844 0.7 0.42628205128205127 0.7285714285714285 0.42628205128205127 0.7357142857142858 0.42948717948717946 0.7428571428571429 0.42948717948717946 0.7785714285714286 0.42628205128205127 0.7857142857142857 0.4230769230769231 0.8071428571428572 0.41346153846153844 0.8214285714285714 0.3942307692307692 0.8214285714285714 0.3814102564102564 0.7928571428571428 0.3814102564102564 0.7785714285714286 0.3782051282051282 0.7714285714285715 0.3782051282051282 0.7428571428571429 0.3814102564102564 0.7357142857142858 0.3814102564102564 0.7214285714285714 0.38782051282051283 0.7071428571428572 0.38782051282051283 0.7 0.391025641025641 0.7 0.3942307692307692 0.6928571428571428 0.40384615384615385 0.6928571428571428
1 0.3321917808219178 0.637279843444227 0.0228310502283105 0.08904109589041095
1 0.5154109589041095 0.6563600782778864 0.04223744292237443 0.09158512720156556
1 0.3076923076923077 0.35 0.3076923076923077 0.32142857142857145 0.3108974358974359 0.3142857142857143 0.3141025641025641 0.3142857142857143 0.32371794871794873 0.3 0.3333333333333333 0.3 0.33653846153846156 0.30714285714285716 0.33653846153846156 0.3357142857142857 0.3333333333333333 0.34285714285714286 0.3333333333333333 0.35 0.3269230769230769 0.36428571428571427 0.3173076923076923 0.36428571428571427 0.3108974358974359 0.35
1 0.6185897435897436 0.4857142857142857 0.6217948717948718 0.4928571428571429 0.6282051282051282 0.4928571428571429 0.6378205128205128 0.5071428571428571 0.6378205128205128 0.5357142857142857 0.6346153846153846 0.5428571428571428 0.6346153846153846 0.55 0.6282051282051282 0.5642857142857143 0.6217948717948718 0.5642857142857143 0.6185897435897436 0.5714285714285714 0.6057692307692307 0.5714285714285714 0.6025641025641025 0.5642857142857143 0.5993589743589743 0.5642857142857143 0.592948717948718 0.55 0.592948717948718 0.5142857142857142 0.5961538461538461 0.5071428571428571 0.6057692307692307 0.5 0.6121794871794872 0.4857142857142857 0.6153846153846154 0.4857142857142857
1 0.9081050228310502 0.25440313111545987 0.04223744292237443 0.10176125244618395
1 0.6955128205128205 0.12142857142857143 0.7051282051282052 0.1357142857142857 0.7051282051282052 0.16428571428571428 0.7019230769230769 0.17142857142857143 0.7019230769230769 0.17857142857142858 0.6987179487179487 0.17857142857142858 0.6923076923076923 0.19285714285714287 0.6826923076923077 0.18571428571428572 0.6762820512820513 0.17142857142857143 0.6762820512820513 0.14285714285714285 0.6826923076923077 0.12857142857142856 0.6923076923076923 0.12142857142857143
1 0.8942307692307693 0.32857142857142857 0.9038461538461539 0.32142857142857145 0.907051282051282 0.32857142857142857 0.9134615384615384 0.32857142857142857 0.9134615384615384 0.3357142857142857 0.9166666666666666 0.34285714285714286 0.9166666666666666 0.36428571428571427 0.9134615384615384 0.37142857142857144 0.9134615384615384 0.37857142857142856 0.9102564102564102 0.38571428571428573 0.9006410256410257 0.38571428571428573 0.8910256410256411 0.36428571428571427 0.8910256410256411 0.34285714285714286 0.8942307692307693 0.3357142857142857
1 0.7614155251141552 0.4820939334637965 0.0365296803652968 0.08904109589041095
1 0.6891025641025641 0.29285714285714287 0.7019230769230769 0.32142857142857145 0.7019230769230769 0.35714285714285715 0.6987179487179487 0.36428571428571427 0.6955128205128205 0.36428571428571427 0.6858974358974359 0.38571428571428573 0.6794871794871795 0.38571428571428573 0.6762820512820513 0.37857142857142856 0.6666666666666666 0.37142857142857144 0.6666666666666666 0.36428571428571427 0.6634615384615384 0.35714285714285715 0.6634615384615384 0.32142857142857145 0.6666666666666666 0.3142857142857143 0.6666666666666666 0.30714285714285716 0.6698717948717948 0.30714285714285716 0.6762820512820513 0.29285714285714287 0.6858974358974359 0.29285714285714287
1 0.7115384615384616 0.25 0.7211538461538461 0.2642857142857143 0.7211538461538461 0.30714285714285716 0.717948717948718 0.3142857142857143 0.7051282051282052 0.3142857142857143 0.6987179487179487 0.3 0.6987179487179487 0.2642857142857143 0.7083333333333334 0.2571428571428571
1 0.9166666666666666 0.7285714285714285 0.9198717948717948 0.7285714285714285 0.9230769230769231 0.7214285714285714 0.9326923076923077 0.7214285714285714 0.9423076923076923 0.7428571428571429 0.9423076923076923 0.75 0.9455128205128205 0.7571428571428571 0.9455128205128205 0.7714285714285715 0.9423076923076923 0.7785714285714286 0.9423076923076923 0.7857142857142857 0.9326923076923077 0.8071428571428572 0.9166666666666666 0.8071428571428572 0.907051282051282 0.7857142857142857 0.907051282051282 0.7571428571428571 0.9166666666666666 0.7357142857142858
1 0.8012820512820513 0.8214285714285714 0.8044871794871795 0.8285714285714286 0.8044871794871795 0.85 0.8012820512820513 0.8571428571428571 0.7980769230769231 0.8571428571428571 0.7916666666666666 0.8714285714285714 0.7660256410256411 0.8714285714285714 0.7596153846153846 0.8571428571428571 0.7596153846153846 0.85 0.7660256410256411 0.8357142857142857 0.7724358974358975 0.8357142857142857 0.7756410256410257 0.8285714285714286 0.7916666666666666 0.8285714285714286 0.7948717948717948 0.8214285714285714 0.7980769230769231 0.8214285714285714
1 0.08012820512820513 0.8571428571428571 0.08974358974358974 0.85 0.09294871794871795 0.8571428571428571 0.10897435897435898 0.8571428571428571 0.11217948717948718 0.8642857142857143 0.10256410256410256 0.8857142857142857 0.09935897435897435 0.8857142857142857 0.09615384615384616 0.8928571428571429 0.08333333333333333 0.8928571428571429 0.08012820512820513 0.8857142857142857 0.08012820512820513 0.8642857142857143
2 0.21860730593607305 0.7415851272015654 0.019406392694063926 0.043248532289628175
1 0.20192307692307693 0.7642857142857142 0.20833333333333334 0.7785714285714286 0.21153846153846154 0.7785714285714286 0.21153846153846154 0.8142857142857143 0.20512820512820512 0.8285714285714286 0.1891025641025641 0.8285714285714286 0.1891025641025641 0.7785714285714286 0.1955128205128205 0.7642857142857142 0.1987179487179487 0.7642857142857142
2 0.28846153846153844 0.5285714285714286 0.28846153846153844 0.4928571428571429 0.2916666666666667 0.4857142857142857 0.3076923076923077 0.4857142857142857 0.3076923076923077 0.5 0.30448717948717946 0.5071428571428571 0.30448717948717946 0.5142857142857142 0.2980769230769231 0.5285714285714286 0.2916666666666667 0.5285714285714286
2 0.5102739726027397 0.8128180039138942 0.02054794520547945 0.05342465753424657
2 0.6025641025641025 0.7714285714285715 0.6025641025641025 0.75 0.6089743589743589 0.7357142857142858 0.6185897435897436 0.7357142857142858 0.6217948717948718 0.7428571428571429 0.6217948717948718 0.75 0.6153846153846154 0.7714285714285715 0.6057692307692307 0.7714285714285715
2 0.954337899543379 0.735225048923679 0.01598173515981735 0.04070450097847358
2 0.907051282051282 0.44285714285714284 0.9134615384615384 0.44285714285714284 0.9166666666666666 0.45 0.9198717948717948 0.45 0.9198717948717948 0.4714285714285714 0.9134615384615384 0.4857142857142857 0.9102564102564102 0.4857142857142857 0.907051282051282 0.4785714285714286 0.907051282051282 0.45
2 0.9615384615384616 0.4928571428571429 0.9711538461538461 0.4928571428571429 0.9711538461538461 0.5 0.9743589743589743 0.5071428571428571 0.9743589743589743 0.5142857142857142 0.967948717948718 0.5285714285714286 0.9647435897435898 0.5285714285714286 0.9615384615384616 0.5214285714285715 0.9615384615384616 0.5
2 0.9571917808219178 0.1818982387475538 0.019406392694063926 0.043248532289628175
2 0.9526255707762556 0.2391389432485323 0.017123287671232876 0.050880626223091974
2 0.8525641025641025 0.2642857142857143 0.8557692307692307 0.2714285714285714 0.8557692307692307 0.29285714285714287 0.8525641025641025 0.3 0.842948717948718 0.3 0.842948717948718 0.2857142857142857 0.8493589743589743 0.2714285714285714
2 0.8356164383561643 0.35234833659491194 0.013698630136986299 0.03816046966731898
2 0.7916666666666666 0.17857142857142858 0.7916666666666666 0.18571428571428572 0.7948717948717948 0.19285714285714287 0.7884615384615384 0.20714285714285716 0.782051282051282 0.20714285714285716 0.7788461538461539 0.2 0.7788461538461539 0.19285714285714287 0.7852564102564102 0.17857142857142858 0.7884615384615384 0.17857142857142858
2 0.6410256410256411 0.32142857142857145 0.6474358974358975 0.32142857142857145 0.6506410256410257 0.32857142857142857 0.6506410256410257 0.3357142857142857 0.6474358974358975 0.34285714285714286 0.6410256410256411 0.34285714285714286 0.6410256410256411 0.32857142857142857
2 0.3093607305936073 0.05724070450097847 0.01598173515981735 0.043248532289628175
2 0.23397435897435898 0.2357142857142857 0.23397435897435898 0.22142857142857142 0.2403846153846154 0.20714285714285716 0.24358974358974358 0.20714285714285716 0.2467948717948718 0.21428571428571427 0.2467948717948718 0.22142857142857142 0.24358974358974358 0.22857142857142856 0.24358974358974358 0.2357142857142857 0.23717948717948717 0.2357142857142857
2 0.059931506849315065 0.23786692759295497 0.017123287671232876 0.043248532289628175
2 0.13926940639269406 0.5037181996086105 0.01598173515981735 0.04579256360078278
2 0.0684931506849315 0.5164383561643835 0.01141552511415525 0.025440313111545987
2 0.10256410256410256 0.6642857142857143 0.10256410256410256 0.7 0.09935897435897435 0.7071428571428572 0.09615384615384616 0.7071428571428572 0.09294871794871795 0.7 0.09294871794871795 0.6714285714285714 0.09615384615384616 0.6642857142857143 0.09935897435897435 0.6642857142857143
1 0.04052511415525114 0.7415851272015654 0.019406392694063926 0.06868884540117418
1 0.27884615384615385 0.6 0.28525641025641024 0.6142857142857143 0.28525641025641024 0.6214285714285714 0.28846153846153844 0.6285714285714286 0.28846153846153844 0.6571428571428571 0.28525641025641024 0.6642857142857143 0.2692307692307692 0.6642857142857143 0.266025641025641 0.6571428571428571 0.266025641025641 0.6142857142857143 0.2724358974358974 0.6 0.27564102564102566 0.6
1 0.2532051282051282 0.7 0.2564102564102564 0.7071428571428572 0.2564102564102564 0.7571428571428571 0.2532051282051282 0.7642857142857142 0.2403846153846154 0.7642857142857142 0.23397435897435898 0.75 0.23397435897435898 0.7285714285714285 0.23717948717948717 0.7214285714285714 0.23717948717948717 0.7142857142857143 0.2403846153846154 0.7071428571428572 0.25 0.7
1 0.4519230769230769 0.8357142857142857 0.46153846153846156 0.85 0.46153846153846156 0.8928571428571429 0.4583333333333333 0.9 0.4583333333333333 0.9071428571428571 0.44551282051282054 0.9071428571428571 0.4391025641025641 0.8928571428571429 0.4358974358974359 0.8928571428571429 0.4326923076923077 0.8857142857142857 0.4326923076923077 0.8571428571428571 0.4358974358974359 0.85 0.4358974358974359 0.8428571428571429 0.4423076923076923 0.8428571428571429 0.44551282051282054 0.8357142857142857 0.44871794871794873 0.8357142857142857
1 0.4807692307692308 0.7428571428571429 0.48717948717948717 0.7428571428571429 0.49038461538461536 0.75 0.4935897435897436 0.75 0.4935897435897436 0.7571428571428571 0.4967948717948718 0.7642857142857142 0.4967948717948718 0.7785714285714286 0.5 0.7857142857142857 0.5 0.8142857142857143 0.4935897435897436 0.8285714285714286 0.48717948717948717 0.8285714285714286 0.47435897435897434 0.7928571428571428 0.47435897435897434 0.7642857142857142 0.4807692307692308 0.75
1 0.6891025641025641 0.4928571428571429 0.7083333333333334 0.4785714285714286 0.7115384615384616 0.4857142857142857 0.717948717948718 0.4857142857142857 0.7243589743589743 0.5 0.7243589743589743 0.5428571428571428 0.7211538461538461 0.55 0.7211538461538461 0.5571428571428572 0.717948717948718 0.5571428571428572 0.7147435897435898 0.5642857142857143 0.6987179487179487 0.5642857142857143 0.6891025641025641 0.55 0.6891025641025641 0.5
1 0.9391025641025641 0.6 0.9423076923076923 0.6071428571428571 0.9423076923076923 0.6285714285714286 0.9391025641025641 0.6357142857142857 0.9391025641025641 0.65 0.9294871794871795 0.6642857142857143 0.9230769230769231 0.6642857142857143 0.9198717948717948 0.6571428571428571 0.9166666666666666 0.6571428571428571 0.9166666666666666 0.6142857142857143 0.9198717948717948 0.6142857142857143 0.9262820512820513 0.6 0.9358974358974359 0.6
1 0.9326923076923077 0.4928571428571429 0.9358974358974359 0.5 0.9358974358974359 0.5428571428571428 0.9326923076923077 0.5428571428571428 0.9294871794871795 0.55 0.9198717948717948 0.55 0.9166666666666666 0.5428571428571428 0.9166666666666666 0.5071428571428571 0.9198717948717948 0.5071428571428571 0.9262820512820513 0.4928571428571429 0.9294871794871795 0.4928571428571429
1 0.9583333333333334 0.5285714285714286 0.9583333333333334 0.5357142857142857 0.9615384615384616 0.5428571428571428 0.9615384615384616 0.5571428571428572 0.9551282051282052 0.5714285714285714 0.9519230769230769 0.5714285714285714 0.9487179487179487 0.5785714285714286 0.9423076923076923 0.5785714285714286 0.9423076923076923 0.5714285714285714 0.9358974358974359 0.5571428571428572 0.9391025641025641 0.55 0.9391025641025641 0.5428571428571428 0.9487179487179487 0.5214285714285715 0.9519230769230769 0.5214285714285715 0.9551282051282052 0.5285714285714286
1 0.9743589743589743 0.65 0.9775641025641025 0.6571428571428571 0.9775641025641025 0.6785714285714286 0.9743589743589743 0.6857142857142857 0.9743589743589743 0.7 0.9647435897435898 0.7142857142857143 0.9551282051282052 0.7071428571428572 0.9551282051282052 0.6571428571428571 0.9647435897435898 0.6428571428571429 0.967948717948718 0.6428571428571429 0.9711538461538461 0.65
1 0.9487179487179487 0.8214285714285714 0.9519230769230769 0.8214285714285714 0.9551282051282052 0.8142857142857143 0.9647435897435898 0.8142857142857143 0.9743589743589743 0.8285714285714286 0.9743589743589743 0.85 0.967948717948718 0.8642857142857143 0.9647435897435898 0.8642857142857143 0.9615384615384616 0.8714285714285714 0.9455128205128205 0.8714285714285714 0.9423076923076923 0.85 0.9487179487179487 0.8285714285714286
1 0.7339743589743589 0.7285714285714285 0.7403846153846154 0.7428571428571429 0.7403846153846154 0.7642857142857142 0.7339743589743589 0.7857142857142857 0.7243589743589743 0.7857142857142857 0.7147435897435898 0.7642857142857142 0.7147435897435898 0.75 0.717948717948718 0.7428571428571429 0.7211538461538461 0.7428571428571429 0.7275641025641025 0.7285714285714285 0.7307692307692307 0.7285714285714285
2 0.842948717948718 0.7928571428571428 0.8461538461538461 0.8 0.8461538461538461 0.8142857142857143 0.842948717948718 0.8214285714285714 0.842948717948718 0.8357142857142857 0.8397435897435898 0.8428571428571429 0.8333333333333334 0.8428571428571429 0.8333333333333334 0.8357142857142857 0.8301282051282052 0.8285714285714286 0.8333333333333334 0.8071428571428572 0.8365384615384616 0.8 0.8397435897435898 0.8
2 0.4423076923076923 0.5571428571428572 0.4423076923076923 0.5785714285714286 0.4391025641025641 0.5857142857142857 0.4391025641025641 0.6 0.4326923076923077 0.6 0.4326923076923077 0.5642857142857143 0.4358974358974359 0.5571428571428572 0.4391025641025641 0.5571428571428572
1 0.569634703196347 0.06614481409001957 0.027397260273972598 0.10176125244618395
1 0.4775641025641026 0.12857142857142856 0.4775641025641026 0.15714285714285714 0.47435897435897434 0.16428571428571428 0.47435897435897434 0.17857142857142858 0.46794871794871795 0.19285714285714287 0.4551282051282051 0.19285714285714287 0.44871794871794873 0.17857142857142858 0.44871794871794873 0.1357142857142857 0.4551282051282051 0.12142857142857143 0.4583333333333333 0.12142857142857143 0.46153846153846156 0.11428571428571428 0.47115384615384615 0.11428571428571428 0.47115384615384615 0.12142857142857143 0.47435897435897434 0.12857142857142856
1 0.8301282051282052 0.2 0.8365384615384616 0.21428571428571427 0.8365384615384616 0.2785714285714286 0.8333333333333334 0.2785714285714286 0.8269230769230769 0.29285714285714287 0.8108974358974359 0.29285714285714287 0.8076923076923077 0.2857142857142857 0.8076923076923077 0.2785714285714286 0.8012820512820513 0.2642857142857143 0.8012820512820513 0.22857142857142856 0.8044871794871795 0.22142857142857142 0.8044871794871795 0.20714285714285716 0.8076923076923077 0.20714285714285716 0.8108974358974359 0.2 0.8269230769230769 0.2
2 0.8814102564102564 0.38571428571428573 0.8910256410256411 0.38571428571428573 0.8910256410256411 0.40714285714285714 0.8814102564102564 0.40714285714285714 0.8814102564102564 0.39285714285714285
1 0.6891025641025641 0.5714285714285714 0.6891025641025641 0.5785714285714286 0.6923076923076923 0.5857142857142857 0.6987179487179487 0.5857142857142857 0.7083333333333334 0.6 0.7083333333333334 0.6357142857142857 0.6987179487179487 0.6357142857142857 0.6955128205128205 0.6428571428571429 0.6858974358974359 0.6357142857142857 0.6794871794871795 0.6214285714285714 0.6794871794871795 0.6142857142857143 0.6762820512820513 0.6071428571428571 0.6762820512820513 0.6 0.6794871794871795 0.5928571428571429 0.6794871794871795 0.5785714285714286 0.6826923076923077 0.5714285714285714 0.6858974358974359 0.5714285714285714
2 0.7371794871794872 0.5714285714285714 0.7403846153846154 0.5785714285714286 0.7435897435897436 0.5785714285714286 0.7435897435897436 0.6214285714285714 0.7371794871794872 0.6214285714285714 0.7339743589743589 0.6142857142857143 0.7339743589743589 0.6071428571428571 0.7307692307692307 0.6 0.7307692307692307 0.5857142857142857 0.7339743589743589 0.5785714285714286
1 0.6877853881278538 0.6907045009784736 0.023972602739726026 0.06360078277886497
2 0.7275641025641025 0.8357142857142857 0.7307692307692307 0.8428571428571429 0.7307692307692307 0.8571428571428571 0.7243589743589743 0.8714285714285714 0.7147435897435898 0.8714285714285714 0.7083333333333334 0.8571428571428571 0.7083333333333334 0.85 0.7147435897435898 0.8357142857142857 0.7243589743589743 0.8357142857142857
1 0.5705128205128205 0.7285714285714285 0.5737179487179487 0.7285714285714285 0.5769230769230769 0.7214285714285714 0.592948717948718 0.7214285714285714 0.5961538461538461 0.7285714285714285 0.5961538461538461 0.7714285714285715 0.5865384615384616 0.7928571428571428 0.5769230769230769 0.7928571428571428 0.5705128205128205 0.7785714285714286 0.5705128205128205 0.7642857142857142 0.5673076923076923 0.7571428571428571 0.5673076923076923 0.7428571428571429 0.5705128205128205 0.7357142857142858
1 0.7948717948717948 0.7785714285714286 0.7980769230769231 0.7857142857142857 0.8044871794871795 0.7857142857142857 0.8044871794871795 0.8142857142857143 0.8012820512820513 0.8142857142857143 0.7980769230769231 0.8214285714285714 0.7916666666666666 0.8214285714285714 0.7884615384615384 0.8142857142857143 0.7756410256410257 0.8142857142857143 0.7724358974358975 0.8071428571428572 0.7724358974358975 0.8 0.782051282051282 0.7785714285714286 0.7916666666666666 0.7785714285714286
1 0.5512820512820513 0.42857142857142855 0.5512820512820513 0.4357142857142857 0.5544871794871795 0.44285714285714284 0.5544871794871795 0.4785714285714286 0.5512820512820513 0.4857142857142857 0.5416666666666666 0.4857142857142857 0.5384615384615384 0.4928571428571429 0.532051282051282 0.4928571428571429 0.5288461538461539 0.4857142857142857 0.5288461538461539 0.4785714285714286 0.5256410256410257 0.4714285714285714 0.5256410256410257 0.44285714285714284 0.5352564102564102 0.42142857142857143 0.5448717948717948 0.42142857142857143 0.5480769230769231 0.42857142857142855
2 0.5544871794871795 0.4928571428571429 0.5576923076923077 0.5 0.5576923076923077 0.5071428571428571 0.5544871794871795 0.5142857142857142 0.5544871794871795 0.5214285714285715 0.5448717948717948 0.5357142857142857 0.5352564102564102 0.5285714285714286 0.532051282051282 0.5214285714285715 0.532051282051282 0.5142857142857142 0.5416666666666666 0.4928571428571429 0.5512820512820513 0.4928571428571429
1 0.04487179487179487 0.32857142857142857 0.04487179487179487 0.3 0.05128205128205128 0.2785714285714286 0.060897435897435896 0.2785714285714286 0.0673076923076923 0.29285714285714287 0.0673076923076923 0.3142857142857143 0.057692307692307696 0.32857142857142857 0.04807692307692308 0.32857142857142857
1 0.02226027397260274 0.4706457925636008 0.028538812785388126 0.06105675146771036
2 0.041666666666666664 0.9 0.05448717948717949 0.9 0.05448717948717949 0.9071428571428571 0.057692307692307696 0.9142857142857143 0.057692307692307696 0.9214285714285714 0.05128205128205128 0.9428571428571428 0.041666666666666664 0.9428571428571428 0.041666666666666664 0.9357142857142857 0.038461538461538464 0.9285714285714286 0.038461538461538464 0.9142857142857143 0.041666666666666664 0.9071428571428571
1 0.4198717948717949 0.8285714285714286 0.4230769230769231 0.8357142857142857 0.4230769230769231 0.8571428571428571 0.4198717948717949 0.8642857142857143 0.4198717948717949 0.8714285714285714 0.4166666666666667 0.8714285714285714 0.41025641025641024 0.8857142857142857 0.3974358974358974 0.8857142857142857 0.391025641025641 0.8714285714285714 0.391025641025641 0.8428571428571429 0.3942307692307692 0.8357142857142857 0.41025641025641024 0.8357142857142857 0.41346153846153844 0.8285714285714286 0.4166666666666667 0.8285714285714286
1 0.8685897435897436 0.08571428571428572 0.875 0.1 0.875 0.14285714285714285 0.8717948717948718 0.15 0.8621794871794872 0.15 0.8589743589743589 0.14285714285714285 0.8557692307692307 0.14285714285714285 0.8493589743589743 0.12857142857142856 0.8493589743589743 0.09285714285714286 0.8525641025641025 0.09285714285714286 0.8557692307692307 0.08571428571428572 0.8653846153846154 0.08571428571428572
1 0.8878205128205128 0.02142857142857143 0.8910256410256411 0.02857142857142857 0.8910256410256411 0.05 0.8878205128205128 0.05714285714285714 0.8878205128205128 0.06428571428571428 0.8782051282051282 0.08571428571428572 0.8685897435897436 0.07857142857142857 0.8685897435897436 0.07142857142857142 0.8653846153846154 0.06428571428571428 0.8653846153846154 0.05 0.8685897435897436 0.04285714285714286 0.8685897435897436 0.03571428571428571 0.875 0.02142857142857143 0.8846153846153846 0.02142857142857143