1 0.8184663536776212 0.7673985086992543 0.050078247261345854 0.06282794808064071
1 0.23395931142410015 0.5528859431096382 0.03286384976525822 0.04667219000276167
1 0.7371794871794872 0.5808823529411765 0.75 0.5808823529411765 0.7756410256410257 0.6029411764705882 0.7756410256410257 0.6066176470588235 0.7724358974358975 0.6102941176470589 0.7724358974358975 0.6213235294117647 0.7692307692307693 0.6213235294117647 0.7660256410256411 0.625 0.7532051282051282 0.625 0.75 0.6213235294117647 0.7339743589743589 0.6139705882352942 0.7307692307692307 0.5955882352941176 0.7371794871794872 0.5845588235294118
1 0.6762820512820513 0.31985294117647056 0.6858974358974359 0.3272058823529412 0.6858974358974359 0.34558823529411764 0.6826923076923077 0.3492647058823529 0.6826923076923077 0.35294117647058826 0.6730769230769231 0.3602941176470588 0.6634615384615384 0.3602941176470588 0.6538461538461539 0.34558823529411764 0.6538461538461539 0.33455882352941174 0.657051282051282 0.33088235294117646 0.657051282051282 0.3272058823529412 0.6602564102564102 0.3235294117647059 0.6666666666666666 0.3235294117647059 0.6698717948717948 0.31985294117647056 0.6730769230769231 0.31985294117647056
1 0.28482003129890454 0.2773405136702568 0.04381846635367762 0.048467274233637114
1 0.04460093896713615 0.4317177575255454 0.029733959311424103 0.03410660038663353
2 0.5665101721439749 0.6722590444628556 0.025039123630672927 0.026926263463131733
2 0.7852564102564102 0.5735294117647058 0.7980769230769231 0.5735294117647058 0.7980769230769231 0.5845588235294118 0.7884615384615384 0.5845588235294118 0.7852564102564102 0.5808823529411765 0.7852564102564102 0.5772058823529411
2 0.6314102564102564 0.5625 0.6378205128205128 0.5698529411764706 0.6378205128205128 0.5735294117647058 0.6314102564102564 0.5845588235294118 0.6185897435897436 0.5845588235294118 0.6153846153846154 0.5808823529411765 0.6153846153846154 0.5661764705882353 0.6217948717948718 0.5661764705882353 0.625 0.5625 0.6282051282051282 0.5625
2 0.4123630672926447 0.5187793427230047 0.010954616588419406 0.01795084230875449
2 0.4391025641025641 0.5220588235294118 0.4391025641025641 0.5110294117647058 0.4423076923076923 0.5073529411764706 0.44551282051282054 0.5073529411764706 0.44871794871794873 0.5110294117647058 0.44871794871794873 0.5183823529411765 0.44551282051282054 0.5220588235294118 0.4423076923076923 0.5220588235294118
2 0.3076923076923077 0.4338235294117647 0.32051282051282054 0.4338235294117647 0.32371794871794873 0.4375 0.32371794871794873 0.4411764705882353 0.32051282051282054 0.44485294117647056 0.3173076923076923 0.44485294117647056 0.3076923076923077 0.4375
2 0.23552425665101723 0.4712096106048053 0.010954616588419406 0.012565589616128142
2 0.20833333333333334 0.48161764705882354 0.21153846153846154 0.4852941176470588 0.21153846153846154 0.5 0.20192307692307693 0.5 0.20192307692307693 0.4889705882352941 0.20512820512820512 0.4852941176470588
2 0.22535211267605634 0.49364816349074836 0.012519561815336464 0.01436067384700359
2 0.21153846153846154 0.5183823529411765 0.21153846153846154 0.5110294117647058 0.21474358974358973 0.5073529411764706 0.21794871794871795 0.5073529411764706 0.22115384615384615 0.5110294117647058 0.22115384615384615 0.5183823529411765 0.21474358974358973 0.5183823529411765
2 0.18231611893583727 0.4882629107981221 0.010954616588419406 0.010770505385252692
2 0.22115384615384615 0.40808823529411764 0.22115384615384615 0.41544117647058826 0.21794871794871795 0.41911764705882354 0.21153846153846154 0.41911764705882354 0.21153846153846154 0.4117647058823529 0.21474358974358973 0.40808823529411764 0.21794871794871795 0.40808823529411764
2 0.11217948717948718 0.5735294117647058 0.11217948717948718 0.5625 0.11538461538461539 0.5588235294117647 0.11858974358974358 0.5588235294117647 0.11858974358974358 0.5735294117647058 0.11538461538461539 0.5735294117647058
2 0.1377151799687011 0.5636564484948909 0.012519561815336464 0.01436067384700359
2 0.3076923076923077 0.6397058823529411 0.3108974358974359 0.6433823529411765 0.3141025641025641 0.6433823529411765 0.3173076923076923 0.6470588235294118 0.3173076923076923 0.6507352941176471 0.3076923076923077 0.6544117647058824 0.30448717948717946 0.6507352941176471 0.30448717948717946 0.6433823529411765
2 0.36538461538461536 0.7095588235294118 0.3717948717948718 0.7095588235294118 0.375 0.7132352941176471 0.375 0.7169117647058824 0.3717948717948718 0.7205882352941176 0.36538461538461536 0.7205882352941176 0.36217948717948717 0.7169117647058824 0.36538461538461536 0.7132352941176471
2 0.5128205128205128 0.6360294117647058 0.5224358974358975 0.6360294117647058 0.5256410256410257 0.6397058823529411 0.5256410256410257 0.6507352941176471 0.5224358974358975 0.6544117647058824 0.5192307692307693 0.6544117647058824 0.5128205128205128 0.6470588235294118 0.5128205128205128 0.6397058823529411
2 0.7147435897435898 0.6102941176470589 0.717948717948718 0.6139705882352942 0.717948717948718 0.625 0.7147435897435898 0.6286764705882353 0.7115384615384616 0.6286764705882353 0.7083333333333334 0.625 0.7115384615384616 0.6139705882352942
2 0.6923076923076923 0.5955882352941176 0.6955128205128205 0.5992647058823529 0.6955128205128205 0.6066176470588235 0.6858974358974359 0.6066176470588235 0.6826923076923077 0.6029411764705882 0.6858974358974359 0.5992647058823529 0.6891025641025641 0.5992647058823529
2 0.8878205128205128 0.4963235294117647 0.9006410256410257 0.4963235294117647 0.9006410256410257 0.5073529411764706 0.8974358974358975 0.5110294117647058 0.8910256410256411 0.5110294117647058 0.8878205128205128 0.5073529411764706 0.8878205128205128 0.5
2 0.8294209702660407 0.3985086992543496 0.012519561815336464 0.01436067384700359
2 0.7916666666666666 0.39705882352941174 0.7948717948717948 0.39338235294117646 0.8044871794871795 0.39338235294117646 0.8044871794871795 0.40441176470588236 0.7980769230769231 0.40441176470588236 0.7948717948717948 0.4007352941176471
2 0.8108974358974359 0.3088235294117647 0.8173076923076923 0.3161764705882353 0.8173076923076923 0.3235294117647059 0.8076923076923077 0.3235294117647059 0.8044871794871795 0.31985294117647056 0.8044871794871795 0.3125 0.8076923076923077 0.3125
2 0.9423076923076923 0.2536764705882353 0.9423076923076923 0.25735294117647056 0.9455128205128205 0.2610294117647059 0.9423076923076923 0.2647058823529412 0.9358974358974359 0.2647058823529412 0.9294871794871795 0.25735294117647056 0.9294871794871795 0.2536764705882353 0.9326923076923077 0.25 0.9358974358974359 0.25 0.9391025641025641 0.2536764705882353
2 0.9233176838810642 0.1732256282794808 0.012519561815336464 0.01615575807787904
2 0.8717948717948718 0.21323529411764705 0.875 0.21323529411764705 0.8814102564102564 0.22426470588235295 0.8782051282051282 0.22794117647058823 0.875 0.22794117647058823 0.8717948717948718 0.22426470588235295 0.8717948717948718 0.21691176470588236
2 0.9006259780907667 0.2234879867439934 0.014084507042253521 0.012565589616128142
2 0.7449139280125195 0.40209886771610054 0.012519561815336464 0.01795084230875449
2 0.8461538461538461 0.45955882352941174 0.8525641025641025 0.45955882352941174 0.8589743589743589 0.46691176470588236 0.8557692307692307 0.47794117647058826 0.8525641025641025 0.47794117647058826 0.8493589743589743 0.4742647058823529 0.8493589743589743 0.46691176470588236 0.8461538461538461 0.4632352941176471
2 0.8974358974358975 0.6066176470588235 0.907051282051282 0.6066176470588235 0.9102564102564102 0.6102941176470589 0.9102564102564102 0.6176470588235294 0.9006410256410257 0.6176470588235294 0.8974358974358975 0.6139705882352942 0.8974358974358975 0.6102941176470589
2 0.9198717948717948 0.6213235294117647 0.9198717948717948 0.6323529411764706 0.9134615384615384 0.6323529411764706 0.9102564102564102 0.6286764705882353 0.9102564102564102 0.625 0.9134615384615384 0.6213235294117647 0.9166666666666666 0.6213235294117647
2 0.8621794871794872 0.7058823529411765 0.8653846153846154 0.7095588235294118 0.8653846153846154 0.7169117647058824 0.8557692307692307 0.7169117647058824 0.8525641025641025 0.7132352941176471 0.8525641025641025 0.7095588235294118 0.8557692307692307 0.7058823529411765 0.8589743589743589 0.7058823529411765
2 0.8653846153846154 0.6838235294117647 0.8717948717948718 0.6838235294117647 0.8717948717948718 0.6948529411764706 0.8653846153846154 0.6948529411764706 0.8653846153846154 0.6875
2 0.6346153846153846 0.7904411764705882 0.6442307692307693 0.7904411764705882 0.6474358974358975 0.7941176470588235 0.6474358974358975 0.7977941176470589 0.6346153846153846 0.7977941176470589 0.6346153846153846 0.7941176470588235
1 0.6506410256410257 0.7867647058823529 0.657051282051282 0.7757352941176471 0.6730769230769231 0.7757352941176471 0.6826923076923077 0.7867647058823529 0.6826923076923077 0.7941176470588235 0.6794871794871795 0.7977941176470589 0.6634615384615384 0.7977941176470589 0.6538461538461539 0.7904411764705882
1 0.48717948717948717 0.8676470588235294 0.5032051282051282 0.8676470588235294 0.5064102564102564 0.8713235294117647 0.5064102564102564 0.8933823529411765 0.5032051282051282 0.8970588235294118 0.5032051282051282 0.9080882352941176 0.5 0.9117647058823529 0.49038461538461536 0.9117647058823529 0.4807692307692308 0.9044117647058824 0.4807692307692308 0.8786764705882353 0.48717948717948717 0.8713235294117647
2 0.5101721439749609 0.8706158519745927 0.012519561815336464 0.01436067384700359
2 0.5384615384615384 0.8419117647058824 0.5416666666666666 0.8419117647058824 0.5448717948717948 0.8382352941176471 0.5480769230769231 0.8382352941176471 0.5512820512820513 0.8419117647058824 0.5512820512820513 0.8566176470588235 0.5384615384615384 0.8566176470588235 0.5384615384615384 0.8455882352941176
2 0.8685897435897436 0.5808823529411765 0.8782051282051282 0.5808823529411765 0.8814102564102564 0.5845588235294118 0.8814102564102564 0.5919117647058824 0.875 0.5992647058823529 0.8717948717948718 0.5992647058823529 0.8685897435897436 0.5955882352941176 0.8685897435897436 0.5845588235294118
1 0.865414710485133 0.631869649268158 0.028169014084507043 0.04308202154101077
2 0.8192488262910798 0.5807097486882077 0.010954616588419406 0.01974592653962994
2 0.8076923076923077 0.6102941176470589 0.8076923076923077 0.6029411764705882 0.8108974358974359 0.5992647058823529 0.8205128205128205 0.5992647058823529 0.8205128205128205 0.6066176470588235 0.8173076923076923 0.6102941176470589 0.8108974358974359 0.6102941176470589
2 0.8461538461538461 0.4227941176470588 0.8557692307692307 0.4227941176470588 0.8589743589743589 0.4264705882352941 0.8589743589743589 0.43014705882352944 0.8557692307692307 0.4338235294117647 0.8461538461538461 0.43014705882352944 0.8461538461538461 0.4264705882352941
2 0.5192307692307693 0.45588235294117646 0.5160256410256411 0.4522058823529412 0.5160256410256411 0.4411764705882353 0.5192307692307693 0.4375 0.5224358974358975 0.4375 0.5256410256410257 0.4411764705882353 0.5256410256410257 0.4485294117647059 0.5224358974358975 0.4522058823529412
2 0.483974358974359 0.40441176470588236 0.483974358974359 0.4117647058823529 0.4807692307692308 0.41544117647058826 0.47435897435897434 0.41544117647058826 0.47115384615384615 0.4117647058823529 0.4775641025641026 0.40441176470588236 0.4807692307692308 0.40441176470588236
2 0.4775641025641026 0.36764705882352944 0.4807692307692308 0.3639705882352941 0.4807692307692308 0.3602941176470588 0.483974358974359 0.35661764705882354 0.48717948717948717 0.35661764705882354 0.49038461538461536 0.3602941176470588 0.49038461538461536 0.36764705882352944 0.48717948717948717 0.3713235294117647 0.4807692307692308 0.3713235294117647
2 0.543035993740219 0.3302954984810826 0.012519561815336464 0.01436067384700359
2 0.4967948717948718 0.29044117647058826 0.5 0.29411764705882354 0.5032051282051282 0.29411764705882354 0.5032051282051282 0.2977941176470588 0.4967948717948718 0.30514705882352944 0.48717948717948717 0.30514705882352944 0.48717948717948717 0.29411764705882354 0.49038461538461536 0.29044117647058826 0.4935897435897436 0.29044117647058826
2 0.6025039123630673 0.2647749240541287 0.012519561815336464 0.01974592653962994
2 0.6314102564102564 0.2867647058823529 0.6346153846153846 0.29044117647058826 0.6346153846153846 0.3014705882352941 0.6282051282051282 0.3088235294117647 0.6217948717948718 0.3088235294117647 0.6185897435897436 0.30514705882352944 0.6185897435897436 0.29411764705882354 0.625 0.2867647058823529 0.6282051282051282 0.2867647058823529
2 0.6634615384615384 0.21691176470588236 0.6666666666666666 0.22058823529411764 0.6666666666666666 0.22426470588235295 0.6634615384615384 0.22794117647058823 0.6538461538461539 0.22794117647058823 0.6538461538461539 0.22058823529411764 0.657051282051282 0.21691176470588236 0.6602564102564102 0.21691176470588236
2 0.6762820512820513 0.23529411764705882 0.6794871794871795 0.23897058823529413 0.6826923076923077 0.23897058823529413 0.6826923076923077 0.25 0.6730769230769231 0.25 0.6730769230769231 0.23897058823529413
2 0.6776212832550861 0.22528307097486883 0.01564945226917058 0.01974592653962994
2 0.6634615384615384 0.2647058823529412 0.6666666666666666 0.2610294117647059 0.6762820512820513 0.2610294117647059 0.6794871794871795 0.2647058823529412 0.6762820512820513 0.26838235294117646 0.6762820512820513 0.27205882352941174 0.6666666666666666 0.27205882352941174 0.6666666666666666 0.26838235294117646
2 0.8141025641025641 0.25 0.8141025641025641 0.2426470588235294 0.8205128205128205 0.23529411764705882 0.8269230769230769 0.23529411764705882 0.8269230769230769 0.2426470588235294 0.8237179487179487 0.24632352941176472 0.8237179487179487 0.25 0.8173076923076923 0.25
2 0.6378205128205128 0.6691176470588235 0.6506410256410257 0.6691176470588235 0.6506410256410257 0.6764705882352942 0.6378205128205128 0.6764705882352942 0.6378205128205128 0.6727941176470589
2 0.5352112676056339 0.5968655067660867 0.012519561815336464 0.01974592653962994
2 0.5512820512820513 0.4963235294117647 0.5512820512820513 0.4852941176470588 0.5544871794871795 0.48161764705882354 0.5576923076923077 0.48161764705882354 0.5608974358974359 0.4852941176470588 0.5608974358974359 0.49264705882352944 0.5576923076923077 0.4963235294117647 0.5544871794871795 0.4963235294117647
2 0.5448717948717948 0.39338235294117646 0.5480769230769231 0.39705882352941174 0.5480769230769231 0.4117647058823529 0.5448717948717948 0.41544117647058826 0.5416666666666666 0.4117647058823529 0.5416666666666666 0.39705882352941174
2 0.5226917057902973 0.40389395194697597 0.01564945226917058 0.01795084230875449
2 0.5961538461538461 0.3897058823529412 0.5993589743589743 0.39338235294117646 0.5993589743589743 0.40441176470588236 0.5961538461538461 0.40808823529411764 0.5865384615384616 0.40808823529411764 0.5833333333333334 0.40441176470588236 0.5865384615384616 0.39338235294117646 0.5897435897435898 0.3897058823529412 0.592948717948718 0.3897058823529412
2 0.5852895148669797 0.4272300469483568 0.009389671361502348 0.010770505385252692
2 0.625 0.34191176470588236 0.6282051282051282 0.34558823529411764 0.6282051282051282 0.35294117647058826 0.625 0.35661764705882354 0.6217948717948718 0.35294117647058826 0.6185897435897436 0.35294117647058826 0.6185897435897436 0.34558823529411764 0.6217948717948718 0.34558823529411764
1 0.5897435897435898 0.2757352941176471 0.5993589743589743 0.2757352941176471 0.6057692307692307 0.28308823529411764 0.6057692307692307 0.3014705882352941 0.6025641025641025 0.30514705882352944 0.592948717948718 0.30514705882352944 0.592948717948718 0.2977941176470588 0.5865384615384616 0.29044117647058826 0.5865384615384616 0.28308823529411764 0.5897435897435898 0.27941176470588236
1 0.7147435897435898 0.1801470588235294 0.717948717948718 0.1801470588235294 0.7211538461538461 0.17647058823529413 0.7307692307692307 0.17647058823529413 0.7339743589743589 0.1801470588235294 0.7339743589743589 0.19117647058823528 0.7307692307692307 0.1948529411764706 0.7307692307692307 0.20588235294117646 0.7275641025641025 0.20955882352941177 0.7147435897435898 0.20955882352941177 0.7115384615384616 0.20588235294117646 0.7083333333333334 0.1948529411764706 0.7147435897435898 0.18382352941176472
1 0.878716744913928 0.10860259596796465 0.03286384976525822 0.04128693731013532
2 0.2104851330203443 0.12924606462303231 0.010954616588419406 0.01795084230875449
1 0.532051282051282 0.5 0.5384615384615384 0.5073529411764706 0.5384615384615384 0.5220588235294118 0.532051282051282 0.5330882352941176 0.5160256410256411 0.5330882352941176 0.5128205128205128 0.5294117647058824 0.5128205128205128 0.5073529411764706 0.5192307692307693 0.5 0.5288461538461539 0.5
2 0.47435897435897434 0.5441176470588235 0.4807692307692308 0.5441176470588235 0.483974358974359 0.5477941176470589 0.483974358974359 0.5625 0.47115384615384615 0.5625 0.47115384615384615 0.5514705882352942 0.47435897435897434 0.5477941176470589
2 0.8141025641025641 0.43014705882352944 0.8141025641025641 0.41911764705882354 0.8173076923076923 0.41544117647058826 0.8205128205128205 0.41544117647058826 0.8237179487179487 0.41911764705882354 0.8237179487179487 0.4264705882352941 0.8205128205128205 0.43014705882352944 0.8173076923076923 0.43014705882352944
2 0.16025641025641027 0.7610294117647058 0.16346153846153846 0.7647058823529411 0.16346153846153846 0.7757352941176471 0.16025641025641027 0.7794117647058824 0.15064102564102563 0.7794117647058824 0.14743589743589744 0.7757352941176471 0.15064102564102563 0.7647058823529411 0.15384615384615385 0.7610294117647058 0.15705128205128205 0.7610294117647058
2 0.23787167449139282 0.693800055233361 0.018779342723004695 0.023336095001380834
2 0.07051282051282051 0.9191176470588235 0.07051282051282051 0.9117647058823529 0.07692307692307693 0.9044117647058824 0.08333333333333333 0.9117647058823529 0.08333333333333333 0.9154411764705882 0.07692307692307693 0.9227941176470589 0.07371794871794872 0.9191176470588235
2 0.07051282051282051 0.9522058823529411 0.07371794871794872 0.9522058823529411 0.07692307692307693 0.9485294117647058 0.08012820512820513 0.9522058823529411 0.08012820512820513 0.9632352941176471 0.07692307692307693 0.9669117647058824 0.07051282051282051 0.9669117647058824 0.07051282051282051 0.9632352941176471 0.0673076923076923 0.9595588235294118 0.07051282051282051 0.9558823529411765
2 0.22115384615384615 0.5845588235294118 0.22115384615384615 0.5919117647058824 0.22435897435897437 0.5955882352941176 0.22435897435897437 0.5992647058823529 0.21794871794871795 0.6066176470588235 0.21153846153846154 0.6066176470588235 0.20833333333333334 0.6029411764705882 0.20833333333333334 0.5992647058823529 0.21153846153846154 0.5955882352941176 0.21153846153846154 0.5882352941176471 0.21474358974358973 0.5845588235294118 0.21794871794871795 0.5845588235294118
2 0.23397435897435898 0.5808823529411765 0.2467948717948718 0.5808823529411765 0.25 0.5845588235294118 0.2467948717948718 0.5955882352941176 0.23717948717948717 0.5955882352941176 0.23076923076923078 0.5882352941176471 0.23397435897435898 0.5845588235294118
2 0.13928012519561817 0.5295498481082574 0.012519561815336464 0.01436067384700359
2 0.11737089201877933 0.5439105219552609 0.012519561815336464 0.01436067384700359
2 0.18269230769230768 0.5808823529411765 0.1858974358974359 0.5845588235294118 0.1858974358974359 0.5919117647058824 0.18269230769230768 0.5955882352941176 0.17307692307692307 0.5955882352941176 0.17307692307692307 0.5845588235294118 0.1762820512820513 0.5808823529411765 0.1794871794871795 0.5808823529411765
2 0.22115384615384615 0.3713235294117647 0.22435897435897437 0.375 0.22435897435897437 0.3786764705882353 0.22115384615384615 0.38235294117647056 0.21153846153846154 0.38235294117647056 0.21153846153846154 0.375 0.21474358974358973 0.3713235294117647 0.21794871794871795 0.3713235294117647
2 0.21153846153846154 0.2647058823529412 0.21794871794871795 0.2647058823529412 0.22115384615384615 0.26838235294117646 0.22115384615384615 0.27941176470588236 0.21794871794871795 0.28308823529411764 0.21474358974358973 0.28308823529411764 0.21153846153846154 0.27941176470588236 0.21153846153846154 0.26838235294117646
2 0.3141025641025641 0.39338235294117646 0.32371794871794873 0.39338235294117646 0.32371794871794873 0.4007352941176471 0.3141025641025641 0.4007352941176471 0.3141025641025641 0.39705882352941174
2 0.29812206572769956 0.40030378348522505 0.014084507042253521 0.01436067384700359
1 0.8205128205128205 0.5 0.8237179487179487 0.5036764705882353 0.8237179487179487 0.5220588235294118 0.8173076923076923 0.5330882352941176 0.8141025641025641 0.5330882352941176 0.8076923076923077 0.5257352941176471 0.8044871794871795 0.5257352941176471 0.8044871794871795 0.5036764705882353 0.8076923076923077 0.5 0.8173076923076923 0.5
2 0.7724358974358975 0.5514705882352942 0.782051282051282 0.5514705882352942 0.782051282051282 0.5551470588235294 0.7852564102564102 0.5588235294117647 0.7852564102564102 0.5625 0.782051282051282 0.5661764705882353 0.7724358974358975 0.5661764705882353 0.7724358974358975 0.5551470588235294
2 0.7467948717948718 0.7279411764705882 0.75 0.7316176470588235 0.75 0.7352941176470589 0.7435897435897436 0.7426470588235294 0.7403846153846154 0.7389705882352942 0.7371794871794872 0.7389705882352942 0.7371794871794872 0.7316176470588235 0.7403846153846154 0.7279411764705882 0.7435897435897436 0.7279411764705882
2 0.7211538461538461 0.6433823529411765 0.7211538461538461 0.6544117647058824 0.7147435897435898 0.6544117647058824 0.7115384615384616 0.6507352941176471 0.7115384615384616 0.6470588235294118 0.7147435897435898 0.6433823529411765 0.717948717948718 0.6433823529411765
2 0.6891025641025641 0.6580882352941176 0.6891025641025641 0.6507352941176471 0.6923076923076923 0.6470588235294118 0.7019230769230769 0.6470588235294118 0.7019230769230769 0.6580882352941176 0.6923076923076923 0.6580882352941176
2 0.525039123630673 0.739574703120685 0.014084507042253521 0.021541010770505385
2 0.6025039123630673 0.8015051090858879 0.012519561815336464 0.01615575807787904
2 0.4021909233176839 0.7817591825462579 0.012519561815336464 0.01615575807787904
2 0.41025641025641024 0.7941176470588235 0.41346153846153844 0.7977941176470589 0.4166666666666667 0.7977941176470589 0.4166666666666667 0.8051470588235294 0.41346153846153844 0.8088235294117647 0.40705128205128205 0.8088235294117647 0.40384615384615385 0.8051470588235294 0.40384615384615385 0.7977941176470589 0.40705128205128205 0.7977941176470589
2 0.3857589984350548 0.8077879038939519 0.014084507042253521 0.01795084230875449
2 0.48717948717948717 0.7169117647058824 0.49038461538461536 0.7205882352941176 0.49038461538461536 0.7279411764705882 0.483974358974359 0.7352941176470589 0.47435897435897434 0.7352941176470589 0.47115384615384615 0.7316176470588235 0.47115384615384615 0.7205882352941176 0.47435897435897434 0.7169117647058824 0.483974358974359 0.7169117647058824
2 0.4428794992175274 0.32939795636564484 0.01564945226917058 0.01615575807787904
2 0.09937402190923318 0.6632836233084783 0.02034428794992175 0.023336095001380834
2 0.11217948717948718 0.4227941176470588 0.11538461538461539 0.4264705882352941 0.11538461538461539 0.4375 0.11217948717948718 0.4375 0.10897435897435898 0.4411764705882353 0.10256410256410256 0.4411764705882353 0.09935897435897435 0.4375 0.09935897435897435 0.43014705882352944 0.10576923076923077 0.4227941176470588 0.10897435897435898 0.4227941176470588
2 0.12179487179487179 0.41544117647058826 0.12179487179487179 0.40441176470588236 0.125 0.4007352941176471 0.1346153846153846 0.4007352941176471 0.1346153846153846 0.40808823529411764 0.13141025641025642 0.4117647058823529 0.13141025641025642 0.41544117647058826 0.125 0.41544117647058826
2 0.22115384615384615 0.3125 0.22435897435897437 0.3161764705882353 0.22435897435897437 0.33088235294117646 0.21153846153846154 0.33088235294117646 0.20833333333333334 0.3272058823529412 0.20833333333333334 0.31985294117647056 0.21474358974358973 0.3125 0.21794871794871795 0.3125
2 0.5192307692307693 0.1875 0.5192307692307693 0.19117647058823528 0.5224358974358975 0.1948529411764706 0.5224358974358975 0.20955882352941177 0.5192307692307693 0.21323529411764705 0.5160256410256411 0.21323529411764705 0.5096153846153846 0.20588235294117646 0.5096153846153846 0.19117647058823528 0.5128205128205128 0.1875 0.5160256410256411 0.1875
1 0.6056338028169014 0.8347141673570837 0.025039123630672927 0.03949185307925988
1 0.7801251956181533 0.7018779342723005 0.03286384976525822 0.04308202154101077
2 0.7371794871794872 0.46691176470588236 0.7371794871794872 0.47794117647058826 0.7435897435897436 0.4889705882352941 0.7435897435897436 0.4963235294117647 0.7403846153846154 0.5 0.7371794871794872 0.5 0.7275641025641025 0.4889705882352941 0.7275641025641025 0.47058823529411764 0.7307692307692307 0.46691176470588236 0.7339743589743589 0.46691176470588236
2 0.7980769230769231 0.41911764705882354 0.8044871794871795 0.41911764705882354 0.8108974358974359 0.4264705882352941 0.8076923076923077 0.4375 0.7980769230769231 0.4375 0.7980769230769231 0.4227941176470588
2 0.5641025641025641 0.4852941176470588 0.5737179487179487 0.4852941176470588 0.5769230769230769 0.4889705882352941 0.5769230769230769 0.5 0.5705128205128205 0.5073529411764706 0.5641025641025641 0.5073529411764706 0.5608974358974359 0.5110294117647058 0.5576923076923077 0.5073529411764706 0.5576923076923077 0.5 0.5608974358974359 0.5 0.5641025641025641 0.4963235294117647 0.5641025641025641 0.4889705882352941
2 0.16666666666666666 0.8529411764705882 0.16666666666666666 0.8455882352941176 0.16987179487179488 0.8419117647058824 0.1794871794871795 0.8419117647058824 0.1794871794871795 0.8492647058823529 0.1762820512820513 0.8529411764705882 0.16987179487179488 0.8529411764705882
2 0.12179487179487179 0.4963235294117647 0.125 0.5 0.125 0.5036764705882353 0.12179487179487179 0.5073529411764706 0.11217948717948718 0.5073529411764706 0.10897435897435898 0.5036764705882353 0.11538461538461539 0.4963235294117647 0.11858974358974358 0.4963235294117647
2 0.09294871794871795 0.4522058823529412 0.10576923076923077 0.4522058823529412 0.10576923076923077 0.4632352941176471 0.09294871794871795 0.4632352941176471 0.09294871794871795 0.45588235294117646
2 0.04303599374021909 0.5367301850317592 0.010954616588419406 0.01436067384700359
2 0.041666666666666664 0.5735294117647058 0.04487179487179487 0.5772058823529411 0.04487179487179487 0.5845588235294118 0.041666666666666664 0.5882352941176471 0.02564102564102564 0.5882352941176471 0.02564102564102564 0.5772058823529411 0.03205128205128205 0.5698529411764706 0.035256410256410256 0.5698529411764706 0.038461538461538464 0.5735294117647058
2 0.07042253521126761 0.5475006904170119 0.012519561815336464 0.01436067384700359
1 0.060897435897435896 0.4742647058823529 0.07371794871794872 0.4742647058823529 0.07692307692307693 0.47794117647058826 0.08333333333333333 0.47794117647058826 0.08333333333333333 0.49264705882352944 0.07692307692307693 0.5 0.07051282051282051 0.5 0.060897435897435896 0.49264705882352944 0.060897435897435896 0.47794117647058826
2 0.7660256410256411 0.36764705882352944 0.7660256410256411 0.35294117647058826 0.7692307692307693 0.3492647058823529 0.7788461538461539 0.3492647058823529 0.782051282051282 0.35294117647058826 0.782051282051282 0.3602941176470588 0.7756410256410257 0.36764705882352944 0.7692307692307693 0.36764705882352944
2 0.7692307692307693 0.33455882352941174 0.7692307692307693 0.34191176470588236 0.7660256410256411 0.34558823529411764 0.7564102564102564 0.34558823529411764 0.7532051282051282 0.34191176470588236 0.7532051282051282 0.3382352941176471 0.7564102564102564 0.33455882352941174 0.7660256410256411 0.33455882352941174
2 0.7852564102564102 0.30514705882352944 0.7852564102564102 0.3161764705882353 0.782051282051282 0.3161764705882353 0.7788461538461539 0.31985294117647056 0.7756410256410257 0.3161764705882353 0.7724358974358975 0.3161764705882353 0.7724358974358975 0.3088235294117647 0.782051282051282 0.30514705882352944
2 0.5096153846153846 0.7941176470588235 0.5160256410256411 0.7941176470588235 0.5192307692307693 0.7977941176470589 0.5192307692307693 0.8051470588235294 0.5096153846153846 0.8051470588235294 0.5096153846153846 0.7977941176470589
2 0.8012820512820513 0.8125 0.8044871794871795 0.8125 0.8076923076923077 0.8088235294117647 0.8108974358974359 0.8088235294117647 0.8141025641025641 0.8125 0.8141025641025641 0.8161764705882353 0.8076923076923077 0.8161764705882353 0.8044871794871795 0.8198529411764706 0.8012820512820513 0.8198529411764706 0.8012820512820513 0.8161764705882353
2 0.9100156494522691 0.5771195802264568 0.014084507042253521 0.012565589616128142
1 0.5897435897435898 0.4375 0.5993589743589743 0.4522058823529412 0.5993589743589743 0.46691176470588236 0.592948717948718 0.47794117647058826 0.5801282051282052 0.47794117647058826 0.5705128205128205 0.45955882352941174 0.5705128205128205 0.4522058823529412 0.5737179487179487 0.4485294117647059 0.5737179487179487 0.44485294117647056 0.5769230769230769 0.44485294117647056 0.5833333333333334 0.4375 0.5865384615384616 0.4375
2 0.2621283255086072 0.48916045291355975 0.014084507042253521 0.026926263463131733
2 0.25 0.4375 0.2532051282051282 0.4411764705882353 0.26282051282051283 0.44485294117647056 0.26282051282051283 0.45588235294117646 0.25961538461538464 0.45955882352941174 0.2467948717948718 0.45955882352941174 0.2467948717948718 0.45588235294117646 0.2403846153846154 0.4485294117647059 0.2403846153846154 0.4411764705882353 0.24358974358974358 0.4375 0.2467948717948718 0.4375
2 0.3333333333333333 0.17647058823529413 0.34294871794871795 0.18382352941176472 0.34294871794871795 0.1948529411764706 0.33974358974358976 0.19852941176470587 0.3269230769230769 0.19852941176470587 0.3269230769230769 0.1801470588235294 0.3301282051282051 0.1801470588235294
2 0.6891025641025641 0.15441176470588236 0.6955128205128205 0.15441176470588236 0.6987179487179487 0.15808823529411764 0.6987179487179487 0.16176470588235295 0.6923076923076923 0.17279411764705882 0.6891025641025641 0.16911764705882354 0.6858974358974359 0.16911764705882354 0.6858974358974359 0.16176470588235295 0.6891025641025641 0.15808823529411764
2 0.7532051282051282 0.14705882352941177 0.7628205128205128 0.14705882352941177 0.7660256410256411 0.15073529411764705 0.7692307692307693 0.15073529411764705 0.7692307692307693 0.15808823529411764 0.7660256410256411 0.16176470588235295 0.7564102564102564 0.16176470588235295 0.7532051282051282 0.15808823529411764 0.7532051282051282 0.15073529411764705
2 0.7660256410256411 0.17647058823529413 0.7692307692307693 0.17647058823529413 0.7724358974358975 0.17279411764705882 0.782051282051282 0.17279411764705882 0.782051282051282 0.1801470588235294 0.7724358974358975 0.19117647058823528 0.7660256410256411 0.19117647058823528 0.7660256410256411 0.1801470588235294
1 0.9647435897435898 0.26838235294117646 0.9743589743589743 0.27941176470588236 0.9743589743589743 0.29411764705882354 0.9711538461538461 0.2977941176470588 0.9711538461538461 0.30514705882352944 0.967948717948718 0.3088235294117647 0.9551282051282052 0.3088235294117647 0.9487179487179487 0.3014705882352941 0.9487179487179487 0.29411764705882354 0.9519230769230769 0.29044117647058826 0.9519230769230769 0.2757352941176471 0.9583333333333334 0.26838235294117646 0.9615384615384616 0.26838235294117646