1 0.9189043173076923 0.02399728270042194 0.9120490096153845 0.010918746835443038 0.8976522756410257 0.009565426160337552 0.8839404903846153 0.01723220675105485 0.8811983653846155 0.02715401265822785 0.8815414230769232 0.038879223628691985 0.8877969647435898 0.05200691139240506 0.9055355897435897 0.04744770464135021 0.9154772467948717 0.03707581434599156 0.9189043173076923 0.02399728270042194
1 0.868858810897436 0.043389274261603376 0.8637176185897436 0.03346746835443038 0.8551481923076923 0.02715401265822785 0.8373232211538462 0.03572249367088608 0.8318389743589742 0.04519267932489452 0.8335530929487179 0.06864310126582279 0.8410933493589744 0.07315315611814346 0.8551481923076923 0.07630988185654008 0.8613173878205128 0.06909472151898734 0.866116685897436 0.05646627004219409 0.868858810897436 0.043389274261603376
1 0.8702298717948719 0.09885860337552743 0.8674877467948718 0.08307342194092826 0.8575472564102565 0.08036831645569621 0.8356091025641026 0.09525025316455696 0.8311528589743589 0.11193559915611814 0.8380081666666667 0.13222929535864977 0.8520630096153846 0.13358262025316456 0.8589183205128205 0.12501413502109704 0.8630315064102564 0.1177989746835443 0.8702298717948719 0.09885860337552743
1 0.8280676794871795 0.10427035864978902 0.8287537916666667 0.09299522784810127 0.8263547243589744 0.08713339240506329 0.8157281217948718 0.08487836708860759 0.8044165705128206 0.08938841772151898 0.8003033846153846 0.09976030801687764 0.7972182019230769 0.1177989746835443 0.8095577596153846 0.1232107299578059 0.8150420064102564 0.12636745991561182 0.8236114358974359 0.11464224472573839 0.8280676794871795 0.10427035864978902
1 0.7876207692307693 0.056917890295358646 0.7732240384615385 0.05556456962025317 0.7526569423076923 0.0650347552742616 0.753341891025641 0.08262334177215189 0.7598553076923077 0.08983850210970463 0.7670536762820513 0.09119182278481013 0.7773372243589743 0.09074020253164557 0.7935332564102564 0.0847232194092827 0.8013313878205128 0.07270153586497889 0.8003033846153846 0.06368296624472573 0.7876207692307693 0.056917890295358646
1 0.8016744455128205 0.03391908860759494 0.8037304551282052 0.02580068776371308 0.8013313878205128 0.015880417721518988 0.7941330224358973 0.0145270970464135 0.7831645288461538 0.010918746835443038 0.7711668621794872 0.013173772151898733 0.7547129519230769 0.02399728270042194 0.7516289391025641 0.04068262869198312 0.7588273044871795 0.051056054852320676 0.7806791121794873 0.04636627426160338 0.7879626602564103 0.04383935864978903 0.7927619615384616 0.03978092405063291 0.8016744455128205 0.03391908860759494
1 0.7098098012820513 0 0.6950700128205128 0.015428797468354431 0.6995262532051283 0.031212443037974685 0.7056966153846154 0.03662419831223629 0.7214644102564102 0.03707581434599156 0.7324329070512821 0.028055713080168777 0.7362030352564103 0.01272215611814346 0.731061842948718 0 0.7098098012820513 0
1 0.8105869326923076 0.14804980590717298 0.8006452756410256 0.14218643037974682 0.7848774807692308 0.15210823628691983 0.776651108974359 0.161126805907173 0.7718518076923078 0.18142049789029535 0.7817934647435897 0.1908906835443038 0.8009883301282051 0.19269562447257385 0.8064725801282052 0.17961709282700422 0.8119579935897436 0.1633818312236287 0.8105869326923076 0.14804980590717298
1 0.760883314102564 0.15977501687763712 0.7540280032051282 0.15481334599156116 0.731061842948718 0.1602251012658228 0.7228354711538462 0.17510704219409282 0.729690782051282 0.1872838734177215 0.7485437564102564 0.19189530801687765 0.7526569423076923 0.1895388987341772 0.7629404903846153 0.1764603628691983 0.760883314102564 0.15977501687763712
1 0.7783652275641025 0.1259511687763713 0.7739089839743589 0.11242255274261605 0.7636254391025641 0.11197093248945147 0.7444305705128205 0.12189273839662447 0.741687282051282 0.13001113502109704 0.7471726955128205 0.14534316033755273 0.7609696602564103 0.14620645991561182 0.7660256698717949 0.14218643037974682 0.7728809807692308 0.1367746793248945 0.7783652275641025 0.1259511687763713
1 0.8188133012820513 0.23512175105485233 0.8116149358974359 0.22745497046413501 0.7900198365384615 0.23602345569620253 0.7838494743589743 0.24865037130801687 0.784192532051282 0.2648856329113924 0.7937899647435896 0.2779641687763713 0.8126429391025641 0.2761607594936709 0.8181271891025641 0.2635323122362869 0.8215554262820512 0.2518070970464135 0.8188133012820513 0.23512175105485233
1 0.7852205352564103 0.27976757383966244 0.7728809807692308 0.2770624641350211 0.7547129519230769 0.2806692742616034 0.7464865801282051 0.2910427004219409 0.7468296378205128 0.3072764261603375 0.7560840128205129 0.31584491139240506 0.7783652275641025 0.319001641350211 0.7848774807692308 0.3023162911392405 0.7879626602564103 0.2901394641350211 0.7852205352564103 0.27976757383966244
1 0.7420303397435897 0.25361204219409283 0.7303757307692308 0.2396318016877637 0.7211213525641025 0.2378268607594937 0.7008973173076922 0.2482002869198312 0.6954130673076923 0.2617289029535865 0.7008973173076922 0.2824742194092827 0.7115227532051283 0.28653264978902954 0.7283197211538461 0.28021919409282703 0.7303757307692308 0.2766108438818565 0.7382602115384616 0.27074900843881855 0.7420303397435897 0.25361204219409283
2 0.7550560096153845 0.22023981012658228 0.7458016346153846 0.21527967932489453 0.7362030352564103 0.22519994514767933 0.7362030352564103 0.23737677637130802 0.7519708269230769 0.24548135443037974 0.7564270705128205 0.23692516033755273 0.7564270705128205 0.23016161603375526 0.7550560096153845 0.22023981012658228
1 0.6484515737179487 0.09521492405063292 0.6594212371794872 0.10468510970464134 0.6721038493589744 0.10558681434599156 0.6878716442307692 0.09521492405063292 0.6899276538461538 0.08033298312236288 0.6837584583333334 0.06409772151898734 0.6645624262820513 0.06545104219409283 0.6556499423076924 0.07131288185654008 0.6491376891025641 0.08213638818565401 0.6484515737179487 0.09521492405063292
2 0.6645624262820513 0.13219396624472574 0.6707327884615385 0.13940912658227847 0.6841015160256411 0.13895904219409283 0.6902707115384615 0.13084217721518987 0.6902707115384615 0.12001867088607594 0.6804165705128206 0.11461766666666667 0.6758739775641026 0.11370521097046414 0.664905483974359 0.12362548101265823 0.6645624262820513 0.13219396624472574
1 0.6128028012820513 0.042866991561181435 0.6165740961538462 0.05233717721518988 0.6230863461538462 0.05684722784810126 0.6319988333333334 0.05865063713080169 0.6433103846153846 0.057748932489451475 0.6563360544871795 0.05369050210970464 0.6590781794871795 0.04376869620253165 0.6583920641025641 0.028435135021097045 0.6412532083333333 0.023926620253164554 0.6319988333333334 0.02437670464135021 0.6234294038461539 0.026631729957805907 0.6128028012820513 0.042866991561181435
1 0.6306277724358974 0.2923944894514768 0.6450245032051283 0.3041197004219409 0.6628483076923077 0.3023162911392405 0.6693617275641025 0.29510113080168776 0.6755320897435897 0.2820225991561181 0.6714177371794872 0.2662389535864979 0.6642193685897436 0.2576704725738396 0.6448529743589744 0.2573263797468354 0.634054842948718 0.2680423628691983 0.6282275384615384 0.2824742194092827 0.6306277724358974 0.2923944894514768
1 0.7008973173076922 0.3613939704641351 0.7087806314102564 0.35688391983122364 0.7135799294871794 0.3474137341772152 0.7142660448717949 0.3352369029535865 0.7087806314102564 0.32802174261603373 0.6962695448717948 0.33121994514767933 0.688556592948718 0.341550358649789 0.6919848301282051 0.3586873248945147 0.7008973173076922 0.3613939704641351
1 0.7135799294871794 0.3735692658227848 0.7245484262820513 0.37627591139240507 0.7348319711538461 0.36545240084388186 0.7358611442307692 0.35733400421940925 0.7305472564102564 0.3543462489451477 0.7272905480769231 0.3496687594936709 0.7180361730769231 0.351472164556962 0.7135799294871794 0.3735692658227848
1 0.9380175032051281 0.2643664219409283 0.9299113173076924 0.2696982995780591 0.9185635929487179 0.28142965400843883 0.9201855320512821 0.30702296624472575 0.928290548076923 0.31875278902953585 0.9469334903846153 0.3123548438818565 0.9493652275641026 0.27929598312236287 0.94450175 0.2686322320675105 0.9380175032051281 0.2643664219409283
1 0.9291015160256411 0.560823953586498 0.9404492403846154 0.5789532531645569 0.9534177371794872 0.5800193206751054 0.9639544935897436 0.560823953586498 0.9647654615384615 0.5480265274261603 0.9574702435897435 0.5309648312236287 0.9469334903846153 0.5298987637130802 0.9404492403846154 0.5320308987341772 0.9291015160256411 0.560823953586498
1 0.8634457403846153 0.42005996624472575 0.8472345384615385 0.4232597088607595 0.8439929999999999 0.4339234599156118 0.8488564775641027 0.44991908860759494 0.8561505256410257 0.4573846371308017 0.8683092179487181 0.4511003628691983 0.8739836634615384 0.44352114345991556 0.8707409583333333 0.42859158227848104 0.8634457403846153 0.42005996624472575
1 0.7070081666666667 0.4883098227848101 0.7199778301282052 0.5043054514767933 0.7297036185897436 0.5053715189873418 0.744294048076923 0.4968399029535865 0.7467257884615385 0.48404401687763715 0.7426732788461539 0.4684400970464135 0.726462076923077 0.46271651054852325 0.7143033846153846 0.4669807848101266 0.7070081666666667 0.4883098227848101
1 0.7961691955128205 0.44245507594936706 0.8034644102564102 0.4573846371308017 0.8140023333333334 0.4573846371308017 0.8245390897435897 0.4477869535864979 0.8237281217948718 0.4339234599156118 0.810556592948718 0.4204224936708861 0.8075180865384615 0.4211260337552743 0.7961691955128205 0.4360555949367088 0.7961691955128205 0.44245507594936706
1 0.7678004679487179 0.5022562658227848 0.7750956826923078 0.5118539493670886 0.7840116698717948 0.5107878818565401 0.7913068846153846 0.5075881434599157 0.7921166858974359 0.4937246497890295 0.7840116698717948 0.4777290210970464 0.7694212371794872 0.4819948312236287 0.7669894967948718 0.4915925147679325 0.7678004679487179 0.5022562658227848
1 0.6535122532051282 0.5502446877637132 0.6583745608974358 0.5662403122362869 0.6745857628205127 0.5705061223628691 0.684312717948718 0.559840835443038 0.6851236858974359 0.5417130717299579 0.6737759615384615 0.524460894514768 0.6535122532051282 0.5299817130801687 0.6527012820512821 0.5353151265822785 0.6535122532051282 0.5502446877637132
1 0.8691201858974359 0.691007135021097 0.8788471410256411 0.7070027637130801 0.8877631282051283 0.7070027637130801 0.8982998846153846 0.7059366919831224 0.9072158685897437 0.6867413248945147 0.9055950993589744 0.6686135611814346 0.8910046666666666 0.6579498101265823 0.8731726955128206 0.6622156202531645 0.8674982499999999 0.6686135611814346 0.8691201858974359 0.691007135021097
1 0.7588844807692308 0.6398205105485232 0.7645577596153846 0.6526179324894514 0.7742847147435897 0.6558161392405063 0.786443407051282 0.6547500717299578 0.7994119006410256 0.645152388185654 0.7953593942307692 0.6270246202531646 0.7781353557692308 0.6178294008438818 0.7694212371794872 0.6206251434599156 0.76050525 0.625957016877637 0.7588844807692308 0.6398205105485232
1 0.7969801634615384 0.6452368734177215 0.8018436410256411 0.6644322405063291 0.8091388557692307 0.6708301856540084 0.8253500576923076 0.6676304430379747 0.8318343044871795 0.644170805907173 0.8253500576923076 0.6260415063291139 0.8034644102564102 0.6284992995780591 0.8034644102564102 0.6175098902953586 0.8002228717948717 0.6249754388185654 0.7969801634615384 0.6452368734177215
1 0.9347747948717949 0.7817350506329114 0.9436907820512821 0.8051946877637131 0.9501761955128205 0.8083944303797469 0.9607129519230769 0.8062622911392404 0.9696289391025641 0.7998628143459916 0.9720606762820514 0.7838671856540085 0.9645624262820512 0.7632171097046413 0.94450175 0.7604075443037974 0.9380175032051281 0.7646718185654008 0.9347747948717949 0.7817350506329114
1 0.8683092179487181 0.9033866160337554 0.8731726955128206 0.9140519029535865 0.886141189102564 0.9204498481012658 0.8982998846153846 0.9161840379746835 0.9055950993589744 0.8959226033755274 0.9047841314102564 0.8767272362869198 0.8869521602564103 0.8649974135021098 0.8666884487179487 0.8756611687763713 0.8650665096153847 0.8916567932489452 0.8683092179487181 0.9033866160337554
1 0.8610140032051282 0.8244745443037974 0.8666884487179487 0.8351382953586498 0.8764154038461538 0.8436699113924051 0.8918156346153847 0.8447359789029536 0.903163358974359 0.8340722278481013 0.9047841314102564 0.8180765991561181 0.8845204198717949 0.7967475611814346 0.8756044326923077 0.7988812320675106 0.8666884487179487 0.8020794345991561 0.8610140032051282 0.8244745443037974
1 0.7337572916666667 0.7700881772151899 0.7369988333333334 0.7764861223628692 0.752400233974359 0.7914156835443038 0.7686102692307691 0.7892835485232068 0.7734737467948718 0.7604904936708861 0.7568576442307693 0.7405408902953587 0.7459148205128205 0.7487606751054852 0.7378098012820513 0.7530264852320675 0.7337572916666667 0.7700881772151899
1 0.8261598589743588 0.892722864978903 0.8439929999999999 0.9012544810126581 0.8553407243589743 0.8905907257383966 0.862635939102564 0.869263223628692 0.8431820288461538 0.8447359789029536 0.8196756121794871 0.8432459409282701 0.8140023333333334 0.8479341814345991 0.8123803974358974 0.867129552742616 0.8261598589743588 0.892722864978903
1 0.7645577596153846 0.6794447510548522 0.7678004679487179 0.686910299578059 0.777527419871795 0.6933082447257384 0.7872532083333333 0.6901085021097046 0.7937386217948718 0.6783786835443038 0.7880641762820513 0.666648864978903 0.7791481923076923 0.6602493839662448 0.7742847147435897 0.6538514388185654 0.7653687275641026 0.6549175063291139 0.7645577596153846 0.6794447510548522
1 0.7402415416666667 0.6986401181434599 0.7426732788461539 0.7199676244725739 0.7548308044871795 0.7274331729957806 0.7661796955128205 0.7274331729957806 0.777527419871795 0.7199676244725739 0.7791481923076923 0.7007722573839662 0.7710420064102563 0.6879763670886075 0.752400233974359 0.6847766286919831 0.7499684935897436 0.6890424345991562 0.741051342948718 0.6943743122362869 0.7402415416666667 0.6986401181434599
1 0.83750875 0.7583583586497891 0.8237281217948718 0.7636902362869198 0.8261598589743588 0.7807519324894515 0.8470326730769232 0.7858917932489452 0.8520980160256411 0.7732879198312237 0.849666278846154 0.7668884388185654 0.83750875 0.7583583586497891
1 0.7694212371794872 0.9290644135021097 0.7888751474358974 0.9173345949367089 0.7913068846153846 0.889607611814346 0.7710420064102563 0.8810775316455696 0.7499684935897436 0.8885415400843882 0.7491575256410256 0.9034711012658228 0.752400233974359 0.912002717299578 0.7694212371794872 0.9290644135021097
1 0.684312717948718 0.7445793544303797 0.684312717948718 0.7541755021097047 0.694039673076923 0.7744384725738397 0.7037666282051281 0.7755045400843882 0.7151143525641026 0.7744384725738397 0.7248401410256411 0.7637731856540084 0.7272718782051282 0.7520433670886075 0.7240303397435898 0.7349816708860759 0.7011318557692308 0.721867805907173 0.694850641025641 0.7275161223628692 0.6875554262820512 0.7381798734177215 0.684312717948718 0.7445793544303797
1 0.7037666282051281 0.9887826540084388 0.7159241538461538 0.9962466666666666 0.7288938141025642 0.9855829156118143 0.7345670929487179 0.9663890801687763 0.7321353557692307 0.9439939746835443 0.7224095673076923 0.9429279071729958 0.7061983653846153 0.9546577257383967 0.7021446923076923 0.9642554092827005 0.7037666282051281 0.9887826540084388
1 0.4670840128205128 0.6186604430379746 0.47843173717948717 0.6282581265822785 0.5035589262820513 0.6271920590717299 0.5149066506410257 0.6069306244725738 0.5124749134615385 0.5813373122362868 0.4812683782051282 0.5698117974683545 0.4654620769230769 0.5845355147679325 0.4630303397435897 0.5941331983122363 0.4670840128205128 0.6186604430379746
1 0.39980746794871797 0.3998830168776371 0.3965647596153846 0.42974213924050636 0.4062917147435897 0.446803835443038 0.418450407051282 0.4553354514767932 0.441145858974359 0.45640151898734177 0.4573570608974359 0.43187427426160335 0.4573570608974359 0.42121052320675106 0.4235157532051282 0.39107797468354427 0.42169194871794874 0.3892192658227848 0.4062917147435897 0.39561721097046415 0.39980746794871797 0.3998830168776371
1 0.5481388557692308 0.44893750632911394 0.5594865801282051 0.44467170042194093 0.5700245032051282 0.43080820675105486 0.5635402564102564 0.4105467721518987 0.5432753782051282 0.4201444556962025 0.533549592948718 0.4254763291139241 0.5359813301282051 0.4425380253164557 0.5481388557692308 0.44893750632911394
1 0.4970746794871795 0.004167497890295359 0.47843173717948717 0.004167497890295359 0.4695157532051282 0.009499371308016879 0.4695157532051282 0.014831248945147679 0.4743780641025641 0.02762867088607595 0.49140023397435895 0.02869473839662447 0.5092322051282051 0.019097054852320675 0.5059906666666667 0.007367236286919831 0.4970746794871795 0.004167497890295359
1 0.38521703525641027 0.16625898312236287 0.3925122532051282 0.1737245316455696 0.40953442307692306 0.17905640928270042 0.42088214743589747 0.1737245316455696 0.42412368589743593 0.1630592447257384 0.4113582275641026 0.13765180168776373 0.3900805128205128 0.14279781012658227 0.384407233974359 0.14706361603375526 0.38521703525641027 0.16625898312236287
1 0.41115519230769226 0.3241691518987342 0.41520770192307693 0.3497624641350211 0.43222987179487177 0.35829408016877634 0.45411435256410254 0.3518945991561181 0.46222053525641027 0.3369650379746835 0.4638413076923077 0.3156375358649789 0.45330455128205127 0.29324396202531644 0.4273663942307692 0.2868444810126582 0.41520770192307693 0.29324396202531644 0.41115519230769226 0.3028416455696203 0.41115519230769226 0.3241691518987342
1 0.33982613782051285 0.03820793670886076 0.3365834294871795 0.06806705907172997 0.34549941666666667 0.07659867510548524 0.36414235576923076 0.07339893248945148 0.37468027884615385 0.06380124894514767 0.3779218205128205 0.04780562025316455 0.36981680128205124 0.030945156118143458 0.3633325544871795 0.028610253164556964 0.34874212499999996 0.029676320675105484 0.33982613782051285 0.03820793670886076
1 0.3714375737179487 0.07659867510548524 0.373058342948718 0.0851287552742616 0.3827852980769231 0.09366037130801687 0.3925122532051282 0.09579404219409283 0.40142823717948717 0.09152823206751055 0.4054807467948718 0.074465 0.3981866987179487 0.06700099156118143 0.384407233974359 0.06913312658227848 0.37873278846153846 0.06913312658227848 0.3754900801282051 0.070199194092827 0.3714375737179487 0.07659867510548524
1 0.35846907692307695 0.2419728523206751 0.373058342948718 0.2601021518987342 0.39089148076923075 0.26330035443037975 0.4030490096153846 0.25477027426160337 0.4046709455128205 0.24730472995780592 0.39413302243589743 0.22491115611814347 0.3738693108974359 0.21211372995780592 0.3609008173076923 0.21637954008438817 0.35603733974358975 0.228109358649789 0.35846907692307695 0.2419728523206751
1 0.2968669775641026 0.2078479240506329 0.3017304551282051 0.22384355274261603 0.3219941666666667 0.23450883966244726 0.3406371057692308 0.23237516877637132 0.3544165705128205 0.2206453459915612 0.35603733974358975 0.19505203797468354 0.34549941666666667 0.17798880590717298 0.31814352243589744 0.16832967510548522 0.3106464423076923 0.17585666666666666 0.306592766025641 0.18118854430379747 0.2968669775641026 0.2078479240506329
1 0.2822765448717949 0.05855386075949367 0.29119253205128204 0.07028367932489452 0.30578296474358974 0.06815154430379747 0.3146989487179487 0.05642018987341772 0.307403733974359 0.03615875105485232 0.28876079487179485 0.0322785105485232 0.2806557756410256 0.03935849367088608 0.27903383974358975 0.048956177215189876 0.2822765448717949 0.05855386075949367
1 0.6624282371794872 0.48732670464135025 0.6745857628205127 0.4937246497890295 0.6972812147435897 0.4777290210970464 0.694850641025641 0.4596012573839663 0.6737759615384615 0.44176382278481013 0.6599965 0.45106964135021094 0.6527012820512821 0.4606673248945148 0.6624282371794872 0.48732670464135025
1 0.7917957980769231 0.5233057341772152 0.7879299871794873 0.5396976793248945 0.7900781794871795 0.5510019957805906 0.8055437564102564 0.5617410168776371 0.8257362884615385 0.5543937510548523 0.8257362884615385 0.5346100464135021 0.805007 0.5162334303797469 0.801247375 0.5176543417721519 0.7995297564102564 0.5199155147679325 0.7917957980769231 0.5233057341772152
1 0.8772917147435897 0.5781329620253165 0.8876020993589743 0.5764370843881856 0.8974830801282051 0.5719162827004219 0.8974830801282051 0.5606104303797469 0.8923278878205128 0.5470449451476793 0.8854539102564102 0.5464811898734178 0.8769684935897436 0.5480480337552742 0.8708471410256411 0.5538284556962025 0.8712765448717948 0.5645674767932489 0.8772917147435897 0.5781329620253165
2 0.7415297564102564 0.5933943248945148 0.7505519262820513 0.5826553037974683 0.7522707115384615 0.5724815738396625 0.7505519262820513 0.5685245274261603 0.7398121346153845 0.5690898185654009 0.7341190192307692 0.5727918691983123 0.7303605608974358 0.5820900126582278 0.7329381570512821 0.5911331561181434 0.7415297564102564 0.5933943248945148
2 0.6873979006410256 0.5973943839662448 0.6783757307692309 0.6007861392405063 0.6753687275641026 0.6115251603375528 0.6852497083333333 0.6120904556962026 0.6951306891025641 0.612655746835443 0.6968494743589744 0.6013514303797468 0.6873979006410256 0.5973943839662448
2 0.7153232211538462 0.5787428016877637 0.7080198365384616 0.5860900717299578 0.7114562435897436 0.5990902616033756 0.7230560096153846 0.5973943839662448 0.7277817980769231 0.5860900717299578 0.7243453910256411 0.5776122194092826 0.7153232211538462 0.5787428016877637
2 0.4291936987179487 0.6266559535864978 0.43134189102564097 0.6368296835443038 0.44122287179487185 0.64643811814346 0.4472380384615384 0.6447422405063291 0.45926721153846156 0.636264388185654 0.4588378076923077 0.6266559535864978 0.45711901923076925 0.6125251772151898 0.4441236858974359 0.6046049367088607 0.4326312724358974 0.6063069578059072 0.4287642948717949 0.6204377341772153 0.4291936987179487 0.6266559535864978
1 0.5116814455128205 0.7900946202531645 0.5151190192307692 0.7657901139240506 0.5026592756410256 0.7590066033755275 0.4871925320512821 0.7612677721518987 0.47602333653846157 0.7720067932489452 0.4790303397435898 0.7912467088607595 0.4859043173076923 0.7968765949367089 0.4970746794871795 0.796311299578059 0.5116814455128205 0.7900946202531645
2 0.42017152884615383 0.8608360632911393 0.42146091025641025 0.868184864978903 0.4317712948717949 0.8738362573839663 0.43606767948717945 0.872705670886076 0.4442310384615385 0.8591401856540084 0.4429416570512821 0.8450109451476794 0.4330606762820513 0.8404886033755274 0.4261866987179487 0.8461399957805907 0.4210315064102564 0.8512276244725738 0.42017152884615383 0.8608360632911393
1 0.44508984935897433 0.9026631012658227 0.448956826923077 0.9179244641350212 0.4545414230769231 0.9213162194092828 0.4717269551282051 0.9201856329113923 0.47860093269230763 0.8947505443037975 0.47473395512820515 0.8772280126582279 0.459159858974359 0.8753769831223629 0.45754959294871794 0.876662717299578 0.4455192532051282 0.8845752784810127 0.44508984935897433 0.9026631012658227
1 0.1365834294871795 0.06020826160337553 0.14242123717948718 0.06711927004219409 0.14708984935897434 0.07018997890295359 0.15759626602564103 0.07018997890295359 0.1675192532051282 0.06711927004219409 0.17452391987179486 0.04792083122362869 0.17394049038461537 0.041777881856540085 0.1634340737179487 0.03025851054852321 0.1488413076923077 0.02996818565400844 0.13483313782051282 0.04408052742616034 0.1354165705128205 0.0540637805907173 0.1365834294871795 0.06020826160337553
1 0.19028354807692308 0.2068801687763713 0.19787164423076925 0.21302311392405063 0.20254142307692308 0.2153272953586498 0.21304783974358976 0.2183995400843882 0.22180280128205127 0.20841628691983122 0.22296966025641027 0.20227334177215192 0.21946791025641027 0.19075397046413503 0.20604317307692308 0.1869152025316456 0.19670361858974358 0.1861471434599156 0.18678179807692308 0.19996916033755274 0.19028354807692308 0.2068801687763713
1 0.2743348878205128 0.24450898734177215 0.26733022115384614 0.24297286497890297 0.25799183333333336 0.2452770464135021 0.24865227564102563 0.25218805485232065 0.24865227564102563 0.2652420126582279 0.2527386217948718 0.28367239240506326 0.2702485416666667 0.28444045147679325 0.27842123717948714 0.26677813502109704 0.27842123717948714 0.25218805485232065 0.2743348878205128 0.24450898734177215
1 0.1319148205128205 0.23068543459915614 0.12841190064102564 0.24757969198312235 0.13016335897435896 0.2567948818565401 0.1365834294871795 0.27292108016877636 0.14708984935897434 0.27368914345991563 0.1546779455128205 0.2706184345991561 0.15934772435897435 0.2652420126582279 0.16284947435897434 0.25218805485232065 0.16284947435897434 0.24143674683544303 0.15248891346153845 0.21918756962025315 0.1453395576923077 0.2214702447257384 0.13891832051282052 0.22377442616033758 0.1319148205128205 0.23068543459915614
1 0.14417152884615383 0.3467025105485232 0.1488413076923077 0.3566857594936709 0.15759626602564103 0.36282870886075946 0.16576779487179488 0.36666900843881856 0.18152741987179488 0.3605245274261603 0.18853208974358976 0.3574538185654008 0.1897001153846154 0.34132762025316454 0.1861971987179487 0.33134437130801686 0.17860910256410256 0.3205930590717299 0.16226604487179488 0.3167527594936709 0.14942473717948718 0.3244333628691983 0.14650641666666667 0.3305763122362869 0.14417152884615383 0.3467025105485232
1 0.09806067628205128 0.6340861687763714 0.1044807467948718 0.6502123670886076 0.11265227564102563 0.6555872573839662 0.1260770128205128 0.6563553164556962 0.14592298717948718 0.6494443080168777 0.1523430576923077 0.6386929957805907 0.14417152884615383 0.6087447805907173 0.12768261217948718 0.5985864135021097 0.11382030448717949 0.5903144008438819 0.10564760897435899 0.6041364177215189 0.09806067628205128 0.6340861687763714
1 0.2410641762820513 0.6617317383966245 0.24515052564102563 0.6471401265822785 0.24573395512820512 0.6317819873417722 0.2375624262820513 0.617191911392405 0.2276394391025641 0.6164238523206751 0.22180280128205127 0.6256390421940928 0.21961376923076925 0.6418097848101265 0.21946791025641027 0.6586594978902954 0.22880746794871795 0.6655705063291139 0.2410641762820513 0.6617317383966245
1 0.13133022115384616 0.7247603206751054 0.13424854166666667 0.7470310042194093 0.14358809935897435 0.7547100717299579 0.16284947435897434 0.7462629409282701 0.17277246153846154 0.7286006244725738 0.16635239102564103 0.7132424852320675 0.15759626602564103 0.7032592362869198 0.14300466666666667 0.706331476793249 0.13366511217948718 0.7155451308016877 0.13133022115384616 0.7247603206751054
1 0.32628354807692306 0.7471508185654009 0.31811201923076926 0.7479188818565401 0.29242940384615385 0.7609743713080168 0.290094516025641 0.7755644514767932 0.2994340737179487 0.7840115780590717 0.3175285865384615 0.7817073966244726 0.32803500641025646 0.7671173206751055 0.32628354807692306 0.7471508185654009
1 0.1044807467948718 0.17852798312236287 0.09572578846153847 0.1892792953586498 0.09572578846153847 0.19772642194092827 0.09747608012820513 0.21385262025316454 0.10856709294871796 0.22153169198312236 0.1295799294871795 0.21078037974683542 0.13716802884615384 0.19311805907172996 0.1319148205128205 0.16777667088607592 0.12257526282051281 0.1644386793248945 0.126661608974359 0.16009760337552742 0.11206884615384616 0.17238503375527425 0.1044807467948718 0.17852798312236287
1 0.04682263782051282 0.40311655274261604 0.04373978846153846 0.4112288101265823 0.04643757371794872 0.4198479831223629 0.054915987179487175 0.42998791983122364 0.06377946474358974 0.42948099578059074 0.07457059615384616 0.42136874261603374 0.07457059615384616 0.40210117721518984 0.06763360576923076 0.3985527383966245 0.061081679487179484 0.3970319789029536 0.0533745608974359 0.3990596582278481 0.04682263782051282 0.40311655274261604
1 0.08588564743589744 0.3137573206751055 0.08882497115384616 0.324806641350211 0.10100466666666667 0.32922759493670883 0.11108401282051282 0.3237021687763713 0.11738389743589743 0.31099383966244726 0.1182228717948718 0.29994298734177216 0.11402333653846153 0.2933130886075949 0.09554492307692308 0.28944513502109703 0.09386464423076922 0.2927600843881857 0.08630455128205128 0.29939151898734173 0.08588564743589744 0.3137573206751055
1 0.40705834294871795 0.6390079029535864 0.39905484294871796 0.6359371983122363 0.3787141185897436 0.6376929831223629 0.37037806410256413 0.649536476793249 0.3713792307692308 0.6666457932489452 0.3763803974358974 0.6723494092827005 0.38805134294871796 0.6758594430379746 0.39738739743589746 0.6679622489451477 0.4047234551282051 0.6534858438818566 0.40705834294871795 0.6390079029535864
2 0.4023897307692308 0.5508299493670886 0.39972228846153846 0.5433736160337553 0.39271995192307696 0.5394242489451477 0.38238273076923074 0.5372306708860759 0.3757141185897436 0.5411800379746835 0.3763803974358974 0.5547793164556962 0.38304900961538463 0.5622371814345992 0.3993885641025641 0.5670621392405064 0.40172228846153846 0.5644307637130802 0.4023897307692308 0.5587271476793249 0.4023897307692308 0.5508299493670886
2 0.2235904326923077 0.8437789746835443 0.22722520512820515 0.8431814261603375 0.23631505128205127 0.8413872362869198 0.24085881089743588 0.8312242573839662 0.23813302243589746 0.8186680042194092 0.23631505128205127 0.8150811645569621 0.22268144551282054 0.8182778312236287 0.21268378205128202 0.8282349662447257 0.2131376891025641 0.8395945822784809 0.2235904326923077 0.8437789746835443
1 0.15905834294871793 0.8431814261603375 0.16451108653846153 0.8563352278481012 0.17496382692307694 0.8611187088607596 0.1876884487179487 0.8467682658227847 0.18996032692307693 0.8372028438818566 0.18359859935897438 0.8234514852320676 0.178599766025641 0.821059746835443 0.1654200705128205 0.8222548481012659 0.15996732692307694 0.8324193628691983 0.15905834294871793 0.8431814261603375
2 0.10952275320512819 0.9233930548523207 0.10997783012820513 0.9323609282700421 0.11406767948717948 0.9323609282700421 0.1258833141025641 0.9317633797468354 0.12542823717948717 0.9204037637130802 0.11986114423076923 0.9095126666666667 0.1199754967948718 0.909042611814346 0.11315869230769231 0.916217835443038 0.10952275320512819 0.9233930548523207
1 0.36219486538461537 0.8788808776371309 0.366596266025641 0.8878902278481012 0.37637923076923074 0.8891774978902953 0.3954550769230769 0.8808117805907172 0.3954550769230769 0.8647239873417721 0.3910525096153846 0.8505670928270043 0.38127071153846154 0.8383411054852321 0.3651295224358974 0.8563582700421941 0.36268378205128204 0.8627930801687763 0.36219486538461537 0.8788808776371309
2 0.3108821474358975 0.49759413924050633 0.30134422435897434 0.5091764894514769 0.30134422435897434 0.5226882109704641 0.3079474903846154 0.5333058818565402 0.3182182019230769 0.5371661518987342 0.32555425961538464 0.5371661518987342 0.3358261378205128 0.5294456075949368 0.3356429391025641 0.5084990632911393 0.34022753846153847 0.5024190970464135 0.32115285897435897 0.4966279198312236 0.3108821474358975 0.49759413924050633