1 0.1891025641025641 0.7389705882352942 0.1987179487179487 0.75 0.1987179487179487 0.7536764705882353 0.20192307692307693 0.7573529411764706 0.20192307692307693 0.7830882352941176 0.19230769230769232 0.7941176470588235 0.16666666666666666 0.7941176470588235 0.16346153846153846 0.7904411764705882 0.16025641025641027 0.7904411764705882 0.15384615384615385 0.7794117647058824 0.15384615384615385 0.7610294117647058 0.16025641025641027 0.7536764705882353 0.16025641025641027 0.7426470588235294 0.16666666666666666 0.7352941176470589 0.18269230769230768 0.7352941176470589 0.1858974358974359 0.7389705882352942
1 0.75 0.5698529411764706 0.7467948717948718 0.5588235294117647 0.7532051282051282 0.5477941176470589 0.7532051282051282 0.5367647058823529 0.7596153846153846 0.5294117647058824 0.7692307692307693 0.5294117647058824 0.7756410256410257 0.5367647058823529 0.7756410256410257 0.5661764705882353 0.7660256410256411 0.5735294117647058 0.7564102564102564 0.5735294117647058 0.7532051282051282 0.5698529411764706
1 0.25961538461538464 0.5808823529411765 0.25961538461538464 0.5845588235294118 0.266025641025641 0.5955882352941176 0.26282051282051283 0.6139705882352942 0.25961538461538464 0.6139705882352942 0.24358974358974358 0.625 0.23076923076923078 0.625 0.22756410256410256 0.6213235294117647 0.22435897435897437 0.6213235294117647 0.22435897435897437 0.6102941176470589 0.22115384615384615 0.6066176470588235 0.22115384615384615 0.6029411764705882 0.2403846153846154 0.5845588235294118 0.24358974358974358 0.5845588235294118 0.2467948717948718 0.5808823529411765 0.2564102564102564 0.5808823529411765
1 0.3269230769230769 0.31985294117647056 0.3301282051282051 0.3235294117647059 0.33653846153846156 0.3235294117647059 0.34294871794871795 0.33455882352941174 0.34294871794871795 0.34558823529411764 0.3333333333333333 0.3602941176470588 0.32371794871794873 0.3602941176470588 0.32051282051282054 0.35661764705882354 0.3173076923076923 0.35661764705882354 0.3108974358974359 0.34558823529411764 0.3108974358974359 0.3272058823529412 0.3141025641025641 0.3235294117647059 0.32371794871794873 0.31985294117647056
1 0.7151799687010955 0.2773405136702568 0.04381846635367762 0.048467274233637114
1 0.9391025641025641 0.44485294117647056 0.9423076923076923 0.4264705882352941 0.9487179487179487 0.41544117647058826 0.9583333333333334 0.41544117647058826 0.9647435897435898 0.4227941176470588 0.9647435897435898 0.4338235294117647 0.9583333333333334 0.44485294117647056 0.9423076923076923 0.44485294117647056
2 0.4198717948717949 0.6617647058823529 0.42628205128205127 0.6617647058823529 0.42948717948717946 0.6580882352941176 0.4326923076923077 0.6580882352941176 0.4423076923076923 0.6654411764705882 0.4423076923076923 0.6764705882352942 0.4391025641025641 0.6801470588235294 0.4230769230769231 0.6801470588235294 0.4198717948717949 0.6764705882352942 0.4198717948717949 0.6654411764705882
2 0.1987179487179487 0.5735294117647058 0.21153846153846154 0.5735294117647058 0.21153846153846154 0.5808823529411765 0.20833333333333334 0.5845588235294118 0.1987179487179487 0.5845588235294118 0.1987179487179487 0.5772058823529411
2 0.3717948717948718 0.5625 0.375 0.5661764705882353 0.3814102564102564 0.5661764705882353 0.3814102564102564 0.5808823529411765 0.3782051282051282 0.5845588235294118 0.36538461538461536 0.5845588235294118 0.36217948717948717 0.5808823529411765 0.358974358974359 0.5698529411764706 0.36538461538461536 0.5625 0.3685897435897436 0.5625
2 0.5876369327073553 0.5187793427230047 0.010954616588419406 0.01795084230875449
2 0.556338028169014 0.5169842584921293 0.014084507042253521 0.01795084230875449
2 0.6891025641025641 0.4338235294117647 0.6891025641025641 0.4375 0.6794871794871795 0.44485294117647056 0.6762820512820513 0.44485294117647056 0.6730769230769231 0.4411764705882353 0.6730769230769231 0.4375 0.6762820512820513 0.4338235294117647 0.6858974358974359 0.4338235294117647
2 0.7644757433489827 0.4712096106048053 0.010954616588419406 0.012565589616128142
2 0.7884615384615384 0.48161764705882354 0.7948717948717948 0.4889705882352941 0.7948717948717948 0.5 0.7852564102564102 0.5 0.7852564102564102 0.4852941176470588
2 0.7746478873239436 0.49364816349074836 0.012519561815336464 0.01436067384700359
2 0.7756410256410257 0.5183823529411765 0.7756410256410257 0.5110294117647058 0.7788461538461539 0.5073529411764706 0.782051282051282 0.5073529411764706 0.7852564102564102 0.5110294117647058 0.7852564102564102 0.5183823529411765 0.7788461538461539 0.5183823529411765
2 0.8176838810641628 0.4882629107981221 0.010954616588419406 0.010770505385252692
2 0.7756410256410257 0.40808823529411764 0.782051282051282 0.40808823529411764 0.7852564102564102 0.4117647058823529 0.7852564102564102 0.41911764705882354 0.7788461538461539 0.41911764705882354 0.7756410256410257 0.41544117647058826 0.7756410256410257 0.4117647058823529
2 0.8782051282051282 0.5588235294117647 0.8814102564102564 0.5588235294117647 0.8846153846153846 0.5625 0.8846153846153846 0.5735294117647058 0.8782051282051282 0.5735294117647058 0.8782051282051282 0.5625
2 0.8622848200312989 0.5636564484948909 0.012519561815336464 0.01436067384700359
2 0.6891025641025641 0.6397058823529411 0.6923076923076923 0.6433823529411765 0.6923076923076923 0.6507352941176471 0.6891025641025641 0.6544117647058824 0.6794871794871795 0.6507352941176471 0.6794871794871795 0.6470588235294118 0.6826923076923077 0.6433823529411765 0.6858974358974359 0.6433823529411765
2 0.6314102564102564 0.7095588235294118 0.6314102564102564 0.7132352941176471 0.6346153846153846 0.7169117647058824 0.6314102564102564 0.7205882352941176 0.625 0.7205882352941176 0.6217948717948718 0.7169117647058824 0.6217948717948718 0.7132352941176471 0.625 0.7095588235294118 0.6282051282051282 0.7095588235294118
2 0.4812206572769953 0.6462303231151615 0.01721439749608764 0.021541010770505385
2 0.28205128205128205 0.6102941176470589 0.28525641025641024 0.6139705882352942 0.28846153846153844 0.625 0.28525641025641024 0.6286764705882353 0.28205128205128205 0.6286764705882353 0.27884615384615385 0.625 0.27884615384615385 0.6139705882352942
2 0.30448717948717946 0.5955882352941176 0.3141025641025641 0.6029411764705882 0.3108974358974359 0.6066176470588235 0.30128205128205127 0.6066176470588235 0.30128205128205127 0.5992647058823529
2 0.10641627543035999 0.5044186688760011 0.01564945226917058 0.01795084230875449
2 0.1705790297339594 0.3985086992543496 0.012519561815336464 0.01436067384700359
2 0.19230769230769232 0.39338235294117646 0.20192307692307693 0.39338235294117646 0.20512820512820512 0.39705882352941174 0.1987179487179487 0.40441176470588236 0.19230769230769232 0.40441176470588236 0.19230769230769232 0.39705882352941174
2 0.1858974358974359 0.3088235294117647 0.1891025641025641 0.3125 0.19230769230769232 0.3125 0.19230769230769232 0.31985294117647056 0.1891025641025641 0.3235294117647059 0.1794871794871795 0.3235294117647059 0.1794871794871795 0.3161764705882353 0.18269230769230768 0.3125
2 0.05448717948717949 0.2536764705882353 0.057692307692307696 0.2536764705882353 0.060897435897435896 0.25 0.0641025641025641 0.25 0.0673076923076923 0.2536764705882353 0.0673076923076923 0.25735294117647056 0.060897435897435896 0.2647058823529412 0.05448717948717949 0.2647058823529412 0.05128205128205128 0.2610294117647059 0.05448717948717949 0.25735294117647056
2 0.0766823161189358 0.1732256282794808 0.012519561815336464 0.01615575807787904
2 0.12363067292644758 0.22259044462855565 0.012519561815336464 0.01795084230875449
2 0.09937402190923322 0.2234879867439934 0.014084507042253521 0.012565589616128142
2 0.2550860719874804 0.40209886771610054 0.012519561815336464 0.01795084230875449
2 0.15064102564102563 0.45955882352941174 0.15064102564102563 0.4632352941176471 0.14743589743589744 0.46691176470588236 0.14743589743589744 0.4742647058823529 0.14423076923076922 0.47794117647058826 0.14102564102564102 0.47794117647058826 0.13782051282051283 0.46691176470588236 0.14423076923076922 0.45955882352941174 0.14743589743589744 0.45955882352941174
2 0.08653846153846154 0.6176470588235294 0.08653846153846154 0.6102941176470589 0.08974358974358974 0.6066176470588235 0.09935897435897435 0.6066176470588235 0.09935897435897435 0.6139705882352942 0.09615384615384616 0.6176470588235294 0.08974358974358974 0.6176470588235294
2 0.07692307692307693 0.6213235294117647 0.08333333333333333 0.6213235294117647 0.08653846153846154 0.625 0.08653846153846154 0.6286764705882353 0.08333333333333333 0.6323529411764706 0.07692307692307693 0.6323529411764706 0.07692307692307693 0.625
2 0.14102564102564102 0.7058823529411765 0.14423076923076922 0.7095588235294118 0.14423076923076922 0.7132352941176471 0.14102564102564102 0.7169117647058824 0.13141025641025642 0.7169117647058824 0.13141025641025642 0.7095588235294118 0.1346153846153846 0.7058823529411765 0.13782051282051283 0.7058823529411765
2 0.125 0.6838235294117647 0.13141025641025642 0.6838235294117647 0.13141025641025642 0.6948529411764706 0.125 0.6948529411764706 0.125 0.6875
2 0.3599374021909233 0.7979149406241369 0.01564945226917058 0.01615575807787904
1 0.3325508607198748 0.7889395194697597 0.03599374021909233 0.026926263463131733
1 0.5062597809076682 0.8912593206296604 0.029733959311424103 0.048467274233637114
2 0.4898278560250391 0.8706158519745927 0.012519561815336464 0.01436067384700359
2 0.4583333333333333 0.8419117647058824 0.4583333333333333 0.8566176470588235 0.44551282051282054 0.8566176470588235 0.44551282051282054 0.8419117647058824 0.44871794871794873 0.8382352941176471 0.4519230769230769 0.8382352941176471 0.4551282051282051 0.8419117647058824
2 0.12597809076682318 0.5905827119580226 0.01721439749608764 0.021541010770505385
1 0.125 0.6102941176470589 0.1346153846153846 0.6102941176470589 0.14102564102564102 0.6176470588235294 0.14102564102564102 0.625 0.14423076923076922 0.6286764705882353 0.14423076923076922 0.6360294117647058 0.13782051282051283 0.6470588235294118 0.1346153846153846 0.6470588235294118 0.13141025641025642 0.6507352941176471 0.12179487179487179 0.6470588235294118 0.11858974358974358 0.6433823529411765 0.11858974358974358 0.6213235294117647 0.125 0.6139705882352942
2 0.18075117370892022 0.5807097486882077 0.010954616588419406 0.01974592653962994
2 0.1858974358974359 0.5992647058823529 0.1891025641025641 0.6029411764705882 0.1891025641025641 0.6102941176470589 0.1794871794871795 0.6102941176470589 0.1762820512820513 0.6066176470588235 0.1762820512820513 0.5992647058823529 0.18269230769230768 0.5992647058823529
2 0.14866979655712043 0.42992267329467 0.01564945226917058 0.01615575807787904
2 0.4775641025641026 0.45588235294117646 0.47115384615384615 0.4485294117647059 0.47115384615384615 0.4411764705882353 0.47435897435897434 0.4375 0.4775641025641026 0.4375 0.4807692307692308 0.4411764705882353 0.4807692307692308 0.4522058823529412
2 0.5128205128205128 0.40441176470588236 0.5192307692307693 0.40441176470588236 0.5256410256410257 0.4117647058823529 0.5224358974358975 0.41544117647058826 0.5160256410256411 0.41544117647058826 0.5128205128205128 0.4117647058823529 0.5128205128205128 0.40808823529411764
2 0.5156494522691706 0.3661971830985915 0.014084507042253521 0.01795084230875449
2 0.4569640062597809 0.3302954984810826 0.012519561815336464 0.01436067384700359
2 0.5064102564102564 0.29044117647058826 0.5096153846153846 0.29411764705882354 0.5096153846153846 0.30514705882352944 0.5 0.30514705882352944 0.4935897435897436 0.2977941176470588 0.4935897435897436 0.29411764705882354 0.5032051282051282 0.29044117647058826
2 0.3974960876369327 0.2647749240541287 0.012519561815336464 0.01974592653962994
2 0.3717948717948718 0.2867647058823529 0.3782051282051282 0.29411764705882354 0.3782051282051282 0.30514705882352944 0.375 0.3088235294117647 0.3685897435897436 0.3088235294117647 0.36217948717948717 0.3014705882352941 0.36217948717948717 0.29044117647058826 0.36538461538461536 0.2867647058823529 0.3685897435897436 0.2867647058823529
2 0.33974358974358976 0.21691176470588236 0.34294871794871795 0.22058823529411764 0.34294871794871795 0.22794117647058823 0.3333333333333333 0.22794117647058823 0.3301282051282051 0.22426470588235295 0.3301282051282051 0.22058823529411764 0.3333333333333333 0.21691176470588236 0.33653846153846156 0.21691176470588236
2 0.32051282051282054 0.23529411764705882 0.32371794871794873 0.23897058823529413 0.32371794871794873 0.25 0.3141025641025641 0.25 0.3141025641025641 0.23897058823529413 0.3173076923076923 0.23897058823529413
2 0.3141025641025641 0.21691176470588236 0.32371794871794873 0.21691176470588236 0.3269230769230769 0.22058823529411764 0.3269230769230769 0.22794117647058823 0.32371794871794873 0.23161764705882354 0.3173076923076923 0.23161764705882354 0.3141025641025641 0.22058823529411764
2 0.32051282051282054 0.27205882352941174 0.32051282051282054 0.26838235294117646 0.3173076923076923 0.2647058823529412 0.32051282051282054 0.2610294117647059 0.3301282051282051 0.2610294117647059 0.3333333333333333 0.2647058823529412 0.3301282051282051 0.26838235294117646 0.3301282051282051 0.27205882352941174 0.32371794871794873 0.27205882352941174
2 0.17307692307692307 0.25 0.17307692307692307 0.24632352941176472 0.16987179487179488 0.2426470588235294 0.16987179487179488 0.23529411764705882 0.1762820512820513 0.23529411764705882 0.18269230769230768 0.2426470588235294 0.18269230769230768 0.25 0.1762820512820513 0.25
2 0.35680751173708924 0.6749516708091687 0.01564945226917058 0.01436067384700359
2 0.46478873239436613 0.5968655067660867 0.012519561815336464 0.01974592653962994
2 0.4444444444444444 0.4918530792598729 0.012519561815336464 0.01795084230875449
2 0.4519230769230769 0.39338235294117646 0.4551282051282051 0.39705882352941174 0.4551282051282051 0.4117647058823529 0.4519230769230769 0.41544117647058826 0.44871794871794873 0.4117647058823529 0.44871794871794873 0.39705882352941174
2 0.46794871794871795 0.39705882352941174 0.4775641025641026 0.39705882352941174 0.4807692307692308 0.4007352941176471 0.4807692307692308 0.40441176470588236 0.4775641025641026 0.40808823529411764 0.46794871794871795 0.40808823529411764 0.46794871794871795 0.4007352941176471
2 0.40705128205128205 0.3897058823529412 0.41346153846153844 0.4007352941176471 0.41346153846153844 0.40441176470588236 0.41025641025641024 0.40808823529411764 0.40064102564102566 0.40808823529411764 0.3974358974358974 0.40441176470588236 0.3974358974358974 0.39338235294117646 0.40064102564102566 0.3897058823529412 0.40384615384615385 0.3897058823529412
2 0.41471048513302033 0.4272300469483568 0.009389671361502348 0.010770505385252692
2 0.3717948717948718 0.34191176470588236 0.375 0.34558823529411764 0.3782051282051282 0.34558823529411764 0.3782051282051282 0.35294117647058826 0.375 0.35294117647058826 0.3717948717948718 0.35661764705882354 0.3685897435897436 0.35294117647058826 0.3685897435897436 0.34558823529411764
1 0.40375586854460094 0.2925987296326982 0.02190923317683881 0.03231151615575808
1 0.28205128205128205 0.1801470588235294 0.28205128205128205 0.18382352941176472 0.28846153846153844 0.1948529411764706 0.28846153846153844 0.19852941176470587 0.28205128205128205 0.20955882352941177 0.2692307692307692 0.20955882352941177 0.266025641025641 0.20588235294117646 0.266025641025641 0.1948529411764706 0.26282051282051283 0.19117647058823528 0.26282051282051283 0.1801470588235294 0.266025641025641 0.17647058823529413 0.27564102564102566 0.17647058823529413 0.27884615384615385 0.1801470588235294
1 0.121283255086072 0.10860259596796465 0.03286384976525822 0.04128693731013532
2 0.7895148669796557 0.12924606462303231 0.010954616588419406 0.01795084230875449
1 0.4775641025641026 0.5 0.483974358974359 0.5073529411764706 0.483974358974359 0.5294117647058824 0.4807692307692308 0.5330882352941176 0.46474358974358976 0.5330882352941176 0.4583333333333333 0.5220588235294118 0.4583333333333333 0.5073529411764706 0.46474358974358976 0.5 0.47435897435897434 0.5
2 0.5224358974358975 0.5441176470588235 0.5224358974358975 0.5477941176470589 0.5256410256410257 0.5514705882352942 0.5256410256410257 0.5625 0.5128205128205128 0.5625 0.5128205128205128 0.5477941176470589 0.5160256410256411 0.5441176470588235 0.5192307692307693 0.5441176470588235
2 0.18075117370892022 0.4254349627174814 0.014084507042253521 0.01795084230875449
2 0.842948717948718 0.7610294117647058 0.8493589743589743 0.7720588235294118 0.8493589743589743 0.7757352941176471 0.8461538461538461 0.7794117647058824 0.8365384615384616 0.7794117647058824 0.8333333333333334 0.7757352941176471 0.8333333333333334 0.7647058823529411 0.8365384615384616 0.7610294117647058 0.8397435897435898 0.7610294117647058
2 0.7621283255086072 0.693800055233361 0.018779342723004695 0.023336095001380834
2 0.9198717948717948 0.9227941176470589 0.9134615384615384 0.9154411764705882 0.9134615384615384 0.9117647058823529 0.9198717948717948 0.9044117647058824 0.9262820512820513 0.9117647058823529 0.9262820512820513 0.9191176470588235 0.9230769230769231 0.9191176470588235
2 0.9262820512820513 0.9522058823529411 0.9262820512820513 0.9558823529411765 0.9294871794871795 0.9595588235294118 0.9262820512820513 0.9632352941176471 0.9262820512820513 0.9669117647058824 0.9198717948717948 0.9669117647058824 0.9166666666666666 0.9632352941176471 0.9166666666666666 0.9522058823529411 0.9198717948717948 0.9485294117647058 0.9230769230769231 0.9522058823529411
2 0.7756410256410257 0.5845588235294118 0.782051282051282 0.5845588235294118 0.7852564102564102 0.5882352941176471 0.7852564102564102 0.5955882352941176 0.7884615384615384 0.5992647058823529 0.7884615384615384 0.6029411764705882 0.7852564102564102 0.6066176470588235 0.7788461538461539 0.6066176470588235 0.7724358974358975 0.5992647058823529 0.7756410256410257 0.5882352941176471
2 0.7628205128205128 0.5808823529411765 0.7628205128205128 0.5845588235294118 0.7660256410256411 0.5882352941176471 0.7596153846153846 0.5955882352941176 0.75 0.5955882352941176 0.75 0.5919117647058824 0.7467948717948718 0.5882352941176471 0.7467948717948718 0.5845588235294118 0.75 0.5808823529411765 0.7596153846153846 0.5808823529411765
2 0.860719874804382 0.5295498481082574 0.012519561815336464 0.01436067384700359
2 0.8826291079812207 0.5439105219552609 0.012519561815336464 0.01436067384700359
2 0.8205128205128205 0.5808823529411765 0.8237179487179487 0.5845588235294118 0.8237179487179487 0.5955882352941176 0.8141025641025641 0.5955882352941176 0.8108974358974359 0.5919117647058824 0.8108974358974359 0.5845588235294118 0.8141025641025641 0.5808823529411765 0.8173076923076923 0.5808823529411765
2 0.782051282051282 0.3713235294117647 0.7852564102564102 0.375 0.7852564102564102 0.38235294117647056 0.7756410256410257 0.38235294117647056 0.7724358974358975 0.3786764705882353 0.7724358974358975 0.375 0.7756410256410257 0.3713235294117647 0.7788461538461539 0.3713235294117647
2 0.7852564102564102 0.2647058823529412 0.7852564102564102 0.27941176470588236 0.782051282051282 0.28308823529411764 0.7788461538461539 0.28308823529411764 0.7756410256410257 0.27941176470588236 0.7756410256410257 0.26838235294117646 0.7788461538461539 0.2647058823529412 0.782051282051282 0.2647058823529412
2 0.6730769230769231 0.39338235294117646 0.6826923076923077 0.39338235294117646 0.6826923076923077 0.4007352941176471 0.6730769230769231 0.4007352941176471 0.6730769230769231 0.39705882352941174
2 0.7018779342723005 0.40030378348522505 0.014084507042253521 0.01436067384700359
1 0.1891025641025641 0.5 0.19230769230769232 0.5036764705882353 0.19230769230769232 0.5257352941176471 0.1891025641025641 0.5257352941176471 0.18269230769230768 0.5330882352941176 0.1794871794871795 0.5330882352941176 0.17307692307692307 0.5220588235294118 0.17307692307692307 0.5036764705882353 0.1762820512820513 0.5 0.1858974358974359 0.5
2 0.21474358974358973 0.5514705882352942 0.22435897435897437 0.5514705882352942 0.22435897435897437 0.5661764705882353 0.21474358974358973 0.5661764705882353 0.21153846153846154 0.5625 0.21153846153846154 0.5588235294117647 0.21474358974358973 0.5551470588235294
2 0.2564102564102564 0.7279411764705882 0.25961538461538464 0.7316176470588235 0.25961538461538464 0.7389705882352942 0.2564102564102564 0.7389705882352942 0.2532051282051282 0.7426470588235294 0.2467948717948718 0.7352941176470589 0.2467948717948718 0.7316176470588235 0.25 0.7279411764705882 0.2532051282051282 0.7279411764705882
2 0.27564102564102566 0.6433823529411765 0.28205128205128205 0.6433823529411765 0.28525641025641024 0.6470588235294118 0.28525641025641024 0.6507352941176471 0.28205128205128205 0.6544117647058824 0.27564102564102566 0.6544117647058824 0.27564102564102566 0.6470588235294118
2 0.2948717948717949 0.6470588235294118 0.30448717948717946 0.6470588235294118 0.3076923076923077 0.6507352941176471 0.3076923076923077 0.6580882352941176 0.2948717948717949 0.6580882352941176 0.2948717948717949 0.6507352941176471
2 0.4749608763693271 0.739574703120685 0.014084507042253521 0.021541010770505385
2 0.3974960876369327 0.8015051090858879 0.012519561815336464 0.01615575807787904
2 0.5978090766823161 0.7817591825462579 0.012519561815336464 0.01615575807787904
2 0.5865384615384616 0.7941176470588235 0.5897435897435898 0.7977941176470589 0.592948717948718 0.7977941176470589 0.592948717948718 0.8051470588235294 0.5897435897435898 0.8088235294117647 0.5833333333333334 0.8088235294117647 0.5801282051282052 0.8051470588235294 0.5801282051282052 0.7977941176470589 0.5833333333333334 0.7977941176470589
2 0.6142410015649452 0.8077879038939519 0.014084507042253521 0.01795084230875449
2 0.5224358974358975 0.7169117647058824 0.5256410256410257 0.7205882352941176 0.5256410256410257 0.7316176470588235 0.5224358974358975 0.7352941176470589 0.5128205128205128 0.7352941176470589 0.5064102564102564 0.7279411764705882 0.5064102564102564 0.7205882352941176 0.5096153846153846 0.7169117647058824 0.5192307692307693 0.7169117647058824
2 0.5480769230769231 0.3235294117647059 0.5576923076923077 0.3235294117647059 0.5608974358974359 0.3272058823529412 0.5608974358974359 0.33088235294117646 0.5576923076923077 0.33455882352941174 0.5480769230769231 0.33088235294117646 0.5480769230769231 0.3272058823529412
2 0.9006259780907667 0.6632836233084783 0.02034428794992175 0.023336095001380834
2 0.8910256410256411 0.4227941176470588 0.8974358974358975 0.43014705882352944 0.8974358974358975 0.4375 0.8942307692307693 0.4411764705882353 0.8878205128205128 0.4411764705882353 0.8846153846153846 0.4375 0.8814102564102564 0.4375 0.8814102564102564 0.4264705882352941 0.8846153846153846 0.4227941176470588 0.8878205128205128 0.4227941176470588
2 0.8717948717948718 0.4007352941176471 0.875 0.40441176470588236 0.875 0.41544117647058826 0.8653846153846154 0.41544117647058826 0.8653846153846154 0.4117647058823529 0.8621794871794872 0.40808823529411764 0.8621794871794872 0.4007352941176471 0.8685897435897436 0.4007352941176471
2 0.782051282051282 0.3125 0.7884615384615384 0.31985294117647056 0.7884615384615384 0.3272058823529412 0.7852564102564102 0.33088235294117646 0.7724358974358975 0.33088235294117646 0.7724358974358975 0.3161764705882353 0.7756410256410257 0.3125 0.7788461538461539 0.3125
2 0.4775641025641026 0.1875 0.483974358974359 0.1875 0.48717948717948717 0.19117647058823528 0.48717948717948717 0.20588235294117646 0.4807692307692308 0.21323529411764705 0.4775641025641026 0.21323529411764705 0.47435897435897434 0.20955882352941177 0.47435897435897434 0.1948529411764706 0.4775641025641026 0.19117647058823528
1 0.3942307692307692 0.8161764705882353 0.40064102564102566 0.8235294117647058 0.40064102564102566 0.8345588235294118 0.3974358974358974 0.8382352941176471 0.3974358974358974 0.8455882352941176 0.3942307692307692 0.8492647058823529 0.38461538461538464 0.8492647058823529 0.3814102564102564 0.8455882352941176 0.3814102564102564 0.8198529411764706 0.38782051282051283 0.8125 0.391025641025641 0.8161764705882353
1 0.20512820512820512 0.6801470588235294 0.22115384615384615 0.6801470588235294 0.23076923076923078 0.6948529411764706 0.23076923076923078 0.7095588235294118 0.22115384615384615 0.7205882352941176 0.21474358974358973 0.7205882352941176 0.20192307692307693 0.7022058823529411 0.20512820512820512 0.6838235294117647
2 0.25961538461538464 0.46691176470588236 0.266025641025641 0.46691176470588236 0.2692307692307692 0.47058823529411764 0.2692307692307692 0.4889705882352941 0.25961538461538464 0.5 0.2564102564102564 0.5 0.2532051282051282 0.4963235294117647 0.2532051282051282 0.4889705882352941 0.25961538461538464 0.47794117647058826 0.25961538461538464 0.47058823529411764
2 0.1987179487179487 0.41911764705882354 0.1987179487179487 0.4375 0.1891025641025641 0.4375 0.1891025641025641 0.4338235294117647 0.1858974358974359 0.43014705882352944 0.1858974358974359 0.4264705882352941 0.19230769230769232 0.41911764705882354 0.1955128205128205 0.41911764705882354
2 0.4391025641025641 0.5 0.4391025641025641 0.5073529411764706 0.4358974358974359 0.5110294117647058 0.4326923076923077 0.5073529411764706 0.42628205128205127 0.5073529411764706 0.4198717948717949 0.5 0.4198717948717949 0.4889705882352941 0.4230769230769231 0.4852941176470588 0.4326923076923077 0.4852941176470588 0.4326923076923077 0.4963235294117647 0.4358974358974359 0.5
2 0.8269230769230769 0.8419117647058824 0.8301282051282052 0.8455882352941176 0.8301282051282052 0.8529411764705882 0.8205128205128205 0.8529411764705882 0.8173076923076923 0.8492647058823529 0.8173076923076923 0.8419117647058824 0.8237179487179487 0.8419117647058824
2 0.8814102564102564 0.4963235294117647 0.8878205128205128 0.5036764705882353 0.8846153846153846 0.5073529411764706 0.875 0.5073529411764706 0.8717948717948718 0.5036764705882353 0.8717948717948718 0.5 0.875 0.4963235294117647 0.8782051282051282 0.4963235294117647
2 0.8910256410256411 0.4522058823529412 0.9038461538461539 0.4522058823529412 0.9038461538461539 0.4632352941176471 0.8910256410256411 0.4632352941176471 0.8910256410256411 0.45588235294117646
2 0.956964006259781 0.5367301850317592 0.010954616588419406 0.01436067384700359
2 0.9655712050078248 0.5816072908036454 0.02190923317683881 0.021541010770505385
2 0.9295774647887323 0.5475006904170119 0.012519561815336464 0.01436067384700359
1 0.9358974358974359 0.4742647058823529 0.9358974358974359 0.49264705882352944 0.9262820512820513 0.5 0.9198717948717948 0.5 0.9134615384615384 0.49264705882352944 0.9134615384615384 0.47794117647058826 0.9198717948717948 0.47794117647058826 0.9230769230769231 0.4742647058823529 0.9326923076923077 0.4742647058823529
2 0.22691705790297342 0.35991438829052746 0.018779342723004695 0.023336095001380834
2 0.22756410256410256 0.33455882352941174 0.2403846153846154 0.33455882352941174 0.24358974358974358 0.3382352941176471 0.24358974358974358 0.34191176470588236 0.2403846153846154 0.34558823529411764 0.23076923076923078 0.34558823529411764 0.22756410256410256 0.34191176470588236 0.22756410256410256 0.3382352941176471
2 0.21153846153846154 0.30514705882352944 0.21794871794871795 0.30514705882352944 0.22115384615384615 0.3088235294117647 0.22435897435897437 0.3088235294117647 0.22435897435897437 0.3161764705882353 0.22115384615384615 0.3161764705882353 0.21794871794871795 0.31985294117647056 0.21474358974358973 0.3161764705882353 0.21153846153846154 0.3161764705882353 0.21153846153846154 0.3088235294117647
2 0.48717948717948717 0.7941176470588235 0.48717948717948717 0.8051470588235294 0.4775641025641026 0.8051470588235294 0.4775641025641026 0.7977941176470589 0.4807692307692308 0.7941176470588235 0.483974358974359 0.7941176470588235
2 0.1955128205128205 0.8125 0.1955128205128205 0.8198529411764706 0.19230769230769232 0.8198529411764706 0.1891025641025641 0.8161764705882353 0.18269230769230768 0.8161764705882353 0.18269230769230768 0.8125 0.1858974358974359 0.8088235294117647 0.1891025641025641 0.8088235294117647 0.19230769230769232 0.8125
2 0.08998435054773087 0.5771195802264568 0.014084507042253521 0.012565589616128142
1 0.41346153846153844 0.4375 0.4198717948717949 0.44485294117647056 0.4230769230769231 0.44485294117647056 0.4230769230769231 0.4485294117647059 0.42628205128205127 0.4522058823529412 0.42628205128205127 0.45955882352941174 0.4166666666666667 0.47794117647058826 0.40384615384615385 0.47794117647058826 0.3974358974358974 0.46691176470588236 0.3974358974358974 0.4522058823529412 0.40064102564102566 0.4485294117647059 0.40064102564102566 0.44485294117647056 0.40705128205128205 0.4375 0.41025641025641024 0.4375
2 0.7307692307692307 0.4742647058823529 0.7339743589743589 0.4742647058823529 0.7403846153846154 0.4852941176470588 0.7403846153846154 0.4963235294117647 0.7371794871794872 0.5 0.7339743589743589 0.5 0.7307692307692307 0.4963235294117647 0.7307692307692307 0.47794117647058826
2 0.7532051282051282 0.4375 0.7564102564102564 0.4411764705882353 0.7564102564102564 0.4485294117647059 0.75 0.45588235294117646 0.75 0.45955882352941174 0.7371794871794872 0.45955882352941174 0.7339743589743589 0.45588235294117646 0.7339743589743589 0.44485294117647056 0.75 0.4375
2 0.6634615384615384 0.17647058823529413 0.6666666666666666 0.1801470588235294 0.6698717948717948 0.1801470588235294 0.6698717948717948 0.19852941176470587 0.657051282051282 0.19852941176470587 0.6538461538461539 0.1948529411764706 0.6538461538461539 0.18382352941176472 0.657051282051282 0.1801470588235294 0.6602564102564102 0.1801470588235294
2 0.3076923076923077 0.15441176470588236 0.3076923076923077 0.15808823529411764 0.3108974358974359 0.16176470588235295 0.3108974358974359 0.16911764705882354 0.3076923076923077 0.16911764705882354 0.30448717948717946 0.17279411764705882 0.2980769230769231 0.16176470588235295 0.2980769230769231 0.15808823529411764 0.30128205128205127 0.15441176470588236 0.30448717948717946 0.15441176470588236
2 0.22756410256410256 0.15073529411764705 0.23076923076923078 0.15073529411764705 0.23397435897435898 0.14705882352941177 0.24358974358974358 0.14705882352941177 0.24358974358974358 0.15808823529411764 0.2403846153846154 0.16176470588235295 0.23076923076923078 0.16176470588235295 0.22756410256410256 0.15808823529411764 0.22756410256410256 0.15441176470588236
2 0.22435897435897437 0.17279411764705882 0.22756410256410256 0.17647058823529413 0.23076923076923078 0.17647058823529413 0.23076923076923078 0.19117647058823528 0.22435897435897437 0.19117647058823528 0.21474358974358973 0.1801470588235294 0.21474358974358973 0.17279411764705882 0.22115384615384615 0.17279411764705882
1 0.038461538461538464 0.26838235294117646 0.04487179487179487 0.2757352941176471 0.04487179487179487 0.29044117647058826 0.04807692307692308 0.29411764705882354 0.04807692307692308 0.3014705882352941 0.041666666666666664 0.3088235294117647 0.028846153846153848 0.3088235294117647 0.02564102564102564 0.30514705882352944 0.02564102564102564 0.2977941176470588 0.022435897435897436 0.29411764705882354 0.022435897435897436 0.27941176470588236 0.03205128205128205 0.26838235294117646 0.035256410256410256 0.26838235294117646