1 0.4583333333333333 0.32727272727272727 0.4583333333333333 0.3236363636363636 0.4551282051282051 0.32 0.4551282051282051 0.31272727272727274 0.4583333333333333 0.3090909090909091 0.4583333333333333 0.3018181818181818 0.46794871794871795 0.2909090909090909 0.4967948717948718 0.2909090909090909 0.5032051282051282 0.3018181818181818 0.5032051282051282 0.31636363636363635 0.4967948717948718 0.32727272727272727 0.4935897435897436 0.32727272727272727 0.4807692307692308 0.3381818181818182 0.46794871794871795 0.3381818181818182 0.46794871794871795 0.33454545454545453 0.46153846153846156 0.32727272727272727
1 0.6185897435897436 0.10545454545454545 0.625 0.11636363636363636 0.625 0.13090909090909092 0.6217948717948718 0.13454545454545455 0.6217948717948718 0.14181818181818182 0.6121794871794872 0.15272727272727274 0.6089743589743589 0.15272727272727274 0.6057692307692307 0.15636363636363637 0.5897435897435898 0.15636363636363637 0.5865384615384616 0.15272727272727274 0.5833333333333334 0.15272727272727274 0.5705128205128205 0.13818181818181818 0.5705128205128205 0.12363636363636364 0.5737179487179487 0.12 0.5737179487179487 0.11636363636363636 0.5897435897435898 0.10181818181818182 0.6121794871794872 0.10181818181818182 0.6153846153846154 0.10545454545454545
0 0.25 0.05454545454545454 0.2532051282051282 0.05818181818181818 0.2564102564102564 0.05818181818181818 0.266025641025641 0.06909090909090909 0.266025641025641 0.07272727272727272 0.2692307692307692 0.07636363636363637 0.2692307692307692 0.08363636363636363 0.2724358974358974 0.08727272727272728 0.2724358974358974 0.11272727272727273 0.2564102564102564 0.12 0.25 0.12727272727272726 0.24358974358974358 0.12727272727272726 0.23397435897435898 0.12 0.21794871794871795 0.11636363636363636 0.21794871794871795 0.11272727272727273 0.21474358974358973 0.10909090909090909 0.21474358974358973 0.06545454545454546 0.21794871794871795 0.06181818181818182 0.22756410256410256 0.06181818181818182 0.23076923076923078 0.05818181818181818 0.2403846153846154 0.05818181818181818 0.24358974358974358 0.05454545454545454 0.2467948717948718 0.05454545454545454
1 0.15064102564102563 0.05818181818181818 0.15705128205128205 0.06545454545454546 0.16025641025641027 0.06545454545454546 0.16025641025641027 0.07272727272727272 0.16346153846153846 0.07636363636363637 0.16346153846153846 0.08727272727272728 0.16025641025641027 0.09090909090909091 0.15705128205128205 0.10181818181818182 0.14743589743589744 0.10909090909090909 0.13141025641025642 0.10909090909090909 0.12179487179487179 0.10181818181818182 0.12179487179487179 0.06909090909090909 0.13141025641025642 0.05818181818181818 0.14743589743589744 0.05818181818181818
1 0.1891025641025641 0.06181818181818182 0.20192307692307693 0.07272727272727272 0.20192307692307693 0.08727272727272728 0.19230769230769232 0.09454545454545454 0.18269230769230768 0.09454545454545454 0.1794871794871795 0.09090909090909091 0.1762820512820513 0.09090909090909091 0.1762820512820513 0.06909090909090909 0.18269230769230768 0.06181818181818182 0.1858974358974359 0.06181818181818182
1 0.14102564102564102 0.18545454545454546 0.14743589743589744 0.19272727272727272 0.14743589743589744 0.20727272727272728 0.14423076923076922 0.2109090909090909 0.14423076923076922 0.21818181818181817 0.13782051282051283 0.2290909090909091 0.11858974358974358 0.2290909090909091 0.11217948717948718 0.21818181818181817 0.11217948717948718 0.2 0.11538461538461539 0.19636363636363635 0.11538461538461539 0.19272727272727272 0.12179487179487179 0.18545454545454546 0.13782051282051283 0.18545454545454546
1 0.22756410256410256 0.36727272727272725 0.23076923076923078 0.3709090909090909 0.23397435897435898 0.3709090909090909 0.23397435897435898 0.3890909090909091 0.22435897435897437 0.4 0.21153846153846154 0.4 0.20833333333333334 0.39636363636363636 0.20512820512820512 0.39636363636363636 0.20512820512820512 0.3927272727272727 0.20192307692307693 0.3890909090909091 0.20512820512820512 0.3781818181818182 0.21474358974358973 0.36727272727272725 0.22435897435897437 0.36727272727272725
1 0.6314102564102564 0.27636363636363637 0.6410256410256411 0.2872727272727273 0.6410256410256411 0.29454545454545455 0.6378205128205128 0.29818181818181816 0.6346153846153846 0.3090909090909091 0.6314102564102564 0.3090909090909091 0.6282051282051282 0.31272727272727274 0.6153846153846154 0.31272727272727274 0.6057692307692307 0.3054545454545455 0.6057692307692307 0.2909090909090909 0.6089743589743589 0.2872727272727273 0.6089743589743589 0.28363636363636363 0.6121794871794872 0.28 0.6217948717948718 0.28 0.625 0.27636363636363637 0.6282051282051282 0.27636363636363637
1 0.868378812199037 0.4707544141252007 0.03852327447833066 0.05281190719392967
1 0.8846153846153846 0.5381818181818182 0.8878205128205128 0.5418181818181819 0.8974358974358975 0.5454545454545454 0.8974358974358975 0.5672727272727273 0.8878205128205128 0.5781818181818181 0.8717948717948718 0.5781818181818181 0.8685897435897436 0.5745454545454546 0.8621794871794872 0.5745454545454546 0.8589743589743589 0.5709090909090909 0.8589743589743589 0.56 0.8621794871794872 0.5563636363636364 0.8621794871794872 0.5527272727272727 0.8685897435897436 0.5454545454545454 0.8717948717948718 0.5454545454545454 0.8782051282051282 0.5381818181818182 0.8814102564102564 0.5381818181818182
1 0.532051282051282 0.7018181818181818 0.5448717948717948 0.7163636363636363 0.5448717948717948 0.72 0.5480769230769231 0.7236363636363636 0.5480769230769231 0.7381818181818182 0.532051282051282 0.76 0.5096153846153846 0.76 0.5 0.7527272727272727 0.5 0.7490909090909091 0.4935897435897436 0.7381818181818182 0.4935897435897436 0.7127272727272728 0.5064102564102564 0.6945454545454546 0.5096153846153846 0.6945454545454546 0.5128205128205128 0.6981818181818182 0.5256410256410257 0.6981818181818182 0.5288461538461539 0.7018181818181818
1 0.3269230769230769 0.6181818181818182 0.3301282051282051 0.6218181818181818 0.3301282051282051 0.6327272727272727 0.3333333333333333 0.6363636363636364 0.3333333333333333 0.64 0.3301282051282051 0.6436363636363637 0.3301282051282051 0.6472727272727272 0.32051282051282054 0.6581818181818182 0.3141025641025641 0.6581818181818182 0.3108974358974359 0.6545454545454545 0.28846153846153844 0.6545454545454545 0.28846153846153844 0.6509090909090909 0.28525641025641024 0.6472727272727272 0.28525641025641024 0.64 0.2916666666666667 0.6290909090909091 0.2948717948717949 0.6290909090909091 0.30448717948717946 0.6218181818181818 0.3173076923076923 0.6218181818181818 0.32051282051282054 0.6181818181818182 0.32371794871794873 0.6181818181818182
1 0.3301282051282051 0.7454545454545455 0.33974358974358976 0.7563636363636363 0.33974358974358976 0.7709090909090909 0.33653846153846156 0.7745454545454545 0.33653846153846156 0.7781818181818182 0.3333333333333333 0.7781818181818182 0.3301282051282051 0.7818181818181819 0.3108974358974359 0.7818181818181819 0.3076923076923077 0.7781818181818182 0.3076923076923077 0.7563636363636363 0.3108974358974359 0.7527272727272727 0.3108974358974359 0.7490909090909091 0.32051282051282054 0.7490909090909091 0.32371794871794873 0.7454545454545455 0.3269230769230769 0.7454545454545455
1 0.21794871794871795 0.8036363636363636 0.22115384615384615 0.8072727272727273 0.23397435897435898 0.8072727272727273 0.2403846153846154 0.8145454545454546 0.2403846153846154 0.8327272727272728 0.23076923076923078 0.8436363636363636 0.21794871794871795 0.8436363636363636 0.21474358974358973 0.84 0.20833333333333334 0.84 0.20512820512820512 0.8363636363636363 0.20512820512820512 0.8218181818181818 0.21474358974358973 0.8072727272727273
1 0.7307692307692307 0.4690909090909091 0.7339743589743589 0.4727272727272727 0.7435897435897436 0.4727272727272727 0.7532051282051282 0.48363636363636364 0.7532051282051282 0.48727272727272725 0.7564102564102564 0.4909090909090909 0.7564102564102564 0.5127272727272727 0.7532051282051282 0.5163636363636364 0.75 0.5272727272727272 0.7371794871794872 0.5381818181818182 0.7339743589743589 0.5345454545454545 0.7307692307692307 0.5345454545454545 0.7243589743589743 0.5236363636363637 0.7115384615384616 0.5236363636363637 0.7083333333333334 0.52 0.7019230769230769 0.52 0.7019230769230769 0.5127272727272727 0.6987179487179487 0.509090909090909 0.6987179487179487 0.49818181818181817 0.7019230769230769 0.49454545454545457 0.7083333333333334 0.49454545454545457 0.717948717948718 0.48363636363636364 0.7211538461538461 0.48363636363636364 0.7275641025641025 0.4727272727272727
1 0.6794871794871795 0.6072727272727273 0.6858974358974359 0.6072727272727273 0.6891025641025641 0.610909090909091 0.6987179487179487 0.610909090909091 0.7019230769230769 0.6145454545454545 0.7083333333333334 0.6145454545454545 0.717948717948718 0.6254545454545455 0.7211538461538461 0.6254545454545455 0.7275641025641025 0.6363636363636364 0.7275641025641025 0.6436363636363637 0.7243589743589743 0.6472727272727272 0.7243589743589743 0.6509090909090909 0.7051282051282052 0.6654545454545454 0.6987179487179487 0.6654545454545454 0.6923076923076923 0.6581818181818182 0.6794871794871795 0.6581818181818182 0.6794871794871795 0.6545454545454545 0.6730769230769231 0.6436363636363637 0.6730769230769231 0.6254545454545455 0.6762820512820513 0.6218181818181818 0.6762820512820513 0.6145454545454545 0.6794871794871795 0.610909090909091
0 0.40705128205128205 0.7818181818181819 0.4166666666666667 0.7927272727272727 0.4198717948717949 0.7927272727272727 0.42948717948717946 0.8 0.42948717948717946 0.84 0.42628205128205127 0.8436363636363636 0.4230769230769231 0.8545454545454545 0.4166666666666667 0.8618181818181818 0.41025641025641024 0.8618181818181818 0.40705128205128205 0.8654545454545455 0.3814102564102564 0.8654545454545455 0.36538461538461536 0.8436363636363636 0.36538461538461536 0.84 0.34935897435897434 0.8218181818181818 0.34935897435897434 0.8181818181818182 0.34615384615384615 0.8145454545454546 0.34615384615384615 0.7963636363636364 0.3557692307692308 0.7818181818181819 0.40384615384615385 0.7818181818181819
1 0.1794871794871795 0.5745454545454546 0.1794871794871795 0.5781818181818181 0.18269230769230768 0.5818181818181818 0.18269230769230768 0.5927272727272728 0.16987179487179488 0.6036363636363636 0.16346153846153846 0.6036363636363636 0.16346153846153846 0.6 0.16025641025641027 0.5963636363636363 0.15705128205128205 0.5963636363636363 0.15705128205128205 0.5818181818181818 0.16987179487179488 0.5709090909090909 0.17307692307692307 0.5709090909090909 0.1762820512820513 0.5745454545454546
1 0.17415730337078653 0.5354034729315629 0.024077046548956666 0.03642200496133081
1 0.08653846153846154 0.3090909090909091 0.08974358974358974 0.31272727272727274 0.09615384615384616 0.31272727272727274 0.09615384615384616 0.31636363636363635 0.09935897435897435 0.32 0.09294871794871795 0.33090909090909093 0.07692307692307693 0.33090909090909093 0.0673076923076923 0.3236363636363636 0.0673076923076923 0.3090909090909091 0.07371794871794872 0.3018181818181818 0.07692307692307693 0.3018181818181818 0.08333333333333333 0.3090909090909091
1 0.060897435897435896 0.4690909090909091 0.0673076923076923 0.4763636363636364 0.07692307692307693 0.4763636363636364 0.08012820512820513 0.48 0.08333333333333333 0.48 0.08333333333333333 0.49454545454545457 0.07371794871794872 0.5054545454545455 0.07051282051282051 0.5054545454545455 0.0673076923076923 0.509090909090909 0.060897435897435896 0.509090909090909 0.057692307692307696 0.5054545454545455 0.05448717948717949 0.5054545454545455 0.04807692307692308 0.49818181818181817 0.04807692307692308 0.4909090909090909 0.04487179487179487 0.48727272727272725 0.04487179487179487 0.48363636363636364 0.04807692307692308 0.48 0.04807692307692308 0.4727272727272727 0.057692307692307696 0.4690909090909091
1 0.08653846153846154 0.7636363636363637 0.08653846153846154 0.7381818181818182 0.09615384615384616 0.730909090909091 0.09935897435897435 0.730909090909091 0.10576923076923077 0.7381818181818182 0.10576923076923077 0.7527272727272727 0.09615384615384616 0.7672727272727272 0.09294871794871795 0.7672727272727272 0.08974358974358974 0.7636363636363637
1 0.21794871794871795 0.7236363636363636 0.22115384615384615 0.7236363636363636 0.22435897435897437 0.72 0.23397435897435898 0.72 0.23717948717948717 0.7236363636363636 0.23717948717948717 0.730909090909091 0.2403846153846154 0.7345454545454545 0.2403846153846154 0.7381818181818182 0.23397435897435898 0.7454545454545455 0.21794871794871795 0.7454545454545455 0.21474358974358973 0.7418181818181818 0.21474358974358973 0.730909090909091 0.21794871794871795 0.7272727272727273
1 0.6442307692307693 0.007272727272727273 0.6474358974358975 0.007272727272727273 0.6506410256410257 0.0036363636363636364 0.6794871794871795 0.0036363636363636364 0.6858974358974359 0.01090909090909091 0.6891025641025641 0.01090909090909091 0.6891025641025641 0.04 0.6858974358974359 0.04363636363636364 0.6858974358974359 0.05454545454545454 0.6762820512820513 0.06545454545454546 0.657051282051282 0.06545454545454546 0.6538461538461539 0.06181818181818182 0.6506410256410257 0.06181818181818182 0.6410256410256411 0.05090909090909091 0.6378205128205128 0.03272727272727273 0.6410256410256411 0.02909090909090909 0.6410256410256411 0.01818181818181818 0.6442307692307693 0.014545454545454545 0.6442307692307693 0.01090909090909091
1 0.8226324237560194 0.061006858310229096 0.04975922953451044 0.05281190719392967
1 0.4935897435897436 0.04 0.5096153846153846 0.05818181818181818 0.5096153846153846 0.07272727272727272 0.5064102564102564 0.07636363636363637 0.5064102564102564 0.10181818181818182 0.5032051282051282 0.10545454545454545 0.5032051282051282 0.11272727272727273 0.5 0.11636363636363636 0.4935897435897436 0.11636363636363636 0.483974358974359 0.10181818181818182 0.4775641025641026 0.10181818181818182 0.47115384615384615 0.09454545454545454 0.46153846153846156 0.09090909090909091 0.4551282051282051 0.08363636363636363 0.4551282051282051 0.07636363636363637 0.46474358974358976 0.06545454545454546 0.46474358974358976 0.06181818181818182 0.46794871794871795 0.05818181818181818 0.46794871794871795 0.04 0.47435897435897434 0.03272727272727273 0.4775641025641026 0.03272727272727273 0.483974358974359 0.04 0.49038461538461536 0.04
2 0.266025641025641 0.29454545454545455 0.266025641025641 0.29818181818181816 0.2692307692307692 0.3018181818181818 0.266025641025641 0.3054545454545455 0.266025641025641 0.3090909090909091 0.2564102564102564 0.3090909090909091 0.2564102564102564 0.29818181818181816 0.25961538461538464 0.29454545454545455 0.26282051282051283 0.29454545454545455
2 0.1794871794871795 0.4072727272727273 0.18269230769230768 0.4109090909090909 0.18269230769230768 0.41818181818181815 0.1762820512820513 0.4290909090909091 0.17307692307692307 0.4290909090909091 0.16666666666666666 0.4218181818181818 0.16666666666666666 0.41454545454545455 0.17307692307692307 0.4072727272727273 0.1762820512820513 0.4072727272727273
2 0.1891025641025641 0.44 0.19230769230769232 0.44363636363636366 0.19230769230769232 0.4509090909090909 0.1891025641025641 0.45454545454545453 0.1794871794871795 0.45454545454545453 0.1762820512820513 0.4509090909090909 0.1762820512820513 0.44727272727272727 0.18269230769230768 0.44 0.1858974358974359 0.44
2 0.2980769230769231 0.5272727272727272 0.30128205128205127 0.5309090909090909 0.30128205128205127 0.5418181818181819 0.2980769230769231 0.5454545454545454 0.2916666666666667 0.5454545454545454 0.28846153846153844 0.5418181818181819 0.28846153846153844 0.5309090909090909 0.2916666666666667 0.5272727272727272 0.2948717948717949 0.5272727272727272
2 0.5032051282051282 0.4763636363636364 0.5160256410256411 0.4763636363636364 0.5192307692307693 0.48 0.5192307692307693 0.49818181818181817 0.5064102564102564 0.49818181818181817 0.5032051282051282 0.49454545454545457 0.5032051282051282 0.48
2 0.2841091492776886 0.7029446957536847 0.009630818619582666 0.014568801984532323
2 0.25842696629213485 0.6419378374434555 0.012841091492776888 0.01638990223259886
2 0.22115384615384615 0.6436363636363637 0.23076923076923078 0.6436363636363637 0.23076923076923078 0.6509090909090909 0.22756410256410256 0.6545454545454545 0.22115384615384615 0.6545454545454545 0.22115384615384615 0.6472727272727272
2 0.2688603531300161 0.586394279877426 0.008025682182985553 0.010926601488399242
2 0.21474358974358973 0.5672727272727273 0.21794871794871795 0.5709090909090909 0.21794871794871795 0.5927272727272728 0.20512820512820512 0.5927272727272728 0.20192307692307693 0.5890909090909091 0.20512820512820512 0.5854545454545454 0.20512820512820512 0.5709090909090909 0.20833333333333334 0.5672727272727273 0.21153846153846154 0.5672727272727273
2 0.483974358974359 0.44363636363636366 0.4935897435897436 0.44363636363636366 0.4967948717948718 0.44727272727272727 0.4967948717948718 0.4581818181818182 0.4935897435897436 0.4618181818181818 0.483974358974359 0.4618181818181818 0.483974358974359 0.44727272727272727
2 0.5746388443017657 0.4570961622647016 0.01926163723916533 0.018211002480665404
2 0.625 0.5927272727272728 0.6282051282051282 0.5963636363636363 0.6282051282051282 0.6181818181818182 0.6153846153846154 0.6181818181818182 0.6025641025641025 0.6072727272727273 0.6025641025641025 0.5963636363636363 0.6089743589743589 0.5890909090909091 0.6185897435897436 0.5890909090909091 0.6217948717948718 0.5927272727272728
2 0.3587479935794543 0.7074974463738509 0.017656500802568222 0.01638990223259886
2 0.26282051282051283 0.6545454545454545 0.27564102564102566 0.6545454545454545 0.27884615384615385 0.6581818181818182 0.27884615384615385 0.6690909090909091 0.27564102564102566 0.6727272727272727 0.266025641025641 0.6727272727272727 0.26282051282051283 0.6690909090909091 0.26282051282051283 0.6581818181818182
2 0.13804173354735153 0.7175134977382169 0.016051364365971106 0.018211002480665404
2 0.11075441412520066 0.8049263096454109 0.009630818619582666 0.014568801984532323
2 0.11878009630818621 0.8959813220487378 0.012841091492776888 0.014568801984532323
2 0.07371794871794872 0.8909090909090909 0.07692307692307693 0.8945454545454545 0.07692307692307693 0.9054545454545454 0.07371794871794872 0.9090909090909091 0.0641025641025641 0.9090909090909091 0.0641025641025641 0.8945454545454545 0.0673076923076923 0.8909090909090909 0.07051282051282051 0.8909090909090909
1 0.057692307692307696 0.8472727272727273 0.057692307692307696 0.8581818181818182 0.05448717948717949 0.8581818181818182 0.05128205128205128 0.8618181818181818 0.04487179487179487 0.8618181818181818 0.041666666666666664 0.8581818181818182 0.041666666666666664 0.8436363636363636 0.04487179487179487 0.84 0.04807692307692308 0.84 0.05448717948717949 0.8472727272727273
1 0.08653846153846154 0.8254545454545454 0.09294871794871795 0.8327272727272728 0.09294871794871795 0.8436363636363636 0.08974358974358974 0.8472727272727273 0.07692307692307693 0.8472727272727273 0.07371794871794872 0.8436363636363636 0.07371794871794872 0.8327272727272728 0.07692307692307693 0.8290909090909091 0.08333333333333333 0.8290909090909091
1 0.11217948717948718 0.8363636363636363 0.11538461538461539 0.84 0.11858974358974358 0.84 0.11858974358974358 0.8472727272727273 0.12179487179487179 0.850909090909091 0.12179487179487179 0.8581818181818182 0.11538461538461539 0.8690909090909091 0.10576923076923077 0.8690909090909091 0.10256410256410256 0.8654545454545455 0.09935897435897435 0.8654545454545455 0.09935897435897435 0.8436363636363636 0.10576923076923077 0.8363636363636363 0.10897435897435898 0.8363636363636363
1 0.30128205128205127 0.8036363636363636 0.3076923076923077 0.8145454545454546 0.3076923076923077 0.8327272727272728 0.30448717948717946 0.8363636363636363 0.2916666666666667 0.8363636363636363 0.28205128205128205 0.8218181818181818 0.28205128205128205 0.8145454545454546 0.28525641025641024 0.8109090909090909 0.28525641025641024 0.8072727272727273 0.28846153846153844 0.8036363636363636 0.2980769230769231 0.8036363636363636
2 0.8012820512820513 0.6327272727272727 0.8044871794871795 0.6363636363636364 0.8076923076923077 0.6363636363636364 0.8076923076923077 0.6509090909090909 0.7980769230769231 0.6581818181818182 0.7948717948717948 0.6581818181818182 0.7916666666666666 0.6545454545454545 0.7916666666666666 0.64 0.7948717948717948 0.6363636363636364 0.7980769230769231 0.6363636363636364
2 0.8322632423756021 0.5681832773967606 0.017656500802568222 0.018211002480665404
2 0.8772070626003211 0.2786283379541807 0.017656500802568222 0.018211002480665404
2 0.9038461538461539 0.2509090909090909 0.907051282051282 0.2545454545454545 0.907051282051282 0.2581818181818182 0.9006410256410257 0.26545454545454544 0.8910256410256411 0.26545454545454544 0.8910256410256411 0.2581818181818182 0.8974358974358975 0.2509090909090909 0.9006410256410257 0.2509090909090909
2 0.8205128205128205 0.14909090909090908 0.8365384615384616 0.14909090909090908 0.8365384615384616 0.15636363636363637 0.8333333333333334 0.16 0.8333333333333334 0.16363636363636364 0.8205128205128205 0.16363636363636364 0.8205128205128205 0.15272727272727274
2 0.7916666666666666 0.3381818181818182 0.8012820512820513 0.3381818181818182 0.8012820512820513 0.34545454545454546 0.7916666666666666 0.34545454545454546 0.7916666666666666 0.3418181818181818
2 0.8049759229534511 0.32779804465197726 0.014446227929373997 0.014568801984532323
2 0.7884615384615384 0.3490909090909091 0.7916666666666666 0.3527272727272727 0.7916666666666666 0.36 0.7788461538461539 0.36 0.7788461538461539 0.3527272727272727 0.7852564102564102 0.3527272727272727
2 0.6634615384615384 0.4727272727272727 0.6762820512820513 0.4727272727272727 0.6794871794871795 0.4763636363636364 0.6794871794871795 0.4909090909090909 0.6666666666666666 0.4909090909090909 0.6634615384615384 0.48727272727272725 0.6634615384615384 0.4763636363636364
2 0.5641025641025641 0.6181818181818182 0.5769230769230769 0.6181818181818182 0.5769230769230769 0.6254545454545455 0.5641025641025641 0.6254545454545455 0.5641025641025641 0.6218181818181818
2 0.8547351524879616 0.6719859915365535 0.017656500802568222 0.018211002480665404
2 0.8972712680577849 0.8841441704363053 0.022471910112359553 0.027316503720998107
2 0.5865384615384616 0.76 0.5897435897435898 0.7636363636363637 0.592948717948718 0.7636363636363637 0.592948717948718 0.7781818181818182 0.5897435897435898 0.7818181818181819 0.5865384615384616 0.7818181818181819 0.5801282051282052 0.7745454545454545 0.5801282051282052 0.7672727272727272 0.5833333333333334 0.7636363636363637
2 0.46153846153846156 0.44363636363636366 0.46474358974358976 0.44727272727272727 0.46474358974358976 0.4581818181818182 0.4551282051282051 0.4690909090909091 0.44551282051282054 0.4690909090909091 0.4423076923076923 0.46545454545454545 0.4423076923076923 0.45454545454545453 0.44871794871794873 0.44363636363636366 0.4583333333333333 0.44363636363636366
2 0.5512820512820513 0.20363636363636364 0.5673076923076923 0.20363636363636364 0.5673076923076923 0.2109090909090909 0.5641025641025641 0.21454545454545454 0.5544871794871795 0.21454545454545454 0.5512820512820513 0.2109090909090909 0.5512820512820513 0.20727272727272728
2 0.5448717948717948 0.19636363636363635 0.5384615384615384 0.1890909090909091 0.5384615384615384 0.18545454545454546 0.5416666666666666 0.18181818181818182 0.5544871794871795 0.18181818181818182 0.5544871794871795 0.18545454545454546 0.5480769230769231 0.19272727272727272
2 0.32371794871794873 0.1709090909090909 0.3333333333333333 0.1709090909090909 0.3333333333333333 0.18545454545454546 0.3301282051282051 0.18545454545454546 0.3269230769230769 0.1890909090909091 0.32051282051282054 0.18181818181818182 0.32051282051282054 0.1781818181818182 0.32371794871794873 0.17454545454545456
2 0.3723916532905297 0.08377061141106085 0.009630818619582666 0.018211002480665404
2 0.11316211878009633 0.15843572158178904 0.024077046548956666 0.029137603969064646
2 0.14102564102564102 0.16363636363636364 0.15064102564102563 0.16363636363636364 0.15064102564102563 0.17454545454545456 0.14743589743589744 0.1781818181818182 0.14423076923076922 0.1781818181818182 0.14102564102564102 0.17454545454545456 0.14102564102564102 0.16727272727272727
1 0.03205128205128205 0.04727272727272727 0.035256410256410256 0.05090909090909091 0.038461538461538464 0.05090909090909091 0.038461538461538464 0.05454545454545454 0.041666666666666664 0.05818181818181818 0.038461538461538464 0.06909090909090909 0.03205128205128205 0.07636363636363637 0.016025641025641024 0.07636363636363637 0.01282051282051282 0.07272727272727272 0.01282051282051282 0.05818181818181818 0.016025641025641024 0.05454545454545454 0.016025641025641024 0.05090909090909091 0.019230769230769232 0.04727272727272727 0.028846153846153848 0.04727272727272727
1 0.08012820512820513 0.06909090909090909 0.08333333333333333 0.07272727272727272 0.08333333333333333 0.08 0.08653846153846154 0.08363636363636363 0.08653846153846154 0.09090909090909091 0.08012820512820513 0.09818181818181818 0.0673076923076923 0.09818181818181818 0.0641025641025641 0.09454545454545454 0.060897435897435896 0.09454545454545454 0.060897435897435896 0.07636363636363637 0.0673076923076923 0.06909090909090909 0.07692307692307693 0.06909090909090909
1 0.5576923076923077 0.01818181818181818 0.5641025641025641 0.01818181818181818 0.5673076923076923 0.014545454545454545 0.5705128205128205 0.014545454545454545 0.5737179487179487 0.01818181818181818 0.5833333333333334 0.02181818181818182 0.5897435897435898 0.03272727272727273 0.5897435897435898 0.04727272727272727 0.5865384615384616 0.05090909090909091 0.5705128205128205 0.05090909090909091 0.5673076923076923 0.05454545454545454 0.5544871794871795 0.05454545454545454 0.5544871794871795 0.025454545454545455 0.5576923076923077 0.02181818181818182
1 0.8782051282051282 0.12363636363636364 0.8782051282051282 0.10909090909090909 0.8814102564102564 0.10545454545454545 0.8910256410256411 0.10181818181818182 0.9006410256410257 0.09090909090909091 0.9102564102564102 0.09090909090909091 0.9134615384615384 0.09454545454545454 0.9134615384615384 0.10545454545454545 0.9102564102564102 0.10909090909090909 0.9102564102564102 0.12363636363636364 0.9038461538461539 0.13090909090909092 0.8910256410256411 0.13090909090909092 0.8846153846153846 0.12363636363636364 0.8814102564102564 0.12363636363636364
1 0.8846153846153846 0.05818181818181818 0.8878205128205128 0.06181818181818182 0.8942307692307693 0.06181818181818182 0.9006410256410257 0.06909090909090909 0.9006410256410257 0.08727272727272728 0.8974358974358975 0.09090909090909091 0.8974358974358975 0.09454545454545454 0.8942307692307693 0.09818181818181818 0.8910256410256411 0.09818181818181818 0.8814102564102564 0.10909090909090909 0.8782051282051282 0.10909090909090909 0.875 0.10545454545454545 0.8685897435897436 0.10545454545454545 0.8653846153846154 0.10181818181818182 0.8589743589743589 0.10181818181818182 0.8557692307692307 0.09818181818181818 0.8557692307692307 0.07636363636363637 0.8589743589743589 0.07636363636363637 0.8717948717948718 0.06181818181818182 0.8814102564102564 0.05818181818181818
1 0.9391025641025641 0.1890909090909091 0.9487179487179487 0.19636363636363635 0.9487179487179487 0.20727272727272728 0.9455128205128205 0.2109090909090909 0.9455128205128205 0.21818181818181817 0.9391025641025641 0.22545454545454546 0.9198717948717948 0.22545454545454546 0.907051282051282 0.21454545454545454 0.907051282051282 0.2 0.9134615384615384 0.19272727272727272 0.9230769230769231 0.19272727272727272 0.9262820512820513 0.1890909090909091 0.9358974358974359 0.1890909090909091
2 0.7916666666666666 0.5563636363636364 0.7916666666666666 0.5527272727272727 0.7852564102564102 0.5418181818181819 0.7852564102564102 0.5381818181818182 0.7916666666666666 0.5309090909090909 0.8012820512820513 0.5309090909090909 0.8012820512820513 0.5345454545454545 0.8044871794871795 0.5381818181818182 0.8044871794871795 0.5490909090909091 0.8012820512820513 0.5527272727272727 0.8012820512820513 0.5563636363636364 0.7948717948717948 0.5563636363636364
2 0.6987179487179487 0.72 0.7019230769230769 0.7236363636363636 0.7051282051282052 0.7236363636363636 0.7051282051282052 0.7418181818181818 0.7019230769230769 0.7418181818181818 0.6987179487179487 0.7454545454545455 0.6955128205128205 0.7454545454545455 0.6858974358974359 0.7345454545454545 0.6858974358974359 0.7272727272727273 0.6923076923076923 0.72 0.6955128205128205 0.72
2 0.7467948717948718 0.72 0.75 0.7236363636363636 0.7628205128205128 0.7236363636363636 0.7660256410256411 0.7272727272727273 0.7660256410256411 0.7418181818181818 0.7596153846153846 0.7490909090909091 0.7403846153846154 0.7490909090909091 0.7403846153846154 0.7454545454545455 0.7339743589743589 0.7381818181818182 0.7339743589743589 0.7272727272727273 0.7403846153846154 0.72 0.7435897435897436 0.72
2 0.8910256410256411 0.36 0.9006410256410257 0.36727272727272725 0.9006410256410257 0.3781818181818182 0.8974358974358975 0.38181818181818183 0.8878205128205128 0.38545454545454544 0.8814102564102564 0.3781818181818182 0.8814102564102564 0.36363636363636365 0.8878205128205128 0.36363636363636365
2 0.7463884430176565 0.26132788559754855 0.022471910112359553 0.027316503720998107
2 0.6858974358974359 0.2872727272727273 0.7083333333333334 0.2872727272727273 0.7083333333333334 0.3054545454545455 0.7019230769230769 0.31272727272727274 0.6891025641025641 0.31272727272727274 0.6891025641025641 0.3090909090909091 0.6858974358974359 0.3054545454545455 0.6858974358974359 0.2909090909090909
2 0.7884615384615384 0.19272727272727272 0.7916666666666666 0.19636363636363635 0.7916666666666666 0.2109090909090909 0.7884615384615384 0.2109090909090909 0.7852564102564102 0.21454545454545454 0.782051282051282 0.21454545454545454 0.7724358974358975 0.20727272727272728 0.7724358974358975 0.19636363636363635 0.7756410256410257 0.19272727272727272 0.7852564102564102 0.19272727272727272
2 0.8365384615384616 0.2545454545454545 0.8525641025641025 0.2545454545454545 0.8557692307692307 0.2581818181818182 0.8557692307692307 0.2727272727272727 0.8525641025641025 0.27636363636363637 0.8397435897435898 0.27636363636363637 0.8333333333333334 0.2690909090909091 0.8333333333333334 0.26181818181818184 0.8365384615384616 0.2581818181818182
2 0.7881219903691815 0.4361535094119364 0.016051364365971106 0.020032102728731946
2 0.5705128205128205 0.5672727272727273 0.5801282051282052 0.5745454545454546 0.5769230769230769 0.5854545454545454 0.5737179487179487 0.5890909090909091 0.5705128205128205 0.5890909090909091 0.5673076923076923 0.5854545454545454 0.5608974358974359 0.5854545454545454 0.5576923076923077 0.5818181818181818 0.5576923076923077 0.5781818181818181 0.5673076923076923 0.5709090909090909
2 0.5128205128205128 0.5563636363636364 0.5160256410256411 0.56 0.5192307692307693 0.56 0.5192307692307693 0.5672727272727273 0.5160256410256411 0.5709090909090909 0.5160256410256411 0.5745454545454546 0.5064102564102564 0.5745454545454546 0.5064102564102564 0.56 0.5096153846153846 0.56
2 0.23397435897435898 0.7963636363636364 0.23397435897435898 0.7927272727272727 0.23076923076923078 0.7890909090909091 0.23076923076923078 0.7781818181818182 0.23717948717948717 0.7709090909090909 0.2467948717948718 0.7709090909090909 0.2467948717948718 0.7745454545454545 0.25 0.7781818181818182 0.25 0.7890909090909091 0.2467948717948718 0.7927272727272727 0.23717948717948717 0.7963636363636364
2 0.2564102564102564 0.7090909090909091 0.2564102564102564 0.6945454545454546 0.25961538461538464 0.6909090909090909 0.26282051282051283 0.6909090909090909 0.2692307692307692 0.6981818181818182 0.2692307692307692 0.7090909090909091 0.266025641025641 0.7090909090909091 0.26282051282051283 0.7127272727272728 0.25961538461538464 0.7090909090909091
2 0.31219903691813805 0.6774492922807531 0.030497592295345106 0.029137603969064646
2 0.6067415730337079 0.559077776156428 0.028892455858747994 0.03277980446519772
1 0.6217948717948718 0.8 0.625 0.8036363636363636 0.625 0.8145454545454546 0.6346153846153846 0.8254545454545454 0.6346153846153846 0.8290909090909091 0.6314102564102564 0.8327272727272728 0.6057692307692307 0.8327272727272728 0.6025641025641025 0.8290909090909091 0.5961538461538461 0.8290909090909091 0.5897435897435898 0.8181818181818182 0.5897435897435898 0.8109090909090909 0.5993589743589743 0.7963636363636364 0.6153846153846154 0.7963636363636364 0.6185897435897436 0.8
1 0.8269230769230769 0.88 0.8301282051282052 0.8836363636363637 0.8365384615384616 0.8836363636363637 0.8397435897435898 0.8872727272727273 0.8493589743589743 0.8872727272727273 0.8525641025641025 0.8909090909090909 0.8525641025641025 0.8945454545454545 0.8589743589743589 0.9018181818181819 0.8589743589743589 0.9127272727272727 0.8557692307692307 0.9163636363636364 0.8557692307692307 0.92 0.8397435897435898 0.9345454545454546 0.8269230769230769 0.9345454545454546 0.8173076923076923 0.9272727272727272 0.8141025641025641 0.9272727272727272 0.8108974358974359 0.9236363636363636 0.8108974358974359 0.8909090909090909 0.8141025641025641 0.8872727272727273 0.8237179487179487 0.8836363636363637
1 0.7275641025641025 0.8 0.7307692307692307 0.8036363636363636 0.7371794871794872 0.8036363636363636 0.7435897435897436 0.8145454545454546 0.7435897435897436 0.8254545454545454 0.7339743589743589 0.8363636363636363 0.7307692307692307 0.8363636363636363 0.7275641025641025 0.84 0.7211538461538461 0.84 0.717948717948718 0.8363636363636363 0.7147435897435898 0.8363636363636363 0.7147435897435898 0.8327272727272728 0.7051282051282052 0.8218181818181818 0.7051282051282052 0.8145454545454546 0.7019230769230769 0.8109090909090909 0.7051282051282052 0.8072727272727273 0.7051282051282052 0.8036363636363636 0.7115384615384616 0.8036363636363636 0.7147435897435898 0.8 0.7243589743589743 0.8
1 0.7724358974358975 0.31636363636363635 0.7756410256410257 0.32 0.782051282051282 0.32 0.7852564102564102 0.3236363636363636 0.7852564102564102 0.33090909090909093 0.7788461538461539 0.3418181818181818 0.7596153846153846 0.3418181818181818 0.7564102564102564 0.3381818181818182 0.7532051282051282 0.3381818181818182 0.7532051282051282 0.3236363636363636 0.7564102564102564 0.32 0.7628205128205128 0.32 0.7660256410256411 0.31636363636363635 0.7692307692307693 0.31636363636363635
1 0.36538461538461536 0.2109090909090909 0.375 0.21818181818181817 0.375 0.23636363636363636 0.3717948717948718 0.24 0.358974358974359 0.24 0.3525641025641026 0.23272727272727273 0.3525641025641026 0.2109090909090909 0.3557692307692308 0.20727272727272728 0.358974358974359 0.20727272727272728 0.36217948717948717 0.2109090909090909
2 0.3691813804173355 0.3569356486210419 0.01926163723916533 0.029137603969064646
2 0.358974358974359 0.38545454545454544 0.36217948717948717 0.3890909090909091 0.36217948717948717 0.4072727272727273 0.358974358974359 0.4072727272727273 0.3557692307692308 0.4109090909090909 0.34935897435897434 0.4109090909090909 0.34615384615384615 0.4072727272727273 0.34615384615384615 0.3927272727272727 0.3525641025641026 0.38545454545454544 0.3557692307692308 0.38545454545454544
2 0.358974358974359 0.3090909090909091 0.36217948717948717 0.31272727272727274 0.358974358974359 0.31636363636363635 0.358974358974359 0.32 0.3525641025641026 0.32 0.34935897435897434 0.31636363636363635 0.34935897435897434 0.31272727272727274 0.3525641025641026 0.3090909090909091 0.3557692307692308 0.3090909090909091
2 0.31942215088282505 0.5927681307456589 0.012841091492776888 0.012747701736465783
2 0.28525641025641024 0.5018181818181818 0.28525641025641024 0.49818181818181817 0.28205128205128205 0.49454545454545457 0.28205128205128205 0.4909090909090909 0.28525641025641024 0.48727272727272725 0.28846153846153844 0.48727272727272725 0.2916666666666667 0.4909090909090909 0.2916666666666667 0.5018181818181818 0.28846153846153844 0.5018181818181818
2 0.20512820512820512 0.49818181818181817 0.20512820512820512 0.48363636363636364 0.20833333333333334 0.48 0.21794871794871795 0.48 0.22115384615384615 0.48363636363636364 0.22115384615384615 0.49818181818181817 0.21794871794871795 0.5018181818181818 0.20833333333333334 0.49818181818181817
2 0.2692307692307692 0.5454545454545454 0.2724358974358974 0.5490909090909091 0.27884615384615385 0.5490909090909091 0.28205128205128205 0.5527272727272727 0.28205128205128205 0.56 0.27564102564102566 0.5672727272727273 0.26282051282051283 0.5672727272727273 0.25961538461538464 0.5636363636363636 0.25961538461538464 0.5527272727272727 0.26282051282051283 0.5490909090909091 0.266025641025641 0.5490909090909091
2 0.5802568218298556 0.6883758937691522 0.014446227929373997 0.014568801984532323
2 0.5963081861958267 0.6983919451335182 0.014446227929373997 0.01638990223259886
2 0.24358974358974358 0.8981818181818182 0.2532051282051282 0.8981818181818182 0.2564102564102564 0.9018181818181819 0.2564102564102564 0.9090909090909091 0.2532051282051282 0.9127272727272727 0.24358974358974358 0.9127272727272727 0.24358974358974358 0.9018181818181819
1 0.25 0.6618181818181819 0.2532051282051282 0.6654545454545454 0.2532051282051282 0.68 0.2467948717948718 0.6872727272727273 0.2467948717948718 0.6909090909090909 0.24358974358974358 0.6909090909090909 0.2403846153846154 0.6945454545454546 0.23397435897435898 0.6945454545454546 0.23076923076923078 0.6909090909090909 0.23076923076923078 0.6763636363636364 0.23397435897435898 0.6727272727272727 0.23397435897435898 0.6654545454545454 0.23717948717948717 0.6618181818181819 0.2467948717948718 0.6618181818181819
1 0.22435897435897437 0.6654545454545454 0.22435897435897437 0.6763636363636364 0.22115384615384615 0.68 0.20512820512820512 0.68 0.20192307692307693 0.6763636363636364 0.20192307692307693 0.6727272727272727 0.1987179487179487 0.6690909090909091 0.1987179487179487 0.6509090909090909 0.20833333333333334 0.64 0.21153846153846154 0.64 0.21794871794871795 0.6472727272727272 0.21794871794871795 0.6618181818181819 0.22115384615384615 0.6654545454545454
2 0.21910112359550565 0.7657726543119803 0.011235955056179777 0.012747701736465783
2 0.19341894060995185 0.754846052823581 0.011235955056179777 0.012747701736465783
1 0.9391025641025641 0.5418181818181819 0.9455128205128205 0.5527272727272727 0.9455128205128205 0.56 0.9391025641025641 0.5672727272727273 0.9326923076923077 0.5672727272727273 0.9294871794871795 0.5709090909090909 0.9134615384615384 0.5709090909090909 0.9134615384615384 0.5527272727272727 0.9198717948717948 0.5418181818181819 0.9358974358974359 0.5418181818181819
2 0.266025641025641 0.3490909090909091 0.266025641025641 0.33454545454545453 0.2692307692307692 0.33090909090909093 0.28525641025641024 0.33090909090909093 0.28846153846153844 0.33454545454545453 0.28846153846153844 0.34545454545454546 0.28525641025641024 0.3490909090909091 0.28525641025641024 0.3527272727272727 0.27564102564102566 0.3527272727272727 0.2724358974358974 0.3490909090909091 0.2692307692307692 0.3490909090909091
2 0.4285714285714286 0.5272085218152635 0.012841091492776888 0.020032102728731946
2 0.4125200642054575 0.5299401721873632 0.012841091492776888 0.014568801984532323
1 0.6260032102728733 0.4543645118926018 0.035313001605136445 0.04188530570553042
2 0.3557692307692308 0.4909090909090909 0.3685897435897436 0.5018181818181818 0.36538461538461536 0.5127272727272727 0.34935897435897434 0.5127272727272727 0.34935897435897434 0.49818181818181817 0.3525641025641026 0.49454545454545457
1 0.5208667736757625 0.6191740843426237 0.030497592295345106 0.04006420545746389
2 0.47435897435897434 0.8872727272727273 0.4775641025641026 0.8872727272727273 0.4807692307692308 0.8836363636363637 0.483974358974359 0.8836363636363637 0.48717948717948717 0.8872727272727273 0.48717948717948717 0.8981818181818182 0.47435897435897434 0.8981818181818182 0.47435897435897434 0.8909090909090909
2 0.6282051282051282 0.92 0.6314102564102564 0.9236363636363636 0.6346153846153846 0.9236363636363636 0.6378205128205128 0.9272727272727272 0.6378205128205128 0.9309090909090909 0.6346153846153846 0.9345454545454546 0.6217948717948718 0.9345454545454546 0.6217948717948718 0.9272727272727272 0.625 0.9236363636363636
2 0.3964686998394864 0.630100685831023 0.012841091492776888 0.010926601488399242
2 0.36217948717948717 0.6363636363636364 0.3717948717948718 0.6363636363636364 0.375 0.64 0.375 0.6436363636363637 0.3717948717948718 0.6472727272727272 0.36538461538461536 0.6472727272727272 0.36217948717948717 0.6436363636363637 0.36217948717948717 0.64
2 0.532051282051282 0.8763636363636363 0.5352564102564102 0.88 0.5384615384615384 0.88 0.5384615384615384 0.8836363636363637 0.5416666666666666 0.8872727272727273 0.5416666666666666 0.8945454545454545 0.5384615384615384 0.8981818181818182 0.5288461538461539 0.8981818181818182 0.5256410256410257 0.8945454545454545 0.5256410256410257 0.8909090909090909 0.5224358974358975 0.8872727272727273 0.5224358974358975 0.88 0.5256410256410257 0.8763636363636363 0.5288461538461539 0.8763636363636363
2 0.842948717948718 0.7381818181818182 0.8461538461538461 0.7418181818181818 0.8461538461538461 0.7527272727272727 0.8365384615384616 0.76 0.8269230769230769 0.76 0.8205128205128205 0.7527272727272727 0.8205128205128205 0.7418181818181818 0.8237179487179487 0.7381818181818182 0.8397435897435898 0.7381818181818182
2 0.8365384615384616 0.5854545454545454 0.842948717948718 0.5854545454545454 0.8461538461538461 0.5890909090909091 0.8493589743589743 0.5890909090909091 0.8493589743589743 0.6072727272727273 0.8397435897435898 0.6072727272727273 0.8365384615384616 0.6036363636363636 0.8365384615384616 0.5890909090909091
2 0.907051282051282 0.4581818181818182 0.9134615384615384 0.4581818181818182 0.9166666666666666 0.4618181818181818 0.9166666666666666 0.4763636363636364 0.9134615384615384 0.48 0.9006410256410257 0.48 0.8974358974358975 0.4763636363636364 0.8974358974358975 0.4727272727272727 0.9006410256410257 0.4690909090909091 0.9038461538461539 0.4690909090909091 0.907051282051282 0.46545454545454545 0.907051282051282 0.4618181818181818
2 0.7339743589743589 0.41818181818181815 0.7403846153846154 0.41818181818181815 0.7435897435897436 0.4218181818181818 0.7435897435897436 0.4290909090909091 0.7371794871794872 0.4290909090909091 0.7339743589743589 0.4254545454545455 0.7339743589743589 0.4218181818181818
1 0.6762820512820513 0.4 0.6794871794871795 0.4036363636363636 0.6858974358974359 0.4036363636363636 0.6858974358974359 0.41818181818181815 0.6891025641025641 0.4218181818181818 0.6891025641025641 0.43272727272727274 0.6858974358974359 0.43636363636363634 0.6794871794871795 0.43636363636363634 0.6762820512820513 0.43272727272727274 0.6698717948717948 0.43272727272727274 0.6666666666666666 0.4290909090909091 0.6666666666666666 0.4109090909090909 0.6698717948717948 0.4072727272727273 0.6698717948717948 0.4036363636363636 0.6730769230769231 0.4036363636363636
2 0.592948717948718 0.3236363636363636 0.592948717948718 0.33454545454545453 0.5897435897435898 0.3381818181818182 0.5897435897435898 0.3418181818181818 0.5769230769230769 0.3418181818181818 0.5737179487179487 0.3381818181818182 0.5737179487179487 0.33454545454545453 0.5801282051282052 0.3236363636363636 0.5897435897435898 0.3236363636363636
2 0.5192307692307693 0.31636363636363635 0.5224358974358975 0.32 0.5224358974358975 0.32727272727272727 0.5192307692307693 0.33090909090909093 0.5096153846153846 0.33090909090909093 0.5064102564102564 0.32727272727272727 0.5064102564102564 0.3236363636363636 0.5128205128205128 0.31636363636363635 0.5160256410256411 0.31636363636363635
2 0.5352564102564102 0.3090909090909091 0.5384615384615384 0.31272727272727274 0.5416666666666666 0.31272727272727274 0.5416666666666666 0.3236363636363636 0.5384615384615384 0.32727272727272727 0.5288461538461539 0.32727272727272727 0.5256410256410257 0.3236363636363636 0.5256410256410257 0.31272727272727274 0.5288461538461539 0.3090909090909091 0.532051282051282 0.3090909090909091
2 0.7115384615384616 0.46545454545454545 0.7147435897435898 0.4690909090909091 0.7147435897435898 0.4727272727272727 0.7051282051282052 0.48363636363636364 0.6987179487179487 0.48363636363636364 0.6987179487179487 0.4727272727272727 0.7019230769230769 0.4690909090909091 0.7083333333333334 0.4690909090909091
2 0.5993589743589743 0.44363636363636366 0.5993589743589743 0.45454545454545453 0.5961538461538461 0.4581818181818182 0.5897435897435898 0.4581818181818182 0.5897435897435898 0.44727272727272727 0.592948717948718 0.44363636363636366 0.5961538461538461 0.44363636363636366
2 0.8306581059390049 0.8322428133664089 0.02086677367576244 0.021853202976798485
2 0.7532051282051282 0.8472727272727273 0.7628205128205128 0.8472727272727273 0.7628205128205128 0.8545454545454545 0.7596153846153846 0.8581818181818182 0.7532051282051282 0.8581818181818182 0.7532051282051282 0.850909090909091
2 0.6891025641025641 0.9272727272727272 0.6891025641025641 0.92 0.6955128205128205 0.9127272727272727 0.6987179487179487 0.9127272727272727 0.7019230769230769 0.9163636363636364 0.6987179487179487 0.92 0.6987179487179487 0.9236363636363636 0.6955128205128205 0.9272727272727272 0.6923076923076923 0.9272727272727272
2 0.6538461538461539 0.14181818181818182 0.657051282051282 0.14545454545454545 0.657051282051282 0.15636363636363637 0.6538461538461539 0.15636363636363637 0.6506410256410257 0.16 0.6474358974358975 0.16 0.6442307692307693 0.15636363636363637 0.6442307692307693 0.14545454545454545 0.6474358974358975 0.14181818181818182 0.6506410256410257 0.14181818181818182
2 0.625 0.15636363636363637 0.6346153846153846 0.15272727272727274 0.6442307692307693 0.16 0.6442307692307693 0.16727272727272727 0.6346153846153846 0.17454545454545456 0.6282051282051282 0.17454545454545456 0.6217948717948718 0.16727272727272727 0.6217948717948718 0.16363636363636364 0.625 0.16
1 0.8659711075441413 0.39608930395447256 0.027287319422150888 0.03460090471326427
2 0.8108974358974359 0.4909090909090909 0.8108974358974359 0.48363636363636364 0.8141025641025641 0.48 0.8237179487179487 0.48 0.8237179487179487 0.48727272727272725 0.8205128205128205 0.4909090909090909 0.8141025641025641 0.4909090909090909
1 0.8012820512820513 0.48363636363636364 0.8012820512820513 0.48727272727272725 0.8044871794871795 0.4909090909090909 0.8044871794871795 0.509090909090909 0.7948717948717948 0.52 0.7884615384615384 0.52 0.7756410256410257 0.5054545454545455 0.7756410256410257 0.49818181818181817 0.7788461538461539 0.49454545454545457 0.7788461538461539 0.48727272727272725 0.782051282051282 0.48363636363636364 0.7980769230769231 0.48363636363636364
1 0.375 0.7527272727272727 0.3814102564102564 0.76 0.3814102564102564 0.7672727272727272 0.3782051282051282 0.7709090909090909 0.3782051282051282 0.7745454545454545 0.36217948717948717 0.7745454545454545 0.36217948717948717 0.76 0.3685897435897436 0.7527272727272727 0.3717948717948718 0.7527272727272727
1 0.41025641025641024 0.14545454545454545 0.41025641025641024 0.14909090909090908 0.41346153846153844 0.15272727272727274 0.41346153846153844 0.16363636363636364 0.41025641025641024 0.16363636363636364 0.40705128205128205 0.16727272727272727 0.40384615384615385 0.16727272727272727 0.40064102564102566 0.16363636363636364 0.3942307692307692 0.16363636363636364 0.391025641025641 0.16 0.391025641025641 0.15272727272727274 0.3974358974358974 0.14545454545454545 0.40705128205128205 0.14545454545454545
1 0.13242375601926165 0.3614883992412083 0.02086677367576244 0.027316503720998107
2 0.14102564102564102 0.39636363636363636 0.14423076923076922 0.4 0.14423076923076922 0.4109090909090909 0.14102564102564102 0.41454545454545455 0.13782051282051283 0.41454545454545455 0.13141025641025642 0.4072727272727273 0.13141025641025642 0.4 0.1346153846153846 0.39636363636363636 0.13782051282051283 0.39636363636363636
1 0.11217948717948718 0.4 0.12179487179487179 0.39636363636363636 0.1282051282051282 0.4036363636363636 0.1282051282051282 0.41818181818181815 0.125 0.4218181818181818 0.11538461538461539 0.4218181818181818 0.11217948717948718 0.41818181818181815 0.10897435897435898 0.41818181818181815 0.10897435897435898 0.4072727272727273 0.11217948717948718 0.4036363636363636
1 0.057692307692307696 0.37454545454545457 0.07051282051282051 0.37454545454545457 0.07371794871794872 0.3781818181818182 0.07371794871794872 0.38545454545454544 0.07692307692307693 0.3890909090909091 0.07692307692307693 0.39636363636363636 0.07051282051282051 0.4036363636363636 0.060897435897435896 0.4036363636363636 0.05448717948717949 0.39636363636363636 0.05448717948717949 0.38181818181818183 0.057692307692307696 0.3781818181818182
2 0.042536115569823445 0.42704800817160377 0.017656500802568222 0.023674303224865023
2 0.06581059390048155 0.4561856121406684 0.009630818619582666 0.012747701736465783
2 0.15384615384615385 0.48363636363636364 0.16666666666666666 0.48363636363636364 0.16666666666666666 0.5054545454545455 0.15705128205128205 0.5054545454545455 0.15384615384615385 0.5018181818181818 0.15384615384615385 0.48727272727272725
2 0.14102564102564102 0.5490909090909091 0.14102564102564102 0.5527272727272727 0.14423076923076922 0.5563636363636364 0.14423076923076922 0.5636363636363636 0.13782051282051283 0.5709090909090909 0.13141025641025642 0.5709090909090909 0.13141025641025642 0.5527272727272727 0.1346153846153846 0.5490909090909091 0.13782051282051283 0.5490909090909091
2 0.2532051282051282 0.52 0.2564102564102564 0.5236363636363637 0.2564102564102564 0.5309090909090909 0.2532051282051282 0.5345454545454545 0.2532051282051282 0.5418181818181819 0.25 0.5454545454545454 0.2403846153846154 0.5454545454545454 0.23076923076923078 0.5381818181818182 0.23076923076923078 0.5236363636363637 0.23717948717948717 0.5163636363636364 0.2467948717948718 0.5163636363636364 0.25 0.52
1 0.1346153846153846 0.5163636363636364 0.13782051282051283 0.5163636363636364 0.14102564102564102 0.5127272727272727 0.15064102564102563 0.5127272727272727 0.15064102564102563 0.5163636363636364 0.15705128205128205 0.5272727272727272 0.15705128205128205 0.5309090909090909 0.15064102564102563 0.5418181818181819 0.13782051282051283 0.5418181818181819 0.1346153846153846 0.5381818181818182 0.1346153846153846 0.52
2 0.09294871794871795 0.8618181818181818 0.09615384615384616 0.8654545454545455 0.09615384615384616 0.8763636363636363 0.08974358974358974 0.8836363636363637 0.08012820512820513 0.8836363636363637 0.07692307692307693 0.88 0.08012820512820513 0.8690909090909091 0.08653846153846154 0.8618181818181818 0.08974358974358974 0.8618181818181818
2 0.10192616372391654 0.8923391215526049 0.011235955056179777 0.010926601488399242
2 0.1891025641025641 0.7672727272727272 0.20192307692307693 0.7672727272727272 0.20192307692307693 0.7745454545454545 0.1987179487179487 0.7781818181818182 0.1987179487179487 0.7818181818181819 0.1891025641025641 0.7818181818181819 0.1891025641025641 0.7709090909090909
2 0.07051282051282051 0.7090909090909091 0.07371794871794872 0.7090909090909091 0.07692307692307693 0.7054545454545454 0.08653846153846154 0.7090909090909091 0.08653846153846154 0.72 0.08333333333333333 0.7236363636363636 0.07051282051282051 0.7236363636363636 0.07051282051282051 0.7127272727272728
2 0.14102564102564102 0.6218181818181818 0.14102564102564102 0.6254545454545455 0.14423076923076922 0.6290909090909091 0.14423076923076922 0.6363636363636364 0.13782051282051283 0.6436363636363637 0.1282051282051282 0.6436363636363637 0.1282051282051282 0.6290909090909091 0.1346153846153846 0.6218181818181818 0.13782051282051283 0.6218181818181818
2 0.01282051282051282 0.5709090909090909 0.01282051282051282 0.5563636363636364 0.016025641025641024 0.5527272727272727 0.02564102564102564 0.5527272727272727 0.028846153846153848 0.5563636363636364 0.028846153846153848 0.5672727272727273 0.019230769230769232 0.5745454545454546 0.016025641025641024 0.5709090909090909
2 0.04574638844301766 0.5408667736757625 0.017656500802568222 0.018211002480665404
2 0.12179487179487179 0.43636363636363634 0.125 0.44 0.125 0.44363636363636366 0.11858974358974358 0.4509090909090909 0.11217948717948718 0.44363636363636366 0.11217948717948718 0.44 0.11538461538461539 0.43636363636363634 0.11858974358974358 0.43636363636363634
2 0.10256410256410256 0.43636363636363634 0.10576923076923077 0.44 0.10576923076923077 0.44363636363636366 0.10256410256410256 0.44727272727272727 0.09615384615384616 0.44727272727272727 0.09294871794871795 0.44363636363636366 0.09294871794871795 0.44 0.09615384615384616 0.43636363636363634 0.09935897435897435 0.43636363636363634
2 0.23274478330658108 0.4325113089158033 0.012841091492776888 0.01638990223259886
2 0.21669341894060998 0.4206741573033709 0.01926163723916533 0.021853202976798485
2 0.23076923076923078 0.3018181818181818 0.2403846153846154 0.3018181818181818 0.2403846153846154 0.3090909090909091 0.23717948717948717 0.31272727272727274 0.23076923076923078 0.31272727272727274 0.23076923076923078 0.3054545454545455
2 0.10256410256410256 0.29454545454545455 0.10256410256410256 0.2909090909090909 0.09935897435897435 0.2872727272727273 0.09935897435897435 0.28363636363636363 0.10256410256410256 0.28 0.11217948717948718 0.28 0.11217948717948718 0.2909090909090909 0.10897435897435898 0.29454545454545455 0.10576923076923077 0.29454545454545455
2 0.14423076923076922 0.2909090909090909 0.15705128205128205 0.2909090909090909 0.16025641025641027 0.29454545454545455 0.16025641025641027 0.3054545454545455 0.15705128205128205 0.3090909090909091 0.14743589743589744 0.3054545454545455 0.14423076923076922 0.3018181818181818 0.14423076923076922 0.29454545454545455
2 0.24358974358974358 0.14909090909090908 0.2467948717948718 0.15272727272727274 0.2467948717948718 0.16363636363636364 0.23717948717948717 0.16363636363636364 0.23397435897435898 0.16 0.23397435897435898 0.15272727272727274 0.23717948717948717 0.14909090909090908 0.2403846153846154 0.14909090909090908
2 0.19230769230769232 0.15636363636363637 0.1955128205128205 0.16 0.1955128205128205 0.17454545454545456 0.19230769230769232 0.17454545454545456 0.1891025641025641 0.1781818181818182 0.1858974358974359 0.1781818181818182 0.1762820512820513 0.1709090909090909 0.1762820512820513 0.16 0.1794871794871795 0.15636363636363637 0.1891025641025641 0.15636363636363637
2 0.2841091492776886 0.14295636947322343 0.009630818619582666 0.012747701736465783
2 0.33653846153846156 0.05818181818181818 0.33974358974358976 0.06181818181818182 0.33974358974358976 0.06909090909090909 0.33653846153846156 0.07272727272727272 0.33653846153846156 0.07636363636363637 0.3269230769230769 0.07636363636363637 0.32371794871794873 0.07272727272727272 0.32371794871794873 0.06545454545454546 0.3301282051282051 0.05818181818181818 0.3333333333333333 0.05818181818181818
1 0.22115384615384615 0.02909090909090909 0.22435897435897437 0.03272727272727273 0.22435897435897437 0.04363636363636364 0.22115384615384615 0.04727272727272727 0.21794871794871795 0.05818181818181818 0.21474358974358973 0.05818181818181818 0.21153846153846154 0.06181818181818182 0.20833333333333334 0.05818181818181818 0.20512820512820512 0.05818181818181818 0.20512820512820512 0.05090909090909091 0.1955128205128205 0.04363636363636364 0.1955128205128205 0.03636363636363636 0.20192307692307693 0.02909090909090909 0.21794871794871795 0.02909090909090909
2 0.23397435897435898 0.025454545454545455 0.25 0.025454545454545455 0.25 0.03636363636363636 0.2467948717948718 0.04 0.23397435897435898 0.04 0.23397435897435898 0.02909090909090909
2 0.6314102564102564 0.48727272727272725 0.6378205128205128 0.48727272727272725 0.6410256410256411 0.48363636363636364 0.6442307692307693 0.48363636363636364 0.6506410256410257 0.49454545454545457 0.6506410256410257 0.49818181818181817 0.6474358974358975 0.5018181818181818 0.6378205128205128 0.5054545454545455 0.6282051282051282 0.49818181818181817 0.6282051282051282 0.49454545454545457 0.6314102564102564 0.4909090909090909
1 0.8365384615384616 0.6909090909090909 0.8397435897435898 0.6945454545454546 0.8493589743589743 0.6836363636363636 0.8589743589743589 0.6836363636363636 0.8621794871794872 0.6945454545454546 0.8589743589743589 0.6981818181818182 0.8589743589743589 0.7018181818181818 0.8493589743589743 0.7127272727272728 0.8301282051282052 0.7127272727272728 0.8269230769230769 0.7090909090909091 0.8237179487179487 0.6981818181818182 0.8301282051282052 0.6909090909090909 0.8333333333333334 0.6909090909090909
2 0.9391025641025641 0.44727272727272727 0.9423076923076923 0.4581818181818182 0.9358974358974359 0.4690909090909091 0.9262820512820513 0.4690909090909091 0.9230769230769231 0.46545454545454545 0.9230769230769231 0.4509090909090909 0.9262820512820513 0.44727272727272727 0.9358974358974359 0.44727272727272727
2 0.5416666666666666 0.8072727272727273 0.5512820512820513 0.8072727272727273 0.5608974358974359 0.8145454545454546 0.5608974358974359 0.8218181818181818 0.5512820512820513 0.8327272727272728 0.5416666666666666 0.8363636363636363 0.532051282051282 0.8254545454545454 0.532051282051282 0.8181818181818182 0.5416666666666666 0.8109090909090909
2 0.32051282051282054 0.2581818181818182 0.32371794871794873 0.27636363636363637 0.3173076923076923 0.28363636363636363 0.3076923076923077 0.28363636363636363 0.30448717948717946 0.28 0.30448717948717946 0.26181818181818184 0.3108974358974359 0.26181818181818184 0.3141025641025641 0.2581818181818182 0.3173076923076923 0.2581818181818182
1 0.6602564102564102 0.7163636363636363 0.6698717948717948 0.7236363636363636 0.6698717948717948 0.7345454545454545 0.6666666666666666 0.7381818181818182 0.6666666666666666 0.7418181818181818 0.6538461538461539 0.7563636363636363 0.6378205128205128 0.7563636363636363 0.6346153846153846 0.7527272727272727 0.6314102564102564 0.7418181818181818 0.6378205128205128 0.730909090909091 0.6442307692307693 0.730909090909091 0.6474358974358975 0.7272727272727273 0.6474358974358975 0.7236363636363636 0.6538461538461539 0.7163636363636363 0.657051282051282 0.7163636363636363
0 0.11217948717948718 0.9127272727272727 0.12179487179487179 0.9309090909090909 0.12179487179487179 0.9818181818181818 0.11217948717948718 0.9963636363636363 0.08012820512820513 0.9963636363636363 0.07692307692307693 0.9927272727272727 0.07692307692307693 0.9309090909090909 0.08012820512820513 0.9272727272727272 0.08012820512820513 0.92 0.08653846153846154 0.9127272727272727 0.10897435897435898 0.9127272727272727
1 0.3525641025641026 0.8727272727272727 0.3717948717948718 0.8727272727272727 0.3782051282051282 0.88 0.3782051282051282 0.8836363636363637 0.38461538461538464 0.8945454545454545 0.38461538461538464 0.9054545454545454 0.3814102564102564 0.9090909090909091 0.3782051282051282 0.92 0.3717948717948718 0.9272727272727272 0.358974358974359 0.9272727272727272 0.34294871794871795 0.9018181818181819 0.34294871794871795 0.8909090909090909 0.3525641025641026 0.8763636363636363