1 0.8205128205128205 0.5323741007194245 0.8205128205128205 0.539568345323741 0.8301282051282052 0.5611510791366906 0.8301282051282052 0.5899280575539568 0.8269230769230769 0.5971223021582733 0.8269230769230769 0.60431654676259 0.8205128205128205 0.60431654676259 0.8173076923076923 0.6115107913669064 0.8076923076923077 0.6115107913669064 0.8044871794871795 0.60431654676259 0.8012820512820513 0.60431654676259 0.7948717948717948 0.5899280575539568 0.7948717948717948 0.5683453237410072 0.7916666666666666 0.5611510791366906 0.7916666666666666 0.5539568345323741 0.8012820512820513 0.5323741007194245 0.8173076923076923 0.5323741007194245
1 0.6578947368421053 0.679916537095072 0.036954087346024636 0.0779201946393613
1 0.34615384615384615 0.39568345323741005 0.34615384615384615 0.4028776978417266 0.34935897435897434 0.41007194244604317 0.34935897435897434 0.43884892086330934 0.33974358974358976 0.45323741007194246 0.32051282051282054 0.45323741007194246 0.3141025641025641 0.4316546762589928 0.3141025641025641 0.39568345323741005 0.32051282051282054 0.381294964028777 0.33653846153846156 0.381294964028777 0.34294871794871795 0.39568345323741005
1 0.11538461538461539 0.5251798561151079 0.11858974358974358 0.5323741007194245 0.125 0.5323741007194245 0.13141025641025642 0.5467625899280576 0.13141025641025642 0.5611510791366906 0.13782051282051283 0.5827338129496403 0.13782051282051283 0.5971223021582733 0.1282051282051282 0.6187050359712231 0.125 0.6187050359712231 0.12179487179487179 0.6258992805755396 0.10576923076923077 0.6258992805755396 0.09294871794871795 0.5971223021582733 0.09294871794871795 0.5683453237410072 0.09615384615384616 0.5611510791366906 0.09935897435897435 0.539568345323741 0.10256410256410256 0.539568345323741 0.10897435897435898 0.5251798561151079 0.11217948717948718 0.5251798561151079
1 0.1762820512820513 0.4244604316546763 0.1794871794871795 0.4316546762589928 0.1891025641025641 0.43884892086330934 0.1891025641025641 0.4460431654676259 0.19230769230769232 0.45323741007194246 0.19230769230769232 0.4748201438848921 0.18269230769230768 0.49640287769784175 0.1762820512820513 0.49640287769784175 0.17307692307692307 0.5035971223021583 0.16666666666666666 0.5035971223021583 0.15705128205128205 0.48201438848920863 0.15705128205128205 0.4676258992805755 0.15384615384615385 0.460431654676259 0.15384615384615385 0.4460431654676259 0.15705128205128205 0.43884892086330934 0.16025641025641027 0.43884892086330934 0.16346153846153846 0.4316546762589928 0.17307692307692307 0.4244604316546763
1 0.483974358974359 0.1079136690647482 0.483974358974359 0.1366906474820144 0.4807692307692308 0.14388489208633093 0.4807692307692308 0.15827338129496402 0.47435897435897434 0.17266187050359713 0.46794871794871795 0.17266187050359713 0.46474358974358976 0.17985611510791366 0.4551282051282051 0.17985611510791366 0.4519230769230769 0.17266187050359713 0.4519230769230769 0.16546762589928057 0.44871794871794873 0.15827338129496402 0.44871794871794873 0.1223021582733813 0.4583333333333333 0.10071942446043165 0.46794871794871795 0.10071942446043165 0.47115384615384615 0.1079136690647482 0.47435897435897434 0.10071942446043165 0.4775641025641026 0.10071942446043165 0.4807692307692308 0.1079136690647482
1 0.36538461538461536 0.6762589928057554 0.3685897435897436 0.6834532374100719 0.3717948717948718 0.6834532374100719 0.3717948717948718 0.6906474820143885 0.375 0.697841726618705 0.375 0.7194244604316546 0.3717948717948718 0.7266187050359713 0.3717948717948718 0.7338129496402878 0.36217948717948717 0.7482014388489209 0.3525641025641026 0.7482014388489209 0.34615384615384615 0.7338129496402878 0.34294871794871795 0.7338129496402878 0.34294871794871795 0.7050359712230215 0.3525641025641026 0.6834532374100719 0.36217948717948717 0.6762589928057554
1 0.0918253079507279 0.35818153987448337 0.040313549832026875 0.09300152263407639
1 0.3782051282051282 0.33093525179856115 0.38461538461538464 0.35251798561151076 0.38461538461538464 0.3669064748201439 0.3814102564102564 0.37410071942446044 0.3814102564102564 0.381294964028777 0.375 0.39568345323741005 0.3717948717948718 0.39568345323741005 0.3685897435897436 0.4028776978417266 0.36217948717948717 0.4028776978417266 0.3557692307692308 0.38848920863309355 0.3557692307692308 0.381294964028777 0.3525641025641026 0.37410071942446044 0.3525641025641026 0.35251798561151076 0.358974358974359 0.3381294964028777 0.36217948717948717 0.3381294964028777 0.36538461538461536 0.33093525179856115 0.375 0.33093525179856115
1 0.391025641025641 0.3669064748201439 0.40064102564102566 0.3669064748201439 0.40384615384615385 0.37410071942446044 0.40705128205128205 0.37410071942446044 0.41346153846153844 0.38848920863309355 0.4166666666666667 0.38848920863309355 0.4166666666666667 0.4028776978417266 0.4198717948717949 0.41007194244604317 0.4166666666666667 0.4316546762589928 0.41346153846153844 0.4316546762589928 0.41025641025641024 0.43884892086330934 0.40064102564102566 0.43884892086330934 0.3974358974358974 0.4460431654676259 0.391025641025641 0.4460431654676259 0.38782051282051283 0.43884892086330934 0.38461538461538464 0.43884892086330934 0.3814102564102564 0.4316546762589928 0.3814102564102564 0.4028776978417266 0.38782051282051283 0.38848920863309355 0.38782051282051283 0.381294964028777 0.391025641025641 0.37410071942446044
1 0.40705128205128205 0.5179856115107914 0.4166666666666667 0.539568345323741 0.4166666666666667 0.5611510791366906 0.41025641025641024 0.5755395683453237 0.41025641025641024 0.5827338129496403 0.40705128205128205 0.5899280575539568 0.38782051282051283 0.5899280575539568 0.38461538461538464 0.5827338129496403 0.38461538461538464 0.5683453237410072 0.3814102564102564 0.5611510791366906 0.3814102564102564 0.5323741007194245 0.38782051282051283 0.5179856115107914 0.40384615384615385 0.5179856115107914
0 0.8910256410256411 0.8489208633093526 0.9038461538461539 0.8848920863309353 0.9038461538461539 0.9136690647482014 0.9006410256410257 0.920863309352518 0.8974358974358975 0.9424460431654677 0.8910256410256411 0.9568345323741008 0.8878205128205128 0.9568345323741008 0.8846153846153846 0.9640287769784173 0.8653846153846154 0.9640287769784173 0.8621794871794872 0.9568345323741008 0.8557692307692307 0.9568345323741008 0.8493589743589743 0.9424460431654677 0.8493589743589743 0.935251798561151 0.842948717948718 0.9136690647482014 0.842948717948718 0.8776978417266187 0.8461538461538461 0.8705035971223022 0.8461538461538461 0.8633093525179856 0.8493589743589743 0.8633093525179856 0.8557692307692307 0.8489208633093526 0.8653846153846154 0.8489208633093526 0.8685897435897436 0.841726618705036 0.8846153846153846 0.841726618705036 0.8878205128205128 0.8489208633093526
0 0.5512820512820513 0.7985611510791367 0.5544871794871795 0.8057553956834532 0.5576923076923077 0.8057553956834532 0.5641025641025641 0.8201438848920863 0.5673076923076923 0.8201438848920863 0.5673076923076923 0.8273381294964028 0.5737179487179487 0.8489208633093526 0.5737179487179487 0.8992805755395683 0.5673076923076923 0.9136690647482014 0.5608974358974359 0.9136690647482014 0.5576923076923077 0.920863309352518 0.5416666666666666 0.920863309352518 0.5384615384615384 0.9136690647482014 0.5352564102564102 0.9136690647482014 0.532051282051282 0.920863309352518 0.5064102564102564 0.920863309352518 0.5064102564102564 0.9136690647482014 0.5 0.8920863309352518 0.5 0.8489208633093526 0.5128205128205128 0.8201438848920863 0.5192307692307693 0.8201438848920863 0.5224358974358975 0.8129496402877698 0.5288461538461539 0.8129496402877698 0.5384615384615384 0.7985611510791367 0.5480769230769231 0.7985611510791367
1 0.2564102564102564 0.6906474820143885 0.26282051282051283 0.7050359712230215 0.26282051282051283 0.7482014388489209 0.2532051282051282 0.762589928057554 0.24358974358974358 0.7553956834532374 0.24358974358974358 0.7482014388489209 0.2403846153846154 0.7410071942446043 0.2403846153846154 0.697841726618705 0.24358974358974358 0.6906474820143885 0.2532051282051282 0.6906474820143885
1 0.5951847704367301 0.595712455791246 0.02799552071668533 0.09048796796829053
2 0.6293393057110862 0.7666341730646837 0.01791713325867861 0.04524398398414527
2 0.6517357222844345 0.7779451690607201 0.01791713325867861 0.04775753864993112
2 0.6858974358974359 0.7266187050359713 0.6891025641025641 0.7338129496402878 0.6891025641025641 0.7553956834532374 0.6858974358974359 0.762589928057554 0.6858974358974359 0.7697841726618705 0.6794871794871795 0.7697841726618705 0.6730769230769231 0.7553956834532374 0.6730769230769231 0.7338129496402878 0.6826923076923077 0.7266187050359713
2 0.2532051282051282 0.8776978417266187 0.2532051282051282 0.8992805755395683 0.25 0.9064748201438849 0.23717948717948717 0.9064748201438849 0.23717948717948717 0.8992805755395683 0.23397435897435898 0.8920863309352518 0.23397435897435898 0.8776978417266187 0.23717948717948717 0.8705035971223022 0.2467948717948718 0.8705035971223022 0.25 0.8776978417266187
2 0.1954087346024636 0.40970941052309323 0.02127659574468085 0.04524398398414527
2 0.16346153846153846 0.2733812949640288 0.16987179487179488 0.28776978417266186 0.16987179487179488 0.30935251798561153 0.16666666666666666 0.30935251798561153 0.16346153846153846 0.31654676258992803 0.15384615384615385 0.30935251798561153 0.15384615384615385 0.2805755395683453 0.15705128205128205 0.2733812949640288 0.16025641025641027 0.2733812949640288
1 0.13141025641025642 0.3381294964028777 0.13782051282051283 0.35251798561151076 0.14102564102564102 0.35251798561151076 0.14102564102564102 0.3597122302158273 0.14423076923076922 0.3669064748201439 0.14423076923076922 0.381294964028777 0.14743589743589744 0.38848920863309355 0.14743589743589744 0.4028776978417266 0.13782051282051283 0.4244604316546763 0.125 0.4244604316546763 0.11538461538461539 0.4028776978417266 0.11538461538461539 0.3669064748201439 0.11858974358974358 0.3597122302158273 0.11858974358974358 0.35251798561151076 0.125 0.3381294964028777 0.1282051282051282 0.3381294964028777
1 0.10256410256410256 0.697841726618705 0.10897435897435898 0.7194244604316546 0.10897435897435898 0.7482014388489209 0.09935897435897435 0.762589928057554 0.09615384615384616 0.762589928057554 0.08653846153846154 0.7482014388489209 0.08653846153846154 0.7122302158273381 0.08974358974358974 0.7050359712230215 0.09935897435897435 0.697841726618705
2 0.1762820512820513 0.841726618705036 0.1762820512820513 0.8489208633093526 0.1794871794871795 0.8561151079136691 0.1794871794871795 0.8776978417266187 0.1762820512820513 0.8848920863309353 0.16346153846153846 0.8848920863309353 0.16346153846153846 0.8776978417266187 0.16025641025641027 0.8705035971223022 0.15705128205128205 0.8705035971223022 0.15705128205128205 0.8561151079136691 0.16346153846153846 0.841726618705036 0.17307692307692307 0.841726618705036
2 0.28205128205128205 0.2446043165467626 0.2916666666666667 0.23741007194244604 0.30128205128205127 0.2517985611510791 0.30128205128205127 0.2733812949640288 0.2948717948717949 0.28776978417266186 0.28525641025641024 0.28776978417266186 0.28205128205128205 0.2805755395683453 0.28205128205128205 0.2517985611510791
2 0.2532051282051282 0.28776978417266186 0.2692307692307692 0.28776978417266186 0.2692307692307692 0.3237410071942446 0.266025641025641 0.33093525179856115 0.25961538461538464 0.33093525179856115 0.25 0.30935251798561153 0.25 0.302158273381295 0.2532051282051282 0.2949640287769784
2 0.28205128205128205 0.3381294964028777 0.28525641025641024 0.34532374100719426 0.28846153846153844 0.34532374100719426 0.28846153846153844 0.3669064748201439 0.28525641025641024 0.37410071942446044 0.27564102564102566 0.37410071942446044 0.2724358974358974 0.3669064748201439 0.2724358974358974 0.34532374100719426 0.27564102564102566 0.3381294964028777 0.27884615384615385 0.3381294964028777
2 0.2724358974358974 0.4892086330935252 0.28525641025641024 0.4892086330935252 0.2916666666666667 0.5035971223021583 0.2916666666666667 0.5179856115107914 0.28846153846153844 0.5251798561151079 0.28846153846153844 0.5323741007194245 0.27564102564102566 0.5323741007194245 0.2724358974358974 0.5251798561151079 0.2724358974358974 0.49640287769784175
2 0.25 0.5899280575539568 0.25 0.5611510791366906 0.2532051282051282 0.5539568345323741 0.26282051282051283 0.5539568345323741 0.26282051282051283 0.5611510791366906 0.266025641025641 0.5683453237410072 0.266025641025641 0.5755395683453237 0.25961538461538464 0.5971223021582733 0.2564102564102564 0.5971223021582733 0.2532051282051282 0.5899280575539568
1 0.27564102564102566 0.5467625899280576 0.28205128205128205 0.5467625899280576 0.28525641025641024 0.539568345323741 0.30128205128205127 0.539568345323741 0.30448717948717946 0.5467625899280576 0.30448717948717946 0.5611510791366906 0.3076923076923077 0.5683453237410072 0.3076923076923077 0.5827338129496403 0.30128205128205127 0.60431654676259 0.2980769230769231 0.60431654676259 0.2948717948717949 0.6115107913669064 0.28525641025641024 0.6115107913669064 0.28205128205128205 0.60431654676259 0.27884615384615385 0.60431654676259 0.2724358974358974 0.5899280575539568 0.2724358974358974 0.5611510791366906 0.27564102564102566 0.5539568345323741
1 0.9423076923076923 0.4676258992805755 0.9455128205128205 0.4748201438848921 0.9455128205128205 0.5035971223021583 0.9423076923076923 0.5107913669064749 0.9423076923076923 0.5179856115107914 0.9391025641025641 0.5179856115107914 0.9358974358974359 0.5251798561151079 0.9326923076923077 0.5251798561151079 0.9294871794871795 0.5179856115107914 0.9230769230769231 0.5179856115107914 0.9230769230769231 0.5107913669064749 0.9198717948717948 0.5035971223021583 0.9198717948717948 0.4748201438848921 0.9262820512820513 0.460431654676259 0.9358974358974359 0.460431654676259 0.9391025641025641 0.4676258992805755
1 0.9102564102564102 0.2589928057553957 0.9134615384615384 0.26618705035971224 0.9134615384615384 0.30935251798561153 0.907051282051282 0.3237410071942446 0.9038461538461539 0.3237410071942446 0.9006410256410257 0.33093525179856115 0.8878205128205128 0.33093525179856115 0.8878205128205128 0.3237410071942446 0.8814102564102564 0.30935251798561153 0.8814102564102564 0.2733812949640288 0.8878205128205128 0.2589928057553957 0.8910256410256411 0.2589928057553957 0.8942307692307693 0.2517985611510791 0.9038461538461539 0.2517985611510791 0.907051282051282 0.2589928057553957
2 0.8365384615384616 0.4892086330935252 0.8397435897435898 0.49640287769784175 0.8397435897435898 0.5179856115107914 0.8365384615384616 0.5251798561151079 0.8301282051282052 0.5251798561151079 0.8269230769230769 0.5179856115107914 0.8269230769230769 0.49640287769784175 0.8301282051282052 0.4892086330935252 0.8333333333333334 0.4892086330935252
2 0.816909294512878 0.762863841066005 0.02127659574468085 0.05781175731307451
2 0.7362821948488243 0.8897983516881903 0.023516237402015677 0.055298202647288665
2 0.8461538461538461 0.6474820143884892 0.8493589743589743 0.6546762589928058 0.8493589743589743 0.6690647482014388 0.8461538461538461 0.6762589928057554 0.8365384615384616 0.6762589928057554 0.8333333333333334 0.6690647482014388 0.8333333333333334 0.6618705035971223 0.8397435897435898 0.6474820143884892 0.842948717948718 0.6474820143884892
2 0.8365384615384616 0.8489208633093526 0.8365384615384616 0.8273381294964028 0.842948717948718 0.8129496402877698 0.8461538461538461 0.8129496402877698 0.8525641025641025 0.8273381294964028 0.8525641025641025 0.8345323741007195 0.8493589743589743 0.841726618705036 0.8493589743589743 0.8489208633093526 0.8397435897435898 0.8489208633093526
2 0.7295632698768197 0.5542388038057795 0.02127659574468085 0.052784647981502814
2 0.7564102564102564 0.5107913669064749 0.7596153846153846 0.5179856115107914 0.7596153846153846 0.5539568345323741 0.7564102564102564 0.5539568345323741 0.7532051282051282 0.5611510791366906 0.75 0.5539568345323741 0.7467948717948718 0.5539568345323741 0.7467948717948718 0.5179856115107914 0.75 0.5107913669064749 0.7532051282051282 0.5107913669064749
1 0.9647435897435898 0.39568345323741005 0.967948717948718 0.4028776978417266 0.967948717948718 0.4316546762589928 0.9615384615384616 0.4460431654676259 0.9551282051282052 0.4460431654676259 0.9519230769230769 0.43884892086330934 0.9487179487179487 0.43884892086330934 0.9487179487179487 0.4316546762589928 0.9455128205128205 0.4244604316546763 0.9455128205128205 0.39568345323741005 0.9487179487179487 0.38848920863309355 0.9583333333333334 0.38848920863309355 0.9615384615384616 0.39568345323741005
1 0.9166666666666666 0.6258992805755396 0.9166666666666666 0.6187050359712231 0.9134615384615384 0.6115107913669064 0.9134615384615384 0.5827338129496403 0.9230769230769231 0.5683453237410072 0.9326923076923077 0.5683453237410072 0.9358974358974359 0.5755395683453237 0.9358974358974359 0.5899280575539568 0.9391025641025641 0.5971223021582733 0.9391025641025641 0.6115107913669064 0.9326923076923077 0.6258992805755396 0.9294871794871795 0.6258992805755396 0.9262820512820513 0.6330935251798561 0.9230769230769231 0.6330935251798561 0.9198717948717948 0.6258992805755396
1 0.6399776035834267 0.49517026915981205 0.025755879059350503 0.06535242131043205
1 0.47368421052631576 0.2739774585706575 0.02463605823068309 0.055298202647288665
1 0.40064102564102566 0.302158273381295 0.41025641025641024 0.31654676258992803 0.41025641025641024 0.34532374100719426 0.40705128205128205 0.35251798561151076 0.391025641025641 0.35251798561151076 0.38782051282051283 0.34532374100719426 0.38782051282051283 0.31654676258992803 0.391025641025641 0.30935251798561153 0.3974358974358974 0.30935251798561153
1 0.47435897435897434 0.03597122302158273 0.4775641025641026 0.04316546762589928 0.4807692307692308 0.04316546762589928 0.48717948717948717 0.05755395683453238 0.48717948717948717 0.07194244604316546 0.4807692307692308 0.08633093525179857 0.46794871794871795 0.08633093525179857 0.46153846153846156 0.07194244604316546 0.46153846153846156 0.050359712230215826 0.46794871794871795 0.03597122302158273 0.47115384615384615 0.03597122302158273
1 0.05448717948717949 0.18705035971223022 0.05448717948717949 0.17985611510791366 0.05128205128205128 0.17266187050359713 0.05128205128205128 0.12949640287769784 0.060897435897435896 0.1079136690647482 0.07692307692307693 0.1079136690647482 0.08012820512820513 0.11510791366906475 0.08012820512820513 0.1223021582733813 0.08653846153846154 0.14388489208633093 0.08653846153846154 0.16546762589928057 0.08333333333333333 0.17266187050359713 0.08333333333333333 0.17985611510791366 0.08012820512820513 0.17985611510791366 0.07051282051282051 0.19424460431654678 0.060897435897435896 0.19424460431654678 0.057692307692307696 0.18705035971223022
1 0.08974358974358974 0.20863309352517986 0.09294871794871795 0.2158273381294964 0.10256410256410256 0.22302158273381295 0.10256410256410256 0.2302158273381295 0.10576923076923077 0.23741007194244604 0.10576923076923077 0.26618705035971224 0.09935897435897435 0.2805755395683453 0.09294871794871795 0.2805755395683453 0.08974358974358974 0.28776978417266186 0.07692307692307693 0.28776978417266186 0.0673076923076923 0.26618705035971224 0.0673076923076923 0.23741007194244604 0.07051282051282051 0.2302158273381295 0.07051282051282051 0.22302158273381295 0.07371794871794872 0.22302158273381295 0.07692307692307693 0.2158273381294964 0.08653846153846154 0.20863309352517986
2 0.1794871794871795 0.20863309352517986 0.18269230769230768 0.2158273381294964 0.1858974358974359 0.2158273381294964 0.1858974358974359 0.22302158273381295 0.1891025641025641 0.2302158273381295 0.1891025641025641 0.2517985611510791 0.1858974358974359 0.2517985611510791 0.1762820512820513 0.26618705035971224 0.17307692307692307 0.26618705035971224 0.16666666666666666 0.2517985611510791 0.16666666666666666 0.22302158273381295 0.17307692307692307 0.20863309352517986 0.1762820512820513 0.20863309352517986
2 0.3348264277715566 0.23627413858386973 0.015677491601343786 0.04021687465257357
2 0.8685897435897436 0.2014388489208633 0.8685897435897436 0.20863309352517986 0.8717948717948718 0.2158273381294964 0.8717948717948718 0.2302158273381295 0.8685897435897436 0.23741007194244604 0.8557692307692307 0.23741007194244604 0.8557692307692307 0.2302158273381295 0.8525641025641025 0.22302158273381295 0.8525641025641025 0.20863309352517986 0.8589743589743589 0.19424460431654678 0.8621794871794872 0.19424460431654678 0.8653846153846154 0.2014388489208633
1 0.2403846153846154 0.07194244604316546 0.2532051282051282 0.10071942446043165 0.2532051282051282 0.11510791366906475 0.2467948717948718 0.12949640287769784 0.2403846153846154 0.12949640287769784 0.23397435897435898 0.11510791366906475 0.23076923076923078 0.1223021582733813 0.22435897435897437 0.1223021582733813 0.21794871794871795 0.1079136690647482 0.21794871794871795 0.09352517985611511 0.22756410256410256 0.07194244604316546 0.23717948717948717 0.07194244604316546
1 0.23717948717948717 0.12949640287769784 0.2403846153846154 0.1366906474820144 0.2403846153846154 0.17985611510791366 0.23717948717948717 0.18705035971223022 0.22115384615384615 0.18705035971223022 0.21474358974358973 0.16546762589928057 0.21474358974358973 0.1366906474820144 0.21794871794871795 0.12949640287769784 0.23397435897435898 0.12949640287769784
1 0.2788353863381859 0.11185318262747025 0.040313549832026875 0.0779201946393613
0 0.14423076923076922 0.02877697841726619 0.14743589743589744 0.03597122302158273 0.15064102564102563 0.03597122302158273 0.16025641025641027 0.05755395683453238 0.16025641025641027 0.1079136690647482 0.15705128205128205 0.11510791366906475 0.15705128205128205 0.1223021582733813 0.15064102564102563 0.1366906474820144 0.14423076923076922 0.1366906474820144 0.14102564102564102 0.14388489208633093 0.13141025641025642 0.14388489208633093 0.125 0.12949640287769784 0.12179487179487179 0.12949640287769784 0.11858974358974358 0.1223021582733813 0.11858974358974358 0.11510791366906475 0.11217948717948718 0.10071942446043165 0.11217948717948718 0.05755395683453238 0.11858974358974358 0.04316546762589928 0.12179487179487179 0.04316546762589928 0.13141025641025642 0.02877697841726619 0.14102564102564102 0.02877697841726619
1 0.1858974358974359 0 0.1891025641025641 0.02158273381294964 0.19230769230769232 0.02877697841726619 0.19230769230769232 0.03597122302158273 0.1891025641025641 0.04316546762589928 0.1891025641025641 0.050359712230215826 0.1858974358974359 0.050359712230215826 0.18269230769230768 0.05755395683453238 0.16666666666666666 0.05755395683453238 0.15705128205128205 0.03597122302158273 0.15705128205128205 0.007194244604316547 0.16025641025641027 0 0.18269230769230768 0
2 0.1891025641025641 0.07913669064748201 0.19230769230769232 0.08633093525179857 0.1891025641025641 0.1079136690647482 0.1794871794871795 0.1079136690647482 0.1762820512820513 0.10071942446043165 0.1762820512820513 0.09352517985611511 0.18269230769230768 0.07913669064748201 0.1858974358974359 0.07913669064748201
2 0.10358342665173581 0.198570818597082 0.0167973124300112 0.04021687465257357
2 0.35666293393057114 0.20862503726022538 0.0167973124300112 0.04021687465257357
2 0.375 0.1510791366906475 0.3814102564102564 0.16546762589928057 0.3814102564102564 0.17985611510791366 0.3782051282051282 0.18705035971223022 0.3685897435897436 0.18705035971223022 0.36538461538461536 0.16546762589928057 0.3685897435897436 0.15827338129496402 0.3717948717948718 0.15827338129496402
1 0.4166666666666667 0.17266187050359713 0.4166666666666667 0.18705035971223022 0.4198717948717949 0.19424460431654678 0.4198717948717949 0.20863309352517986 0.4166666666666667 0.2158273381294964 0.4166666666666667 0.22302158273381295 0.41025641025641024 0.23741007194244604 0.3974358974358974 0.23741007194244604 0.391025641025641 0.22302158273381295 0.391025641025641 0.2158273381294964 0.38782051282051283 0.20863309352517986 0.38782051282051283 0.19424460431654678 0.3974358974358974 0.17266187050359713 0.41346153846153844 0.17266187050359713
1 0.4014557670772677 0.09802863196564808 0.03471444568868981 0.06535242131043205
2 0.391025641025641 0.02158273381294964 0.40064102564102566 0.02158273381294964 0.40384615384615385 0.02877697841726619 0.40384615384615385 0.050359712230215826 0.40064102564102566 0.050359712230215826 0.3974358974358974 0.05755395683453238 0.3942307692307692 0.05755395683453238 0.38782051282051283 0.04316546762589928 0.38782051282051283 0.03597122302158273 0.391025641025641 0.02877697841726619
2 0.5865384615384616 0.22302158273381295 0.5897435897435898 0.2302158273381295 0.5897435897435898 0.2589928057553957 0.5801282051282052 0.2589928057553957 0.5769230769230769 0.2517985611510791 0.5769230769230769 0.2302158273381295 0.5801282051282052 0.22302158273381295 0.5833333333333334 0.22302158273381295
2 0.5384615384615384 0.45323741007194246 0.5480769230769231 0.4460431654676259 0.5544871794871795 0.4676258992805755 0.5544871794871795 0.48201438848920863 0.5512820512820513 0.4892086330935252 0.5416666666666666 0.4892086330935252 0.5384615384615384 0.48201438848920863 0.5384615384615384 0.460431654676259
2 0.40705128205128205 0.6762589928057554 0.41025641025641024 0.6834532374100719 0.41025641025641024 0.7122302158273381 0.40064102564102566 0.7122302158273381 0.3974358974358974 0.7050359712230215 0.3974358974358974 0.6834532374100719 0.40064102564102566 0.6762589928057554 0.40384615384615385 0.6762589928057554
1 0.27564102564102566 0.41007194244604317 0.28846153846153844 0.41007194244604317 0.2916666666666667 0.4172661870503597 0.2916666666666667 0.4244604316546763 0.2980769230769231 0.4460431654676259 0.2980769230769231 0.4676258992805755 0.2916666666666667 0.48201438848920863 0.27884615384615385 0.48201438848920863 0.266025641025641 0.45323741007194246 0.266025641025641 0.43884892086330934 0.27564102564102566 0.4172661870503597
1 0.5128205128205128 0.2589928057553957 0.5224358974358975 0.2733812949640288 0.5224358974358975 0.31654676258992803 0.5192307692307693 0.31654676258992803 0.5160256410256411 0.3237410071942446 0.5128205128205128 0.31654676258992803 0.5096153846153846 0.31654676258992803 0.5 0.302158273381295 0.5 0.2733812949640288 0.5064102564102564 0.2589928057553957 0.5096153846153846 0.2589928057553957
1 0.7532051282051282 0.20863309352517986 0.7564102564102564 0.2158273381294964 0.7596153846153846 0.2158273381294964 0.7596153846153846 0.22302158273381295 0.7628205128205128 0.2302158273381295 0.7628205128205128 0.2517985611510791 0.7532051282051282 0.2733812949640288 0.7467948717948718 0.2733812949640288 0.7435897435897436 0.26618705035971224 0.7403846153846154 0.26618705035971224 0.7403846153846154 0.2446043165467626 0.7371794871794872 0.23741007194244604 0.7371794871794872 0.22302158273381295 0.7403846153846154 0.2158273381294964 0.75 0.20863309352517986
2 0.6378205128205128 0.07913669064748201 0.6410256410256411 0.08633093525179857 0.6410256410256411 0.10071942446043165 0.6378205128205128 0.1079136690647482 0.6314102564102564 0.1079136690647482 0.6282051282051282 0.10071942446043165 0.6282051282051282 0.08633093525179857 0.6314102564102564 0.07913669064748201 0.6346153846153846 0.07913669064748201
2 0.6506410256410257 0.28776978417266186 0.6506410256410257 0.30935251798561153 0.6474358974358975 0.31654676258992803 0.6410256410256411 0.31654676258992803 0.6378205128205128 0.30935251798561153 0.6378205128205128 0.28776978417266186 0.6410256410256411 0.2805755395683453 0.6442307692307693 0.2805755395683453 0.6474358974358975 0.28776978417266186
1 0.842948717948718 0.17985611510791366 0.8493589743589743 0.2014388489208633 0.8493589743589743 0.22302158273381295 0.842948717948718 0.23741007194244604 0.8333333333333334 0.23741007194244604 0.8301282051282052 0.2302158273381295 0.8269230769230769 0.2302158273381295 0.8269230769230769 0.22302158273381295 0.8237179487179487 0.2158273381294964 0.8237179487179487 0.18705035971223022 0.8269230769230769 0.18705035971223022 0.8301282051282052 0.17985611510791366 0.8397435897435898 0.17985611510791366
1 0.574468085106383 0.1872598226010457 0.03807390817469205 0.0779201946393613
1 0.3426651735722284 0.07917697197225422 0.03135498320268757 0.06786597597621791
1 0.266025641025641 0 0.30128205128205127 0 0.30128205128205127 0.03597122302158273 0.2980769230769231 0.03597122302158273 0.2916666666666667 0.050359712230215826 0.28846153846153844 0.050359712230215826 0.28525641025641024 0.05755395683453238 0.27884615384615385 0.05755395683453238 0.27564102564102566 0.050359712230215826 0.2692307692307692 0.050359712230215826 0.266025641025641 0.04316546762589928 0.266025641025641 0.007194244604316547
1 0.4468085106382979 0.8835144650237258 0.040313549832026875 0.08797441330250469
2 0.08958566629339315 0.8307298170422228 0.015677491601343786 0.027649101323644332
2 0.103023516237402 0.8370137037066875 0.011198208286674132 0.025135546657858485
2 0.10806270996640549 0.8533518090342955 0.012318029115341545 0.032676210655216024