1 0.6378205128205128 0.559322033898305 0.6474358974358975 0.576271186440678 0.6474358974358975 0.5819209039548022 0.6538461538461539 0.5988700564971752 0.6538461538461539 0.6214689265536724 0.6442307692307693 0.6384180790960452 0.6410256410256411 0.6384180790960452 0.6378205128205128 0.6440677966101694 0.6217948717948718 0.6440677966101694 0.6185897435897436 0.6384180790960452 0.6121794871794872 0.6384180790960452 0.6057692307692307 0.6271186440677966 0.6057692307692307 0.6214689265536724 0.6025641025641025 0.615819209039548 0.6025641025641025 0.5875706214689266 0.6089743589743589 0.576271186440678 0.6089743589743589 0.5706214689265536 0.6185897435897436 0.559322033898305 0.6346153846153846 0.559322033898305
1 0.5641025641025641 0.576271186440678 0.5737179487179487 0.5932203389830508 0.5737179487179487 0.6271186440677966 0.5641025641025641 0.6440677966101694 0.5608974358974359 0.6440677966101694 0.5576923076923077 0.6497175141242938 0.5448717948717948 0.6497175141242938 0.5352564102564102 0.632768361581921 0.5352564102564102 0.6271186440677966 0.532051282051282 0.6214689265536724 0.532051282051282 0.5988700564971752 0.5352564102564102 0.5932203389830508 0.5352564102564102 0.5875706214689266 0.5416666666666666 0.576271186440678 0.5448717948717948 0.576271186440678 0.5480769230769231 0.5706214689265536 0.5576923076923077 0.5706214689265536 0.5608974358974359 0.576271186440678
1 0.4827586206896552 0.6013849777730549 0.04388714733542319 0.07920230947700263
2 0.4423076923076923 0.615819209039548 0.44551282051282054 0.6214689265536724 0.4519230769230769 0.6214689265536724 0.4583333333333333 0.632768361581921 0.4551282051282051 0.6497175141242938 0.44551282051282054 0.6610169491525424 0.4423076923076923 0.655367231638418 0.4391025641025641 0.655367231638418 0.4358974358974359 0.6497175141242938 0.4358974358974359 0.6214689265536724 0.4391025641025641 0.6214689265536724
2 0.44984326018808785 0.9568744133326248 0.017763845350052244 0.03499636930379186
2 0.46794871794871795 0.9378531073446328 0.4775641025641026 0.9378531073446328 0.4807692307692308 0.943502824858757 0.4807692307692308 0.9548022598870056 0.47435897435897434 0.9661016949152542 0.47115384615384615 0.9661016949152542 0.46474358974358976 0.9548022598870056 0.46474358974358976 0.9491525423728814 0.46794871794871795 0.943502824858757
1 0.4166666666666667 0.4293785310734463 0.4230769230769231 0.4463276836158192 0.4230769230769231 0.480225988700565 0.4198717948717949 0.4858757062146893 0.41346153846153844 0.4858757062146893 0.41025641025641024 0.4915254237288136 0.391025641025641 0.4915254237288136 0.38461538461538464 0.480225988700565 0.38461538461538464 0.4745762711864407 0.3814102564102564 0.4689265536723164 0.3814102564102564 0.4519774011299435 0.38461538461538464 0.4463276836158192 0.38461538461538464 0.4406779661016949 0.391025641025641 0.4293785310734463 0.41346153846153844 0.4293785310734463
1 0.6964472309299896 0.8012326656394453 0.034482758620689655 0.07367656695535128
1 0.9414838035527691 0.7340027982926872 0.033437826541274814 0.08656996617253776
1 0.9487179487179487 0.5480225988700564 0.9551282051282052 0.5649717514124294 0.9551282051282052 0.5932203389830508 0.9455128205128205 0.6101694915254238 0.9294871794871795 0.6101694915254238 0.9294871794871795 0.6045197740112994 0.9262820512820513 0.5988700564971752 0.9262820512820513 0.5706214689265536 0.9294871794871795 0.5649717514124294 0.9294871794871795 0.559322033898305 0.9358974358974359 0.5480225988700564 0.9455128205128205 0.5480225988700564
1 0.7788461538461539 0.559322033898305 0.7884615384615384 0.576271186440678 0.7884615384615384 0.6045197740112994 0.7852564102564102 0.6101694915254238 0.7852564102564102 0.615819209039548 0.782051282051282 0.615819209039548 0.7788461538461539 0.6214689265536724 0.7628205128205128 0.6214689265536724 0.7564102564102564 0.6101694915254238 0.7564102564102564 0.576271186440678 0.7660256410256411 0.559322033898305 0.7756410256410257 0.559322033898305
2 0.2962382445141066 0.4199564316455024 0.017763845350052244 0.03315445512990808
1 0.5705128205128205 0.4519774011299435 0.5801282051282052 0.4632768361581921 0.5801282051282052 0.4689265536723164 0.5833333333333334 0.4745762711864407 0.5833333333333334 0.4858757062146893 0.5865384615384616 0.4915254237288136 0.5865384615384616 0.5141242937853108 0.5833333333333334 0.519774011299435 0.5833333333333334 0.5254237288135594 0.5737179487179487 0.536723163841808 0.5673076923076923 0.536723163841808 0.5641025641025641 0.5310734463276836 0.5608974358974359 0.5310734463276836 0.5544871794871795 0.519774011299435 0.5544871794871795 0.5141242937853108 0.5512820512820513 0.5084745762711864 0.5512820512820513 0.480225988700565 0.5544871794871795 0.4745762711864407 0.5544871794871795 0.4689265536723164 0.5641025641025641 0.4519774011299435 0.5673076923076923 0.4519774011299435
2 0.5384615384615384 0.4463276836158192 0.5448717948717948 0.4576271186440678 0.5448717948717948 0.480225988700565 0.5416666666666666 0.4858757062146893 0.532051282051282 0.4858757062146893 0.5288461538461539 0.480225988700565 0.5288461538461539 0.4689265536723164 0.5256410256410257 0.4632768361581921 0.5256410256410257 0.4576271186440678 0.532051282051282 0.4463276836158192 0.5352564102564102 0.4463276836158192
1 0.4681295715778475 0.4429803588190496 0.03552769070010449 0.07551848112923507
1 0.27884615384615385 0.23163841807909605 0.28205128205128205 0.23728813559322035 0.28525641025641024 0.23728813559322035 0.2916666666666667 0.24858757062146894 0.2916666666666667 0.2542372881355932 0.2980769230769231 0.2711864406779661 0.2980769230769231 0.2824858757062147 0.30128205128205127 0.288135593220339 0.30128205128205127 0.3163841807909605 0.2916666666666667 0.3333333333333333 0.28846153846153844 0.3333333333333333 0.28525641025641024 0.3389830508474576 0.266025641025641 0.3389830508474576 0.26282051282051283 0.3333333333333333 0.25961538461538464 0.3333333333333333 0.2532051282051282 0.3220338983050847 0.2532051282051282 0.3163841807909605 0.2467948717948718 0.2994350282485876 0.2467948717948718 0.2655367231638418 0.25 0.2598870056497175 0.25 0.2542372881355932 0.2564102564102564 0.24293785310734464 0.27564102564102566 0.23163841807909605
1 0.2692307692307692 0.6214689265536724 0.27884615384615385 0.6384180790960452 0.27884615384615385 0.6440677966101694 0.28205128205128205 0.6497175141242938 0.28205128205128205 0.6779661016949152 0.2724358974358974 0.6949152542372882 0.2692307692307692 0.6949152542372882 0.266025641025641 0.7005649717514124 0.23717948717948717 0.7005649717514124 0.23717948717948717 0.6949152542372882 0.23076923076923078 0.6836158192090396 0.23076923076923078 0.655367231638418 0.2403846153846154 0.6384180790960452 0.24358974358974358 0.6384180790960452 0.25 0.6271186440677966 0.2532051282051282 0.6271186440677966 0.2564102564102564 0.6214689265536724 0.266025641025641 0.6214689265536724
1 0.266025641025641 0.062146892655367235 0.2692307692307692 0.06779661016949153 0.2724358974358974 0.06779661016949153 0.27884615384615385 0.07909604519774012 0.27884615384615385 0.0903954802259887 0.28205128205128205 0.096045197740113 0.28205128205128205 0.12429378531073447 0.27564102564102566 0.13559322033898305 0.2724358974358974 0.13559322033898305 0.2692307692307692 0.14124293785310735 0.26282051282051283 0.14124293785310735 0.25961538461538464 0.14689265536723164 0.2467948717948718 0.14689265536723164 0.23717948717948717 0.12994350282485875 0.23717948717948717 0.0903954802259887 0.2403846153846154 0.0847457627118644 0.2403846153846154 0.07909604519774012 0.2467948717948718 0.06779661016949153 0.25 0.06779661016949153 0.2532051282051282 0.062146892655367235 0.26282051282051283 0.062146892655367235
1 0.09294871794871795 0.1807909604519774 0.11538461538461539 0.1807909604519774 0.12179487179487179 0.1977401129943503 0.12179487179487179 0.23728813559322035 0.11538461538461539 0.24858757062146894 0.11217948717948718 0.24858757062146894 0.10897435897435898 0.2542372881355932 0.09294871794871795 0.2542372881355932 0.08333333333333333 0.23728813559322035 0.08333333333333333 0.23163841807909605 0.08012820512820513 0.22598870056497175 0.08012820512820513 0.21468926553672316 0.08333333333333333 0.20903954802259886 0.08333333333333333 0.2033898305084746 0.09294871794871795 0.1864406779661017
1 0.18965517241379315 0.727556098684094 0.038662486938349006 0.08472805199865398
1 0.6577847439916406 0.27812904025645113 0.038662486938349006 0.07367656695535128
1 0.4391025641025641 0.7401129943502824 0.4519230769230769 0.7627118644067796 0.4519230769230769 0.7966101694915254 0.44871794871794873 0.8022598870056498 0.44871794871794873 0.807909604519774 0.4423076923076923 0.8192090395480226 0.4391025641025641 0.8192090395480226 0.4358974358974359 0.8248587570621468 0.42948717948717946 0.8248587570621468 0.42628205128205127 0.8192090395480226 0.4198717948717949 0.8192090395480226 0.4166666666666667 0.8135593220338984 0.4166666666666667 0.8022598870056498 0.41025641025641024 0.7853107344632768 0.41025641025641024 0.768361581920904 0.4230769230769231 0.7457627118644068 0.42948717948717946 0.7457627118644068 0.4326923076923077 0.7401129943502824 0.4358974358974359 0.7401129943502824
2 0.13113897596656224 0.7984697943786196 0.017763845350052244 0.031312540956024294
1 0.08974358974358974 0.7570621468926554 0.09615384615384616 0.768361581920904 0.10576923076923077 0.7740112994350282 0.10576923076923077 0.7796610169491526 0.10897435897435898 0.7853107344632768 0.10897435897435898 0.807909604519774 0.10256410256410256 0.8248587570621468 0.08974358974358974 0.8248587570621468 0.08653846153846154 0.8305084745762712 0.08333333333333333 0.8305084745762712 0.08012820512820513 0.8248587570621468 0.07692307692307693 0.8248587570621468 0.07051282051282051 0.8135593220338984 0.0673076923076923 0.8135593220338984 0.0673076923076923 0.807909604519774 0.0641025641025641 0.8022598870056498 0.0641025641025641 0.7740112994350282 0.0673076923076923 0.768361581920904 0.07051282051282051 0.768361581920904 0.07692307692307693 0.7570621468926554 0.08653846153846154 0.7570621468926554
1 0.5064102564102564 0.4124293785310734 0.5064102564102564 0.4067796610169492 0.5 0.3898305084745763 0.5 0.3672316384180791 0.5032051282051282 0.3615819209039548 0.5032051282051282 0.3559322033898305 0.5096153846153846 0.3446327683615819 0.5256410256410257 0.3446327683615819 0.532051282051282 0.3615819209039548 0.532051282051282 0.3954802259887006 0.5224358974358975 0.4124293785310734 0.5096153846153846 0.4124293785310734
1 0.3525641025641026 0.6384180790960452 0.36217948717948717 0.655367231638418 0.36217948717948717 0.6949152542372882 0.358974358974359 0.7005649717514124 0.358974358974359 0.7062146892655368 0.3525641025641026 0.7175141242937854 0.33974358974358976 0.7175141242937854 0.3269230769230769 0.6949152542372882 0.3269230769230769 0.6892655367231638 0.32371794871794873 0.6836158192090396 0.32371794871794873 0.6666666666666666 0.3301282051282051 0.655367231638418 0.3301282051282051 0.6497175141242938 0.33974358974358976 0.6384180790960452 0.34935897435897434 0.6384180790960452
1 0.2948717948717949 0.7062146892655368 0.30128205128205127 0.7175141242937854 0.30128205128205127 0.7231638418079096 0.30448717948717946 0.7288135593220338 0.30448717948717946 0.7627118644067796 0.2948717948717949 0.7740112994350282 0.28205128205128205 0.7740112994350282 0.27884615384615385 0.768361581920904 0.2724358974358974 0.768361581920904 0.266025641025641 0.7570621468926554 0.266025641025641 0.7288135593220338 0.27564102564102566 0.711864406779661 0.27884615384615385 0.711864406779661 0.28205128205128205 0.7062146892655368 0.2916666666666667 0.7062146892655368
1 0.30448717948717946 0.5141242937853108 0.3108974358974359 0.5254237288135594 0.3108974358974359 0.536723163841808 0.3141025641025641 0.5423728813559322 0.3141025641025641 0.5536723163841808 0.3108974358974359 0.559322033898305 0.3076923076923077 0.576271186440678 0.30448717948717946 0.576271186440678 0.30128205128205127 0.5819209039548022 0.2948717948717949 0.5819209039548022 0.2916666666666667 0.5875706214689266 0.27564102564102566 0.5706214689265536 0.27564102564102566 0.5649717514124294 0.2724358974358974 0.559322033898305 0.2724358974358974 0.5310734463276836 0.27884615384615385 0.519774011299435 0.28846153846153844 0.519774011299435 0.2916666666666667 0.5141242937853108 0.30128205128205127 0.5141242937853108
1 0.08653846153846154 0.6101694915254238 0.08974358974358974 0.615819209039548 0.08974358974358974 0.6271186440677966 0.09294871794871795 0.632768361581921 0.09294871794871795 0.6610169491525424 0.08333333333333333 0.6779661016949152 0.0641025641025641 0.6779661016949152 0.057692307692307696 0.6666666666666666 0.057692307692307696 0.655367231638418 0.05448717948717949 0.6497175141242938 0.05448717948717949 0.6384180790960452 0.057692307692307696 0.632768361581921 0.057692307692307696 0.6271186440677966 0.0673076923076923 0.6101694915254238 0.08333333333333333 0.6101694915254238
1 0.8493589743589743 0.632768361581921 0.8525641025641025 0.6384180790960452 0.8557692307692307 0.6384180790960452 0.8557692307692307 0.6440677966101694 0.8589743589743589 0.6497175141242938 0.8589743589743589 0.6779661016949152 0.8557692307692307 0.6836158192090396 0.8557692307692307 0.6892655367231638 0.8461538461538461 0.7062146892655368 0.8269230769230769 0.7062146892655368 0.8141025641025641 0.6836158192090396 0.8141025641025641 0.6666666666666666 0.8237179487179487 0.6497175141242938 0.8237179487179487 0.6440677966101694 0.8269230769230769 0.6440677966101694 0.8365384615384616 0.632768361581921 0.8461538461538461 0.632768361581921
1 0.8910256410256411 0.5932203389830508 0.9006410256410257 0.6101694915254238 0.9006410256410257 0.615819209039548 0.9038461538461539 0.6214689265536724 0.9038461538461539 0.655367231638418 0.9006410256410257 0.6610169491525424 0.9006410256410257 0.6666666666666666 0.8974358974358975 0.6666666666666666 0.8942307692307693 0.672316384180791 0.8814102564102564 0.672316384180791 0.8717948717948718 0.655367231638418 0.8717948717948718 0.6440677966101694 0.8685897435897436 0.6384180790960452 0.8685897435897436 0.6101694915254238 0.8782051282051282 0.5932203389830508 0.8878205128205128 0.5932203389830508
2 0.9440961337513062 0.4420594017321077 0.0303030303030303 0.05894125356428103
2 0.9455128205128205 0.480225988700565 0.9487179487179487 0.4858757062146893 0.9487179487179487 0.4915254237288136 0.9551282051282052 0.5028248587570622 0.9551282051282052 0.5141242937853108 0.9519230769230769 0.519774011299435 0.9519230769230769 0.5254237288135594 0.9391025641025641 0.5254237288135594 0.9326923076923077 0.5141242937853108 0.9326923076923077 0.4915254237288136 0.9391025641025641 0.480225988700565 0.9423076923076923 0.480225988700565
2 0.8461538461538461 0.536723163841808 0.8493589743589743 0.5423728813559322 0.8493589743589743 0.576271186440678 0.8461538461538461 0.5819209039548022 0.8365384615384616 0.5819209039548022 0.8269230769230769 0.5649717514124294 0.8269230769230769 0.5480225988700564 0.8333333333333334 0.536723163841808 0.842948717948718 0.536723163841808
1 0.8878205128205128 0.5254237288135594 0.8942307692307693 0.536723163841808 0.8942307692307693 0.5423728813559322 0.8974358974358975 0.5480225988700564 0.8974358974358975 0.5706214689265536 0.8878205128205128 0.5875706214689266 0.8685897435897436 0.5875706214689266 0.8653846153846154 0.5819209039548022 0.8621794871794872 0.5819209039548022 0.8557692307692307 0.5649717514124294 0.8557692307692307 0.5423728813559322 0.8621794871794872 0.5310734463276836 0.8653846153846154 0.5310734463276836 0.8685897435897436 0.5254237288135594 0.8846153846153846 0.5254237288135594
2 0.7660256410256411 0.4971751412429379 0.7660256410256411 0.5028248587570622 0.7692307692307693 0.5084745762711864 0.7692307692307693 0.519774011299435 0.7724358974358975 0.5254237288135594 0.7724358974358975 0.536723163841808 0.7660256410256411 0.5480225988700564 0.7564102564102564 0.5480225988700564 0.75 0.536723163841808 0.75 0.5084745762711864 0.7532051282051282 0.5028248587570622 0.7532051282051282 0.4971751412429379 0.7564102564102564 0.4915254237288136 0.7596153846153846 0.4915254237288136 0.7628205128205128 0.4971751412429379
2 0.7951933124346917 0.5277084108177036 0.03134796238244514 0.05709933939039724
1 0.7019230769230769 0.632768361581921 0.7051282051282052 0.6384180790960452 0.7083333333333334 0.6384180790960452 0.7083333333333334 0.6440677966101694 0.7147435897435898 0.6610169491525424 0.7147435897435898 0.6949152542372882 0.7051282051282052 0.711864406779661 0.6923076923076923 0.711864406779661 0.6891025641025641 0.7062146892655368 0.6858974358974359 0.7062146892655368 0.6858974358974359 0.7005649717514124 0.6794871794871795 0.6892655367231638 0.6794871794871795 0.6610169491525424 0.6826923076923077 0.655367231638418 0.6826923076923077 0.6497175141242938 0.6891025641025641 0.6384180790960452 0.6987179487179487 0.6384180790960452
1 0.782051282051282 0.23728813559322035 0.7884615384615384 0.2542372881355932 0.7884615384615384 0.2655367231638418 0.7916666666666666 0.2711864406779661 0.7916666666666666 0.288135593220339 0.7884615384615384 0.2937853107344633 0.7884615384615384 0.2994350282485876 0.7788461538461539 0.3107344632768362 0.7692307692307693 0.3107344632768362 0.7660256410256411 0.3050847457627119 0.7628205128205128 0.3050847457627119 0.7564102564102564 0.288135593220339 0.7564102564102564 0.2598870056497175 0.7596153846153846 0.2542372881355932 0.7596153846153846 0.24858757062146894 0.7660256410256411 0.23728813559322035 0.7692307692307693 0.23728813559322035 0.7724358974358975 0.23163841807909605 0.7756410256410257 0.23163841807909605 0.7788461538461539 0.23728813559322035
1 0.5673076923076923 0.655367231638418 0.5769230769230769 0.672316384180791 0.5769230769230769 0.6836158192090396 0.5801282051282052 0.6892655367231638 0.5801282051282052 0.7005649717514124 0.5769230769230769 0.7062146892655368 0.5769230769230769 0.711864406779661 0.5673076923076923 0.7288135593220338 0.5544871794871795 0.7288135593220338 0.5512820512820513 0.7231638418079096 0.5448717948717948 0.7231638418079096 0.5384615384615384 0.7062146892655368 0.5384615384615384 0.6779661016949152 0.5480769230769231 0.6610169491525424 0.5576923076923077 0.6610169491525424 0.5608974358974359 0.655367231638418 0.5641025641025641 0.655367231638418
1 0.4358974358974359 0.3446327683615819 0.44551282051282054 0.3615819209039548 0.44551282051282054 0.3898305084745763 0.4391025641025641 0.4011299435028249 0.4326923076923077 0.4011299435028249 0.42948717948717946 0.4067796610169492 0.42628205128205127 0.4067796610169492 0.4166666666666667 0.3954802259887006 0.4166666666666667 0.3898305084745763 0.41346153846153844 0.384180790960452 0.41346153846153844 0.3615819209039548 0.4166666666666667 0.3559322033898305 0.4166666666666667 0.3502824858757062 0.4198717948717949 0.3502824858757062 0.4230769230769231 0.3446327683615819 0.4326923076923077 0.3446327683615819
1 0.38782051282051283 0.3672316384180791 0.391025641025641 0.3672316384180791 0.3942307692307692 0.3615819209039548 0.40384615384615385 0.3615819209039548 0.4166666666666667 0.384180790960452 0.4166666666666667 0.4124293785310734 0.41025641025641024 0.423728813559322 0.391025641025641 0.423728813559322 0.3814102564102564 0.4067796610169492 0.3814102564102564 0.384180790960452 0.38782051282051283 0.3728813559322034
1 0.48717948717948717 0.3728813559322034 0.4935897435897436 0.384180790960452 0.4935897435897436 0.423728813559322 0.48717948717948717 0.4350282485875706 0.483974358974359 0.4350282485875706 0.4775641025641026 0.423728813559322 0.4775641025641026 0.4180790960451977 0.47435897435897434 0.4124293785310734 0.46153846153846156 0.4124293785310734 0.4551282051282051 0.4011299435028249 0.4551282051282051 0.384180790960452 0.46474358974358976 0.3672316384180791 0.4807692307692308 0.3672316384180791 0.483974358974359 0.3728813559322034
1 0.125 0.3333333333333333 0.1282051282051282 0.3389830508474576 0.13141025641025642 0.3389830508474576 0.13782051282051283 0.3502824858757062 0.13782051282051283 0.3898305084745763 0.1346153846153846 0.3954802259887006 0.1282051282051282 0.3954802259887006 0.125 0.4011299435028249 0.10897435897435898 0.4011299435028249 0.09935897435897435 0.384180790960452 0.09935897435897435 0.3502824858757062 0.10576923076923077 0.3389830508474576 0.10897435897435898 0.3389830508474576 0.11217948717948718 0.3333333333333333 0.12179487179487179 0.3333333333333333
1 0.3202716823406479 0.2891805252997538 0.038662486938349006 0.08841188034642156
1 0.6378205128205128 0.4067796610169492 0.6410256410256411 0.4124293785310734 0.6442307692307693 0.4124293785310734 0.6506410256410257 0.4293785310734463 0.6506410256410257 0.4576271186440678 0.6410256410256411 0.4689265536723164 0.6314102564102564 0.4689265536723164 0.6282051282051282 0.4632768361581921 0.625 0.4632768361581921 0.6185897435897436 0.4519774011299435 0.6185897435897436 0.4293785310734463 0.6217948717948718 0.423728813559322 0.6217948717948718 0.4180790960451977 0.625 0.4124293785310734 0.6346153846153846 0.4067796610169492
1 0.40384615384615385 0.7796610169491526 0.40384615384615385 0.7853107344632768 0.41025641025641024 0.8022598870056498 0.41025641025641024 0.8135593220338984 0.3974358974358974 0.8361581920903954 0.3814102564102564 0.8361581920903954 0.3782051282051282 0.8305084745762712 0.3782051282051282 0.8248587570621468 0.375 0.8192090395480226 0.375 0.7796610169491526 0.38461538461538464 0.768361581920904 0.3942307692307692 0.768361581920904 0.40064102564102566 0.7796610169491526
1 0.391025641025641 0.559322033898305 0.3974358974358974 0.5706214689265536 0.3974358974358974 0.5819209039548022 0.40064102564102566 0.5875706214689266 0.40064102564102566 0.5988700564971752 0.38782051282051283 0.6214689265536724 0.3782051282051282 0.6214689265536724 0.375 0.615819209039548 0.3685897435897436 0.615819209039548 0.36538461538461536 0.6101694915254238 0.36538461538461536 0.576271186440678 0.3685897435897436 0.5706214689265536 0.3717948717948718 0.5706214689265536 0.3782051282051282 0.559322033898305 0.38782051282051283 0.559322033898305
1 0.16987179487179488 0.5649717514124294 0.17307692307692307 0.5706214689265536 0.1762820512820513 0.5706214689265536 0.1762820512820513 0.576271186440678 0.1794871794871795 0.5819209039548022 0.1794871794871795 0.5932203389830508 0.18269230769230768 0.5988700564971752 0.18269230769230768 0.6101694915254238 0.1794871794871795 0.615819209039548 0.1794871794871795 0.6214689265536724 0.17307692307692307 0.632768361581921 0.16987179487179488 0.632768361581921 0.16666666666666666 0.6384180790960452 0.15064102564102563 0.6384180790960452 0.14423076923076922 0.6271186440677966 0.14102564102564102 0.6271186440677966 0.14102564102564102 0.6214689265536724 0.13782051282051283 0.615819209039548 0.13782051282051283 0.5875706214689266 0.14102564102564102 0.5819209039548022 0.14102564102564102 0.576271186440678 0.15064102564102563 0.5649717514124294 0.16666666666666666 0.5649717514124294
1 0.20512820512820512 0.5480225988700564 0.21153846153846154 0.559322033898305 0.21153846153846154 0.5649717514124294 0.21474358974358973 0.5706214689265536 0.21474358974358973 0.6101694915254238 0.20512820512820512 0.6271186440677966 0.1891025641025641 0.6271186440677966 0.18269230769230768 0.6101694915254238 0.18269230769230768 0.576271186440678 0.1858974358974359 0.5706214689265536 0.1858974358974359 0.5649717514124294 0.19230769230769232 0.5536723163841808 0.20192307692307693 0.5480225988700564
1 0.4326923076923077 0.6666666666666666 0.4358974358974359 0.672316384180791 0.4391025641025641 0.672316384180791 0.4391025641025641 0.6779661016949152 0.4423076923076923 0.6836158192090396 0.4423076923076923 0.711864406779661 0.4326923076923077 0.7231638418079096 0.4166666666666667 0.7231638418079096 0.41025641025641024 0.711864406779661 0.41025641025641024 0.7062146892655368 0.40705128205128205 0.7005649717514124 0.40705128205128205 0.6892655367231638 0.41346153846153844 0.672316384180791 0.4166666666666667 0.672316384180791 0.4198717948717949 0.6666666666666666 0.42948717948717946 0.6666666666666666
1 0.420062695924765 0.5682305226431468 0.041797283176593515 0.08656996617253776
1 0.7638453500522466 0.09393762286807289 0.029258098223615463 0.0515735968687459
2 0.47435897435897434 0.0847457627118644 0.4775641025641026 0.0903954802259887 0.4775641025641026 0.11864406779661017 0.47435897435897434 0.12429378531073447 0.46474358974358976 0.12429378531073447 0.4583333333333333 0.10734463276836158 0.46153846153846156 0.0903954802259887 0.47115384615384615 0.0847457627118644
2 0.6844305120167189 0.9274037865504844 0.016718913270637407 0.031312540956024294
2 0.7904911180773251 0.8859607176380992 0.017763845350052244 0.029470626782140515
2 0.8076923076923077 0.7740112994350282 0.8108974358974359 0.7796610169491526 0.8108974358974359 0.7909604519774012 0.8076923076923077 0.7966101694915254 0.7980769230769231 0.7966101694915254 0.7980769230769231 0.7796610169491526 0.8012820512820513 0.7740112994350282 0.8044871794871795 0.7740112994350282
2 0.875 0.6949152542372882 0.8846153846153846 0.7062146892655368 0.8846153846153846 0.711864406779661 0.8878205128205128 0.7175141242937854 0.8846153846153846 0.7231638418079096 0.8846153846153846 0.7288135593220338 0.8814102564102564 0.7344632768361582 0.8685897435897436 0.7344632768361582 0.8653846153846154 0.7288135593220338 0.8653846153846154 0.7062146892655368 0.8685897435897436 0.7005649717514124 0.8717948717948718 0.7005649717514124
1 0.7467948717948718 0.192090395480226 0.7532051282051282 0.2033898305084746 0.7532051282051282 0.21468926553672316 0.7564102564102564 0.22033898305084745 0.7564102564102564 0.23163841807909605 0.7532051282051282 0.23728813559322035 0.7532051282051282 0.24293785310734464 0.7435897435897436 0.2542372881355932 0.7307692307692307 0.2542372881355932 0.7275641025641025 0.24858757062146894 0.7243589743589743 0.24858757062146894 0.717948717948718 0.23728813559322035 0.717948717948718 0.23163841807909605 0.7147435897435898 0.22598870056497175 0.7147435897435898 0.2033898305084746 0.717948717948718 0.1977401129943503 0.7211538461538461 0.1977401129943503 0.7307692307692307 0.1864406779661017 0.7403846153846154 0.1864406779661017 0.7435897435897436 0.192090395480226
1 0.6955128205128205 0.20903954802259886 0.6987179487179487 0.21468926553672316 0.7051282051282052 0.21468926553672316 0.7051282051282052 0.22033898305084745 0.7083333333333334 0.22598870056497175 0.7083333333333334 0.2598870056497175 0.6987179487179487 0.2768361581920904 0.6858974358974359 0.2768361581920904 0.6794871794871795 0.2655367231638418 0.6794871794871795 0.2598870056497175 0.6730769230769231 0.24293785310734464 0.6730769230769231 0.23163841807909605 0.6762820512820513 0.22598870056497175 0.6762820512820513 0.22033898305084745 0.6826923076923077 0.20903954802259886 0.6923076923076923 0.20903954802259886
1 0.7147435897435898 0.062146892655367235 0.717948717948718 0.06779661016949153 0.7211538461538461 0.06779661016949153 0.7275641025641025 0.07909604519774012 0.7275641025641025 0.11299435028248588 0.7243589743589743 0.11864406779661017 0.7243589743589743 0.12429378531073447 0.717948717948718 0.13559322033898305 0.7019230769230769 0.13559322033898305 0.6923076923076923 0.11864406779661017 0.6923076923076923 0.096045197740113 0.6955128205128205 0.0903954802259887 0.6955128205128205 0.07909604519774012 0.6987179487179487 0.07344632768361582 0.6987179487179487 0.06779661016949153 0.7019230769230769 0.062146892655367235 0.7115384615384616 0.062146892655367235
2 0.8685897435897436 0.4463276836158192 0.8685897435897436 0.4406779661016949 0.8653846153846154 0.4350282485875706 0.8653846153846154 0.423728813559322 0.8717948717948718 0.4124293785310734 0.8814102564102564 0.4124293785310734 0.8846153846153846 0.4180790960451977 0.8846153846153846 0.4406779661016949 0.8782051282051282 0.4519774011299435 0.875 0.4519774011299435 0.8717948717948718 0.4463276836158192
1 0.9487179487179487 0.3615819209039548 0.9583333333333334 0.3785310734463277 0.9583333333333334 0.4011299435028249 0.9519230769230769 0.4180790960451977 0.9294871794871795 0.4180790960451977 0.9262820512820513 0.4124293785310734 0.9230769230769231 0.4124293785310734 0.9166666666666666 0.3954802259887006 0.9166666666666666 0.3898305084745763 0.9230769230769231 0.3728813559322034 0.9262820512820513 0.3728813559322034 0.9358974358974359 0.3615819209039548 0.9455128205128205 0.3615819209039548
1 0.6959247648902822 0.3868019765155942 0.045977011494252866 0.07736039530311885
1 0.731974921630094 0.3610151780812213 0.04075235109717868 0.07367656695535128
1 0.15705128205128205 0.14124293785310735 0.16025641025641027 0.14689265536723164 0.16346153846153846 0.14689265536723164 0.16987179487179488 0.15819209039548024 0.16987179487179488 0.1864406779661017 0.16666666666666666 0.192090395480226 0.16666666666666666 0.1977401129943503 0.16025641025641027 0.20903954802259886 0.14423076923076922 0.20903954802259886 0.1346153846153846 0.192090395480226 0.1346153846153846 0.1638418079096045 0.14102564102564102 0.15254237288135594 0.14743589743589744 0.15254237288135594 0.15064102564102563 0.14689265536723164 0.15384615384615385 0.14689265536723164
2 0.14743589743589744 0.8361581920903954 0.14743589743589744 0.807909604519774 0.15064102564102563 0.8022598870056498 0.16025641025641027 0.8022598870056498 0.16346153846153846 0.807909604519774 0.16346153846153846 0.8305084745762712 0.16025641025641027 0.8361581920903954 0.15064102564102563 0.8361581920903954
1 0.22831765935214213 0.3103625382994173 0.038662486938349006 0.07551848112923507
1 0.358974358974359 0.07344632768361582 0.358974358974359 0.06779661016949153 0.3557692307692308 0.062146892655367235 0.3557692307692308 0.03954802259887006 0.358974358974359 0.03389830508474576 0.358974358974359 0.02824858757062147 0.3685897435897436 0.01694915254237288 0.38461538461538464 0.01694915254237288 0.38782051282051283 0.022598870056497175 0.38782051282051283 0.02824858757062147 0.3942307692307692 0.03954802259887006 0.3942307692307692 0.06779661016949153 0.38782051282051283 0.07909604519774012 0.38461538461538464 0.07909604519774012 0.3814102564102564 0.0847457627118644 0.3717948717948718 0.0847457627118644 0.36217948717948717 0.07344632768361582
1 0.3234064785788924 0.03683828347767564 0.04493207941483803 0.07367656695535128
2 0.8493589743589743 0.4011299435028249 0.8557692307692307 0.4124293785310734 0.8557692307692307 0.4350282485875706 0.8525641025641025 0.4406779661016949 0.842948717948718 0.4406779661016949 0.8365384615384616 0.4293785310734463 0.8365384615384616 0.4180790960451977 0.8397435897435898 0.4124293785310734 0.8397435897435898 0.4067796610169492 0.842948717948718 0.4011299435028249 0.8461538461538461 0.4011299435028249
1 0.822884012539185 0.4788976852097834 0.03657262277951933 0.05894125356428103
2 0.8493589743589743 0.4632768361581921 0.8557692307692307 0.480225988700565 0.8557692307692307 0.4915254237288136 0.8525641025641025 0.4971751412429379 0.8525641025641025 0.5084745762711864 0.8397435897435898 0.5084745762711864 0.8365384615384616 0.5028248587570622 0.8365384615384616 0.4745762711864407 0.842948717948718 0.4632768361581921 0.8461538461538461 0.4632768361581921
1 0.8557692307692307 0.22598870056497175 0.8621794871794872 0.24293785310734464 0.8621794871794872 0.2542372881355932 0.8653846153846154 0.2598870056497175 0.8653846153846154 0.2768361581920904 0.8621794871794872 0.2824858757062147 0.8621794871794872 0.288135593220339 0.8525641025641025 0.3050847457627119 0.842948717948718 0.3050847457627119 0.8397435897435898 0.2994350282485876 0.8365384615384616 0.2994350282485876 0.8301282051282052 0.288135593220339 0.8301282051282052 0.2768361581920904 0.8269230769230769 0.2711864406779661 0.8269230769230769 0.24858757062146894 0.8365384615384616 0.23163841807909605 0.8397435897435898 0.23163841807909605 0.842948717948718 0.22598870056497175 0.8525641025641025 0.22598870056497175
1 0.8878205128205128 0.7401129943502824 0.8942307692307693 0.751412429378531 0.8942307692307693 0.7570621468926554 0.8974358974358975 0.7627118644067796 0.8974358974358975 0.7796610169491526 0.8942307692307693 0.7853107344632768 0.8942307692307693 0.7909604519774012 0.8910256410256411 0.7909604519774012 0.8846153846153846 0.8022598870056498 0.8782051282051282 0.8022598870056498 0.875 0.7966101694915254 0.8717948717948718 0.7966101694915254 0.8717948717948718 0.7909604519774012 0.8653846153846154 0.7796610169491526 0.8653846153846154 0.751412429378531 0.875 0.7401129943502824 0.8846153846153846 0.7401129943502824
1 0.7564102564102564 0.6271186440677966 0.7660256410256411 0.6440677966101694 0.7692307692307693 0.6440677966101694 0.7692307692307693 0.6666666666666666 0.7660256410256411 0.672316384180791 0.7660256410256411 0.6836158192090396 0.7628205128205128 0.6892655367231638 0.7435897435897436 0.6892655367231638 0.7339743589743589 0.672316384180791 0.7339743589743589 0.655367231638418 0.7371794871794872 0.6497175141242938 0.7371794871794872 0.6440677966101694 0.7435897435897436 0.632768361581921 0.7532051282051282 0.6271186440677966
1 0.4935897435897436 0.2937853107344633 0.5128205128205128 0.2937853107344633 0.5192307692307693 0.3107344632768362 0.5192307692307693 0.3333333333333333 0.5128205128205128 0.3446327683615819 0.4935897435897436 0.3446327683615819 0.49038461538461536 0.3389830508474576 0.49038461538461536 0.3050847457627119 0.4935897435897436 0.2994350282485876
1 0.3782051282051282 0.4971751412429379 0.3814102564102564 0.5028248587570622 0.38461538461538464 0.5028248587570622 0.391025641025641 0.5141242937853108 0.391025641025641 0.5423728813559322 0.3814102564102564 0.5536723163841808 0.3782051282051282 0.5536723163841808 0.375 0.5480225988700564 0.3717948717948718 0.5536723163841808 0.3685897435897436 0.5480225988700564 0.36538461538461536 0.5480225988700564 0.36538461538461536 0.5423728813559322 0.36217948717948717 0.536723163841808 0.36217948717948717 0.5141242937853108 0.3717948717948718 0.4971751412429379 0.375 0.4971751412429379
1 0.34615384615384615 0.4689265536723164 0.3557692307692308 0.4858757062146893 0.3557692307692308 0.5084745762711864 0.3525641025641026 0.5141242937853108 0.3525641025641026 0.5254237288135594 0.34294871794871795 0.536723163841808 0.3333333333333333 0.536723163841808 0.3301282051282051 0.5310734463276836 0.3269230769230769 0.5310734463276836 0.3269230769230769 0.5254237288135594 0.32371794871794873 0.519774011299435 0.32371794871794873 0.4858757062146893 0.3269230769230769 0.480225988700565 0.3269230769230769 0.4745762711864407 0.3301282051282051 0.4745762711864407 0.3333333333333333 0.4689265536723164 0.34294871794871795 0.4689265536723164
1 0.40752351097178685 0.9476648424632059 0.029258098223615463 0.06815082443369995
1 0.5141065830721003 0.8113631935958061 0.03134796238244514 0.07183465278146751
1 0.5416666666666666 0.8022598870056498 0.5512820512820513 0.8305084745762712 0.5512820512820513 0.8587570621468926 0.5416666666666666 0.8757062146892656 0.5288461538461539 0.8757062146892656 0.5224358974358975 0.864406779661017 0.5224358974358975 0.847457627118644 0.5192307692307693 0.8418079096045198 0.5192307692307693 0.8305084745762712 0.5224358974358975 0.8248587570621468 0.5224358974358975 0.8135593220338984 0.5288461538461539 0.8022598870056498 0.5384615384615384 0.8022598870056498
2 0.8525641025641025 0.3615819209039548 0.8525641025641025 0.3672316384180791 0.8557692307692307 0.3728813559322034 0.8557692307692307 0.3898305084745763 0.8525641025641025 0.3954802259887006 0.842948717948718 0.3954802259887006 0.8397435897435898 0.3898305084745763 0.8397435897435898 0.3728813559322034 0.8461538461538461 0.3615819209039548 0.8493589743589743 0.3615819209039548
2 0.09294871794871795 0.7062146892655368 0.09294871794871795 0.6836158192090396 0.09615384615384616 0.6779661016949152 0.10576923076923077 0.6779661016949152 0.10576923076923077 0.6892655367231638 0.10897435897435898 0.6949152542372882 0.10897435897435898 0.7005649717514124 0.10576923076923077 0.7062146892655368 0.09615384615384616 0.7062146892655368
2 0.12695924764890285 0.6658519738589872 0.017763845350052244 0.031312540956024294
2 0.8040752351097178 0.14182739138905123 0.017763845350052244 0.03683828347767564
2 0.7403846153846154 0.011299435028248588 0.75 0.011299435028248588 0.7564102564102564 0.022598870056497175 0.7564102564102564 0.03389830508474576 0.75 0.04519774011299435 0.7435897435897436 0.04519774011299435 0.7403846153846154 0.03954802259887006 0.7403846153846154 0.01694915254237288
1 0.6121794871794872 0.8813559322033898 0.6185897435897436 0.8926553672316384 0.6185897435897436 0.8983050847457628 0.6217948717948718 0.903954802259887 0.6217948717948718 0.9378531073446328 0.6153846153846154 0.9491525423728814 0.6025641025641025 0.9491525423728814 0.5993589743589743 0.943502824858757 0.5961538461538461 0.943502824858757 0.592948717948718 0.9378531073446328 0.592948717948718 0.9265536723163842 0.5897435897435898 0.9209039548022598 0.5897435897435898 0.903954802259887 0.592948717948718 0.8983050847457628 0.592948717948718 0.8926553672316384 0.5993589743589743 0.8813559322033898 0.6089743589743589 0.8813559322033898
1 0.05067920585161964 0.1344597346935161 0.038662486938349006 0.07367656695535128
1 0.5993589743589743 0.01694915254237288 0.6057692307692307 0.03389830508474576 0.6057692307692307 0.062146892655367235 0.5961538461538461 0.07344632768361582 0.5769230769230769 0.07344632768361582 0.5737179487179487 0.06779661016949153 0.5737179487179487 0.02824858757062147 0.5833333333333334 0.011299435028248588 0.592948717948718 0.011299435028248588 0.5961538461538461 0.01694915254237288
2 0.6640543364681296 0.055257425216513466 0.017763845350052244 0.029470626782140515
2 0.687042842215256 0.05065263978180401 0.017763845350052244 0.031312540956024294
2 0.6314102564102564 0.005649717514124294 0.6410256410256411 0.005649717514124294 0.6442307692307693 0.011299435028248588 0.6442307692307693 0.022598870056497175 0.6378205128205128 0.03389830508474576 0.6346153846153846 0.03389830508474576 0.6282051282051282 0.022598870056497175 0.6282051282051282 0.01694915254237288 0.6314102564102564 0.011299435028248588
2 0.8365384615384616 0.1638418079096045 0.8397435897435898 0.1694915254237288 0.8397435897435898 0.192090395480226 0.8365384615384616 0.1977401129943503 0.8269230769230769 0.1977401129943503 0.8205128205128205 0.1864406779661017 0.8205128205128205 0.1694915254237288 0.8237179487179487 0.1638418079096045 0.8333333333333334 0.1638418079096045
1 0.8685897435897436 0.15254237288135594 0.8782051282051282 0.1694915254237288 0.8782051282051282 0.1977401129943503 0.8717948717948718 0.20903954802259886 0.8557692307692307 0.20903954802259886 0.8493589743589743 0.192090395480226 0.8493589743589743 0.15819209039548024 0.8525641025641025 0.15819209039548024 0.8557692307692307 0.15254237288135594 0.8653846153846154 0.15254237288135594
1 0.9166666666666666 0.1864406779661017 0.9230769230769231 0.1977401129943503 0.9230769230769231 0.21468926553672316 0.9198717948717948 0.22033898305084745 0.9198717948717948 0.22598870056497175 0.9006410256410257 0.22598870056497175 0.8974358974358975 0.22033898305084745 0.8974358974358975 0.20903954802259886 0.9006410256410257 0.2033898305084746 0.9006410256410257 0.192090395480226 0.9038461538461539 0.1864406779661017 0.9134615384615384 0.1864406779661017
1 0.7724358974358975 0.423728813559322 0.7788461538461539 0.4350282485875706 0.7788461538461539 0.4406779661016949 0.782051282051282 0.4463276836158192 0.782051282051282 0.4689265536723164 0.7724358974358975 0.4858757062146893 0.7660256410256411 0.4858757062146893 0.7628205128205128 0.480225988700565 0.7564102564102564 0.480225988700565 0.75 0.4632768361581921 0.75 0.4519774011299435 0.7596153846153846 0.4350282485875706 0.7596153846153846 0.4293785310734463 0.7692307692307693 0.423728813559322
1 0.7435897435897436 0.4406779661016949 0.7435897435897436 0.4463276836158192 0.7467948717948718 0.4519774011299435 0.7467948717948718 0.4745762711864407 0.7435897435897436 0.480225988700565 0.7371794871794872 0.480225988700565 0.7339743589743589 0.4858757062146893 0.7211538461538461 0.4858757062146893 0.717948717948718 0.480225988700565 0.7147435897435898 0.480225988700565 0.7115384615384616 0.4745762711864407 0.7115384615384616 0.4463276836158192 0.7211538461538461 0.4350282485875706 0.7371794871794872 0.4350282485875706 0.7403846153846154 0.4406779661016949
1 0.7532051282051282 0.384180790960452 0.7564102564102564 0.3898305084745763 0.7596153846153846 0.3898305084745763 0.7596153846153846 0.3954802259887006 0.7628205128205128 0.4011299435028249 0.7628205128205128 0.423728813559322 0.7532051282051282 0.4406779661016949 0.7467948717948718 0.4406779661016949 0.7435897435897436 0.4350282485875706 0.7371794871794872 0.4350282485875706 0.7339743589743589 0.4293785310734463 0.7339743589743589 0.4011299435028249 0.7403846153846154 0.3898305084745763 0.75 0.384180790960452