1 0.14263803680981593 0.07601610429447853 0.02965235173824131 0.07227760736196319
1 0.1282051282051282 0.0703125 0.1282051282051282 0.078125 0.13141025641025642 0.0859375 0.13141025641025642 0.109375 0.125 0.125 0.10576923076923077 0.125 0.10576923076923077 0.1171875 0.10256410256410256 0.109375 0.10576923076923077 0.0859375 0.10897435897435898 0.078125 0.11217948717948718 0.078125 0.11538461538461539 0.0703125 0.125 0.0703125
1 0.13782051282051283 0.2109375 0.14423076923076922 0.2265625 0.14743589743589744 0.2265625 0.15705128205128205 0.25 0.15705128205128205 0.2890625 0.15384615384615385 0.296875 0.14743589743589744 0.296875 0.14423076923076922 0.3046875 0.1282051282051282 0.3046875 0.125 0.3125 0.11217948717948718 0.3125 0.10897435897435898 0.3046875 0.10576923076923077 0.3046875 0.09935897435897435 0.2890625 0.09935897435897435 0.265625 0.09615384615384616 0.2578125 0.09615384615384616 0.25 0.09935897435897435 0.2421875 0.09935897435897435 0.234375 0.10897435897435898 0.2265625 0.11858974358974358 0.2109375 0.1346153846153846 0.2109375
1 0.266025641025641 0.1171875 0.27564102564102566 0.140625 0.27564102564102566 0.1484375 0.27884615384615385 0.15625 0.27884615384615385 0.1796875 0.27564102564102566 0.1875 0.27564102564102566 0.1953125 0.266025641025641 0.1953125 0.2564102564102564 0.2109375 0.2467948717948718 0.2109375 0.23717948717948717 0.1953125 0.23717948717948717 0.1484375 0.2467948717948718 0.125 0.25 0.125 0.2532051282051282 0.1171875 0.26282051282051283 0.1171875
2 0.20512820512820512 0.1796875 0.21153846153846154 0.203125 0.21153846153846154 0.2109375 0.20512820512820512 0.234375 0.1891025641025641 0.234375 0.1858974358974359 0.2265625 0.1858974358974359 0.1953125 0.1891025641025641 0.1953125 0.19230769230769232 0.1875 0.20192307692307693 0.1796875
2 0.16987179487179488 0.15625 0.17307692307692307 0.15625 0.1794871794871795 0.140625 0.18269230769230768 0.140625 0.1858974358974359 0.1328125 0.1891025641025641 0.1328125 0.1955128205128205 0.15625 0.1955128205128205 0.1796875 0.1891025641025641 0.1953125 0.1858974358974359 0.1953125 0.18269230769230768 0.203125 0.1794871794871795 0.203125 0.1762820512820513 0.1953125 0.16987179487179488 0.1953125 0.16987179487179488 0.1640625
2 0.16987179487179488 0.1015625 0.17307692307692307 0.109375 0.17307692307692307 0.1484375 0.16987179487179488 0.1484375 0.16666666666666666 0.15625 0.16025641025641027 0.15625 0.15705128205128205 0.1484375 0.15384615384615385 0.1484375 0.15384615384615385 0.125 0.16346153846153846 0.1015625 0.16666666666666666 0.1015625
1 0.20512820512820512 0.015625 0.21153846153846154 0.03125 0.21153846153846154 0.0703125 0.20512820512820512 0.0859375 0.18269230769230768 0.0859375 0.1762820512820513 0.0703125 0.1762820512820513 0.046875 0.1858974358974359 0.0234375 0.1891025641025641 0.0234375 0.19230769230769232 0.015625 0.20192307692307693 0.015625
1 0.11538461538461539 0.1328125 0.11858974358974358 0.140625 0.12179487179487179 0.1328125 0.13141025641025642 0.1328125 0.1346153846153846 0.140625 0.1346153846153846 0.1953125 0.125 0.2109375 0.11538461538461539 0.2109375 0.11217948717948718 0.203125 0.10897435897435898 0.203125 0.10256410256410256 0.1875 0.10256410256410256 0.1484375 0.10897435897435898 0.1328125 0.11217948717948718 0.1328125
1 0.15705128205128205 0.15625 0.16346153846153846 0.1796875 0.16346153846153846 0.234375 0.16025641025641027 0.234375 0.15705128205128205 0.2421875 0.14743589743589744 0.2421875 0.14423076923076922 0.234375 0.14102564102564102 0.234375 0.14102564102564102 0.2265625 0.13782051282051283 0.21875 0.13782051282051283 0.1796875 0.14102564102564102 0.171875 0.14423076923076922 0.171875 0.15064102564102563 0.15625 0.15384615384615385 0.15625
1 0.1891025641025641 0.28125 0.1987179487179487 0.3046875 0.1987179487179487 0.3671875 0.1955128205128205 0.375 0.1955128205128205 0.3828125 0.1858974358974359 0.40625 0.1794871794871795 0.40625 0.1762820512820513 0.3984375 0.16666666666666666 0.3984375 0.16666666666666666 0.390625 0.16346153846153846 0.3828125 0.16025641025641027 0.3828125 0.15384615384615385 0.3671875 0.15384615384615385 0.328125 0.16666666666666666 0.296875 0.16987179487179488 0.296875 0.1762820512820513 0.28125 0.1858974358974359 0.28125
1 0.2467948717948718 0.390625 0.2564102564102564 0.4140625 0.2564102564102564 0.4453125 0.2532051282051282 0.453125 0.2532051282051282 0.46875 0.25 0.4765625 0.25 0.484375 0.22435897435897437 0.484375 0.22115384615384615 0.4765625 0.22115384615384615 0.453125 0.21794871794871795 0.4453125 0.21794871794871795 0.421875 0.22435897435897437 0.40625 0.24358974358974358 0.390625
2 0.21474358974358973 0.40625 0.21474358974358973 0.375 0.22115384615384615 0.359375 0.22435897435897437 0.359375 0.23076923076923078 0.375 0.23076923076923078 0.3984375 0.22756410256410256 0.40625 0.21794871794871795 0.40625
1 0.21153846153846154 0.2578125 0.21474358974358973 0.265625 0.21794871794871795 0.265625 0.22435897435897437 0.28125 0.22435897435897437 0.2890625 0.23076923076923078 0.3125 0.23076923076923078 0.3515625 0.22115384615384615 0.3671875 0.20192307692307693 0.3671875 0.1955128205128205 0.3515625 0.1955128205128205 0.34375 0.19230769230769232 0.3359375 0.19230769230769232 0.2578125 0.1955128205128205 0.25 0.20512820512820512 0.25 0.20833333333333334 0.2578125
1 0.1955128205128205 0.453125 0.1987179487179487 0.4609375 0.1987179487179487 0.5 0.19230769230769232 0.515625 0.18269230769230768 0.515625 0.1762820512820513 0.5 0.1762820512820513 0.46875 0.18269230769230768 0.453125 0.19230769230769232 0.453125
1 0.09935897435897435 0.4140625 0.09935897435897435 0.40625 0.09615384615384616 0.3984375 0.09615384615384616 0.375 0.10256410256410256 0.359375 0.10576923076923077 0.359375 0.11538461538461539 0.34375 0.125 0.34375 0.1282051282051282 0.3515625 0.1282051282051282 0.3984375 0.12179487179487179 0.4140625 0.11858974358974358 0.4140625 0.11538461538461539 0.421875 0.10897435897435898 0.421875 0.10576923076923077 0.4140625 0.10256410256410256 0.4140625
1 0.08012820512820513 0.390625 0.08653846153846154 0.40625 0.08653846153846154 0.4375 0.08012820512820513 0.4609375 0.0641025641025641 0.4609375 0.057692307692307696 0.4375 0.057692307692307696 0.40625 0.0641025641025641 0.390625 0.0673076923076923 0.390625 0.07051282051282051 0.3828125 0.07371794871794872 0.3828125 0.07692307692307693 0.390625
2 0.09935897435897435 0.4296875 0.10256410256410256 0.4375 0.10256410256410256 0.46875 0.09935897435897435 0.4765625 0.08974358974358974 0.4765625 0.08333333333333333 0.453125 0.09294871794871795 0.4296875 0.09615384615384616 0.4296875
2 0.08974358974358974 0.53125 0.08974358974358974 0.5234375 0.08653846153846154 0.515625 0.08653846153846154 0.4921875 0.09615384615384616 0.4765625 0.11217948717948718 0.4765625 0.11538461538461539 0.484375 0.11538461538461539 0.5078125 0.11217948717948718 0.515625 0.11217948717948718 0.5234375 0.10256410256410256 0.5390625 0.09615384615384616 0.5390625 0.09294871794871795 0.53125
2 0.08333333333333333 0.5308665644171779 0.027607361963190184 0.07975460122699386
2 0.028846153846153848 0.5546875 0.035256410256410256 0.5703125 0.035256410256410256 0.578125 0.038461538461538464 0.5859375 0.038461538461538464 0.609375 0.028846153846153848 0.6328125 0.016025641025641024 0.6328125 0.00641025641025641 0.609375 0.00641025641025641 0.5859375 0.01282051282051282 0.5703125 0.016025641025641024 0.5703125 0.022435897435897436 0.5546875 0.02564102564102564 0.5546875
1 0.11094069529652352 0.6043903374233128 0.03578732106339468 0.09221625766871165
1 0.08588957055214723 0.6953604294478527 0.047034764826175864 0.1196319018404908
2 0.125 0.796875 0.1282051282051282 0.8046875 0.1282051282051282 0.828125 0.125 0.8359375 0.125 0.84375 0.10897435897435898 0.84375 0.10576923076923077 0.8359375 0.10576923076923077 0.8046875 0.10897435897435898 0.8046875 0.11217948717948718 0.796875 0.12179487179487179 0.796875
2 0.10327198364008179 0.7875766871165644 0.028629856850715747 0.06480061349693252
2 0.12781186094069527 0.8810391104294478 0.026584867075664622 0.07227760736196319
1 0.17307692307692307 0.8515625 0.18269230769230768 0.875 0.18269230769230768 0.890625 0.1858974358974359 0.8984375 0.1858974358974359 0.90625 0.18269230769230768 0.9140625 0.18269230769230768 0.921875 0.1762820512820513 0.9375 0.17307692307692307 0.9375 0.16987179487179488 0.9453125 0.16346153846153846 0.9453125 0.16025641025641027 0.9375 0.15705128205128205 0.9375 0.15064102564102563 0.9140625 0.15064102564102563 0.8671875 0.16025641025641027 0.8515625 0.16987179487179488 0.8515625
2 0.1794478527607362 0.8386694785276073 0.027607361963190184 0.06729294478527607
1 0.20833333333333334 0.7578125 0.21153846153846154 0.765625 0.21474358974358973 0.765625 0.22435897435897437 0.7890625 0.22435897435897437 0.8046875 0.22115384615384615 0.8125 0.22115384615384615 0.8203125 0.21474358974358973 0.84375 0.1955128205128205 0.84375 0.1858974358974359 0.8203125 0.1858974358974359 0.765625 0.1955128205128205 0.75 0.20192307692307693 0.75 0.20512820512820512 0.7578125
2 0.16987179487179488 0.75 0.1794871794871795 0.765625 0.1794871794871795 0.796875 0.16025641025641027 0.796875 0.15705128205128205 0.7890625 0.15705128205128205 0.7734375 0.16025641025641027 0.765625 0.16025641025641027 0.7578125 0.16346153846153846 0.75 0.16666666666666666 0.75
2 0.15705128205128205 0.734375 0.15705128205128205 0.7421875 0.16025641025641027 0.75 0.16025641025641027 0.765625 0.15384615384615385 0.78125 0.13782051282051283 0.78125 0.13782051282051283 0.7734375 0.1346153846153846 0.765625 0.13782051282051283 0.7578125 0.13782051282051283 0.75 0.14743589743589744 0.7265625 0.15064102564102563 0.7265625 0.15384615384615385 0.734375
2 0.1794871794871795 0.6796875 0.1891025641025641 0.703125 0.1891025641025641 0.7265625 0.18269230769230768 0.7421875 0.17307692307692307 0.7421875 0.16666666666666666 0.71875 0.16666666666666666 0.6953125 0.17307692307692307 0.6796875 0.1762820512820513 0.6796875
2 0.20833333333333334 0.65625 0.21153846153846154 0.6640625 0.21153846153846154 0.7109375 0.19230769230769232 0.7109375 0.19230769230769232 0.703125 0.1891025641025641 0.6953125 0.1891025641025641 0.671875 0.1955128205128205 0.65625 0.20512820512820512 0.65625
2 0.23717948717948717 0.6953125 0.2403846153846154 0.703125 0.2403846153846154 0.734375 0.23397435897435898 0.75 0.22435897435897437 0.75 0.22115384615384615 0.7421875 0.22115384615384615 0.703125 0.22435897435897437 0.6953125 0.23397435897435898 0.6953125
1 0.15705128205128205 0.5390625 0.16025641025641027 0.5390625 0.16346153846153846 0.53125 0.1858974358974359 0.53125 0.1891025641025641 0.5390625 0.1891025641025641 0.5703125 0.18269230769230768 0.5859375 0.18269230769230768 0.59375 0.1794871794871795 0.6015625 0.16025641025641027 0.6015625 0.15705128205128205 0.59375 0.15384615384615385 0.59375 0.15384615384615385 0.5546875 0.15705128205128205 0.546875
1 0.21153846153846154 0.515625 0.21474358974358973 0.5234375 0.21474358974358973 0.5625 0.20833333333333334 0.578125 0.1955128205128205 0.578125 0.19230769230769232 0.5703125 0.19230769230769232 0.5234375 0.1955128205128205 0.5234375 0.1987179487179487 0.515625 0.20833333333333334 0.515625
1 0.27564102564102566 0.4921875 0.28205128205128205 0.5078125 0.28205128205128205 0.515625 0.28525641025641024 0.5234375 0.28525641025641024 0.578125 0.28205128205128205 0.5859375 0.28205128205128205 0.59375 0.2724358974358974 0.609375 0.24358974358974358 0.609375 0.2403846153846154 0.6015625 0.23717948717948717 0.6015625 0.23076923076923078 0.578125 0.23076923076923078 0.53125 0.23397435897435898 0.5234375 0.23717948717948717 0.5234375 0.2467948717948718 0.5078125 0.2564102564102564 0.5078125 0.26282051282051283 0.4921875 0.2724358974358974 0.4921875
1 0.2980769230769231 0.5859375 0.30448717948717946 0.609375 0.30448717948717946 0.6328125 0.30128205128205127 0.640625 0.30448717948717946 0.6484375 0.30448717948717946 0.6640625 0.2980769230769231 0.6796875 0.27564102564102566 0.6796875 0.2692307692307692 0.65625 0.2692307692307692 0.6015625 0.27884615384615385 0.5859375 0.2948717948717949 0.5859375
2 0.28525641025641024 0.6875 0.2948717948717949 0.703125 0.2948717948717949 0.7265625 0.28846153846153844 0.7421875 0.27564102564102566 0.7421875 0.2692307692307692 0.7265625 0.2692307692307692 0.7109375 0.27884615384615385 0.6875 0.28205128205128205 0.6875
2 0.32371794871794873 0.6640625 0.32371794871794873 0.671875 0.3269230769230769 0.6796875 0.3269230769230769 0.703125 0.32051282051282054 0.71875 0.3173076923076923 0.71875 0.3141025641025641 0.7265625 0.30128205128205127 0.7265625 0.2980769230769231 0.71875 0.2980769230769231 0.6875 0.30448717948717946 0.671875 0.3076923076923077 0.671875 0.3108974358974359 0.6640625 0.32051282051282054 0.6640625
2 0.3225971370143149 0.8399156441717791 0.019427402862985683 0.04984662576687116
2 0.3041922290388548 0.8648389570552147 0.02556237218813906 0.06480061349693252
1 0.20512820512820512 0.8515625 0.20833333333333334 0.859375 0.21153846153846154 0.8515625 0.22435897435897437 0.8515625 0.22756410256410256 0.859375 0.23076923076923078 0.859375 0.24358974358974358 0.890625 0.24358974358974358 0.9375 0.2403846153846154 0.9453125 0.23717948717948717 0.9453125 0.23397435897435898 0.953125 0.23076923076923078 0.953125 0.22115384615384615 0.96875 0.21794871794871795 0.96875 0.21474358974358973 0.9609375 0.20833333333333334 0.9609375 0.20512820512820512 0.96875 0.19230769230769232 0.96875 0.19230769230769232 0.9609375 0.1891025641025641 0.953125 0.1891025641025641 0.875 0.1987179487179487 0.8515625 0.20192307692307693 0.8515625
1 0.3269230769230769 0.765625 0.3269230769230769 0.8125 0.32051282051282054 0.8359375 0.3076923076923077 0.8359375 0.30448717948717946 0.828125 0.30128205128205127 0.828125 0.2948717948717949 0.8125 0.28846153846153844 0.8125 0.28205128205128205 0.796875 0.28205128205128205 0.78125 0.2916666666666667 0.765625 0.2980769230769231 0.765625 0.30448717948717946 0.75 0.3173076923076923 0.75 0.32371794871794873 0.765625
1 0.25961538461538464 0.75 0.26282051282051283 0.7578125 0.26282051282051283 0.796875 0.25961538461538464 0.8046875 0.2532051282051282 0.8046875 0.25 0.8125 0.24358974358974358 0.8125 0.23397435897435898 0.796875 0.23397435897435898 0.765625 0.2403846153846154 0.75 0.2564102564102564 0.75
2 0.3609406952965235 0.9520705521472392 0.016359918200408996 0.03987730061349693
2 0.4198717948717949 0.9140625 0.4230769230769231 0.921875 0.4230769230769231 0.9375 0.4198717948717949 0.9453125 0.41025641025641024 0.9453125 0.41025641025641024 0.921875 0.41346153846153844 0.9140625 0.4166666666666667 0.9140625
2 0.40064102564102566 0.78125 0.40384615384615385 0.7890625 0.40705128205128205 0.7890625 0.40705128205128205 0.828125 0.40384615384615385 0.8359375 0.3974358974358974 0.8359375 0.3974358974358974 0.828125 0.3942307692307692 0.8203125 0.391025641025641 0.8203125 0.391025641025641 0.8125 0.38782051282051283 0.8046875 0.38782051282051283 0.796875 0.3942307692307692 0.78125 0.3974358974358974 0.78125
2 0.36538461538461536 0.796875 0.375 0.7890625 0.38461538461538464 0.8046875 0.38461538461538464 0.84375 0.3814102564102564 0.84375 0.3782051282051282 0.8515625 0.3685897435897436 0.8515625 0.36217948717948717 0.8359375 0.36217948717948717 0.8203125 0.36538461538461536 0.8125 0.36538461538461536 0.8046875
2 0.37116564417177916 0.7626533742331288 0.02249488752556237 0.0598159509202454
2 0.40235173824130877 0.7564225460122699 0.015337423312883436 0.037384969325153374
2 0.40064102564102566 0.640625 0.4166666666666667 0.640625 0.4198717948717949 0.6484375 0.4198717948717949 0.671875 0.41346153846153844 0.6875 0.41025641025641024 0.6796875 0.40384615384615385 0.6796875 0.40064102564102566 0.671875 0.40064102564102566 0.6484375
2 0.4519230769230769 0.671875 0.4519230769230769 0.6484375 0.4551282051282051 0.640625 0.4583333333333333 0.640625 0.46474358974358976 0.65625 0.46153846153846156 0.6640625 0.46153846153846156 0.671875 0.4551282051282051 0.671875
2 0.4326923076923077 0.71875 0.4391025641025641 0.703125 0.4423076923076923 0.703125 0.44871794871794873 0.71875 0.44551282051282054 0.7265625 0.44551282051282054 0.734375 0.4358974358974359 0.734375 0.4358974358974359 0.7265625
2 0.4314928425357873 0.8473926380368098 0.026584867075664622 0.07476993865030675
2 0.47699386503067487 0.8075153374233128 0.02965235173824131 0.07476993865030675
2 0.3301282051282051 0.6015625 0.34615384615384615 0.6015625 0.34615384615384615 0.65625 0.34294871794871795 0.65625 0.33974358974358976 0.6640625 0.3333333333333333 0.6640625 0.3301282051282051 0.65625 0.3301282051282051 0.609375
2 0.358974358974359 0.6484375 0.36217948717948717 0.65625 0.36217948717948717 0.671875 0.358974358974359 0.671875 0.3557692307692308 0.6796875 0.34935897435897434 0.6640625 0.34935897435897434 0.65625 0.3525641025641026 0.6484375 0.3557692307692308 0.6484375
1 0.38496932515337423 0.6891296012269938 0.03578732106339468 0.11713957055214723
1 0.358974358974359 0.53125 0.36217948717948717 0.5390625 0.36217948717948717 0.5703125 0.358974358974359 0.578125 0.34294871794871795 0.578125 0.33974358974358976 0.5859375 0.3333333333333333 0.5859375 0.3301282051282051 0.578125 0.3301282051282051 0.5390625 0.33653846153846156 0.5234375 0.3525641025641026 0.5234375 0.3557692307692308 0.53125
1 0.3108974358974359 0.453125 0.3269230769230769 0.453125 0.3301282051282051 0.4609375 0.3301282051282051 0.4765625 0.3333333333333333 0.484375 0.3333333333333333 0.4921875 0.3301282051282051 0.5 0.3301282051282051 0.53125 0.3269230769230769 0.5390625 0.3108974358974359 0.5390625 0.3076923076923077 0.53125 0.30448717948717946 0.53125 0.30448717948717946 0.484375 0.3108974358974359 0.4609375
1 0.2916666666666667 0.3359375 0.2980769230769231 0.3515625 0.2980769230769231 0.3828125 0.2948717948717949 0.390625 0.2948717948717949 0.3984375 0.2916666666666667 0.40625 0.2916666666666667 0.421875 0.28846153846153844 0.4296875 0.27564102564102566 0.4296875 0.2692307692307692 0.4140625 0.2692307692307692 0.40625 0.266025641025641 0.3984375 0.266025641025641 0.375 0.2692307692307692 0.3671875 0.2692307692307692 0.3515625 0.27884615384615385 0.3359375 0.28846153846153844 0.3359375
1 0.27884615384615385 0.265625 0.28205128205128205 0.265625 0.28525641025641024 0.2578125 0.2948717948717949 0.2578125 0.30448717948717946 0.28125 0.30448717948717946 0.3046875 0.30128205128205127 0.3046875 0.2980769230769231 0.3125 0.28846153846153844 0.3125 0.28205128205128205 0.296875 0.27884615384615385 0.296875 0.27884615384615385 0.2734375
1 0.30128205128205127 0.3203125 0.30448717948717946 0.3203125 0.3076923076923077 0.3125 0.3173076923076923 0.3203125 0.3173076923076923 0.359375 0.3141025641025641 0.3671875 0.30448717948717946 0.3671875 0.30128205128205127 0.359375 0.30128205128205127 0.328125
1 0.32371794871794873 0.3515625 0.34615384615384615 0.3515625 0.34615384615384615 0.359375 0.3525641025641026 0.3828125 0.3525641025641026 0.3984375 0.34615384615384615 0.3984375 0.34294871794871795 0.40625 0.33653846153846156 0.40625 0.3333333333333333 0.3984375 0.3301282051282051 0.3984375 0.32371794871794873 0.3828125 0.32371794871794873 0.359375
2 0.32051282051282054 0.21875 0.3301282051282051 0.234375 0.3301282051282051 0.2578125 0.3269230769230769 0.2578125 0.32371794871794873 0.265625 0.3173076923076923 0.265625 0.3141025641025641 0.2578125 0.3108974358974359 0.2578125 0.3108974358974359 0.234375 0.3141025641025641 0.2265625 0.3173076923076923 0.2265625
2 0.2965235173824131 0.17197085889570551 0.01840490797546012 0.03987730061349693
2 0.23717948717948717 0.09375 0.2403846153846154 0.1015625 0.2403846153846154 0.109375 0.23717948717948717 0.1171875 0.23076923076923078 0.1171875 0.22756410256410256 0.109375 0.22756410256410256 0.1015625 0.23076923076923078 0.09375 0.23397435897435898 0.09375
1 0.25 0.078125 0.25 0.0703125 0.2467948717948718 0.0625 0.2467948717948718 0.03125 0.2564102564102564 0.0078125 0.2724358974358974 0.0078125 0.27884615384615385 0.0234375 0.27884615384615385 0.0546875 0.266025641025641 0.09375 0.26282051282051283 0.09375 0.2532051282051282 0.078125
2 0.30448717948717946 0.0546875 0.30448717948717946 0.078125 0.2948717948717949 0.09375 0.28846153846153844 0.09375 0.28525641025641024 0.0859375 0.28525641025641024 0.0703125 0.2916666666666667 0.0546875 0.30128205128205127 0.0546875
2 0.33537832310838445 0.11589340490797545 0.03067484662576687 0.06230828220858896
1 0.3767893660531697 0.09969325153374232 0.041922290388548056 0.09969325153374232
1 0.375 0.1484375 0.3782051282051282 0.15625 0.3782051282051282 0.203125 0.36538461538461536 0.234375 0.34615384615384615 0.234375 0.34294871794871795 0.2265625 0.33974358974358976 0.2265625 0.33653846153846156 0.21875 0.33653846153846156 0.1875 0.33974358974358976 0.1875 0.34294871794871795 0.1796875 0.34615384615384615 0.15625 0.36538461538461536 0.15625 0.3685897435897436 0.1484375 0.3717948717948718 0.1484375
1 0.3974358974358974 0.21875 0.40064102564102566 0.2265625 0.40384615384615385 0.2265625 0.40705128205128205 0.25 0.40384615384615385 0.2578125 0.40384615384615385 0.265625 0.40064102564102566 0.265625 0.3942307692307692 0.28125 0.3782051282051282 0.28125 0.375 0.2734375 0.375 0.2421875 0.3814102564102564 0.2265625 0.38782051282051283 0.2265625 0.391025641025641 0.21875 0.3942307692307692 0.21875
1 0.40064102564102566 0.1015625 0.40064102564102566 0.09375 0.3974358974358974 0.0859375 0.3974358974358974 0.046875 0.40384615384615385 0.0234375 0.42628205128205127 0.0234375 0.42948717948717946 0.03125 0.42948717948717946 0.0625 0.42628205128205127 0.0703125 0.42628205128205127 0.078125 0.4198717948717949 0.09375 0.4166666666666667 0.09375 0.41346153846153844 0.1015625 0.41346153846153844 0.109375 0.40705128205128205 0.109375 0.40384615384615385 0.1015625
1 0.40064102564102566 0.3359375 0.40384615384615385 0.34375 0.40384615384615385 0.3671875 0.40705128205128205 0.375 0.40384615384615385 0.3984375 0.38782051282051283 0.3984375 0.3814102564102564 0.3828125 0.3814102564102564 0.34375 0.38461538461538464 0.34375 0.38782051282051283 0.3359375 0.3974358974358974 0.3359375
1 0.42948717948717946 0.375 0.42948717948717946 0.3203125 0.4391025641025641 0.3046875 0.44871794871794873 0.3046875 0.4551282051282051 0.328125 0.4551282051282051 0.34375 0.44871794871794873 0.3671875 0.44871794871794873 0.3828125 0.4358974358974359 0.3828125 0.4326923076923077 0.375
1 0.40064102564102566 0.515625 0.40384615384615385 0.5234375 0.40384615384615385 0.546875 0.3974358974358974 0.5625 0.38461538461538464 0.5625 0.3814102564102564 0.5546875 0.3814102564102564 0.5234375 0.391025641025641 0.5078125 0.3942307692307692 0.5078125 0.3974358974358974 0.515625
1 0.4423076923076923 0.453125 0.4551282051282051 0.453125 0.4583333333333333 0.4609375 0.4583333333333333 0.5 0.4423076923076923 0.5 0.4358974358974359 0.484375 0.4358974358974359 0.4765625 0.4423076923076923 0.4609375
1 0.4583333333333333 0.5078125 0.4583333333333333 0.53125 0.4519230769230769 0.546875 0.44871794871794873 0.546875 0.4423076923076923 0.53125 0.4423076923076923 0.515625 0.44551282051282054 0.5078125 0.4551282051282051 0.5078125
2 0.4146216768916155 0.5333588957055214 0.015337423312883436 0.03987730061349693
2 0.42628205128205127 0.4765625 0.42948717948717946 0.484375 0.42948717948717946 0.4921875 0.42628205128205127 0.5 0.4198717948717949 0.5 0.4166666666666667 0.4921875 0.4166666666666667 0.484375 0.4198717948717949 0.4765625 0.4230769230769231 0.4765625
2 0.42948717948717946 0.515625 0.4391025641025641 0.515625 0.4391025641025641 0.5234375 0.4423076923076923 0.53125 0.4358974358974359 0.546875 0.42948717948717946 0.546875 0.42948717948717946 0.5234375
2 0.36538461538461536 0.4765625 0.36538461538461536 0.484375 0.3685897435897436 0.4921875 0.36217948717948717 0.5078125 0.358974358974359 0.5078125 0.3557692307692308 0.5 0.3557692307692308 0.484375 0.358974358974359 0.4765625 0.36217948717948717 0.4765625
2 0.44274028629856854 0.2205713190184049 0.010224948875255623 0.022430981595092023
2 0.45910020449897754 0.1968941717791411 0.02249488752556237 0.04486196319018405
2 0.42948717948717946 0.1640625 0.4391025641025641 0.1640625 0.4391025641025641 0.1875 0.4358974358974359 0.1953125 0.4326923076923077 0.1953125 0.42948717948717946 0.1875 0.42948717948717946 0.171875
2 0.5032051282051282 0.25 0.5128205128205128 0.25 0.5128205128205128 0.265625 0.5096153846153846 0.2734375 0.5064102564102564 0.2734375 0.5032051282051282 0.265625 0.5032051282051282 0.2578125
2 0.46474358974358976 0.1328125 0.46794871794871795 0.140625 0.46474358974358976 0.1640625 0.46153846153846156 0.171875 0.4551282051282051 0.171875 0.4519230769230769 0.1796875 0.44871794871794873 0.1796875 0.4423076923076923 0.15625 0.44551282051282054 0.1484375 0.44551282051282054 0.140625 0.44871794871794873 0.140625 0.4519230769230769 0.1328125 0.46153846153846156 0.1328125
2 0.483974358974359 0.234375 0.4935897435897436 0.234375 0.4967948717948718 0.2421875 0.4967948717948718 0.2578125 0.48717948717948717 0.2578125 0.483974358974359 0.25 0.483974358974359 0.2421875
2 0.5669734151329243 0.4099884969325153 0.015337423312883436 0.02741564417177914
2 0.5576923076923077 0.4375 0.5641025641025641 0.4375 0.5673076923076923 0.4296875 0.5705128205128205 0.4296875 0.5737179487179487 0.4375 0.5737179487179487 0.453125 0.5673076923076923 0.4765625 0.5641025641025641 0.4765625 0.5576923076923077 0.4609375 0.5576923076923077 0.4453125
2 0.49079754601226994 0.07975460122699386 0.01840490797546012 0.04984662576687116
2 0.5122699386503067 0.0897239263803681 0.020449897750511245 0.04486196319018405
2 0.5224358974358975 0.0078125 0.532051282051282 0.0234375 0.5288461538461539 0.046875 0.5128205128205128 0.046875 0.5128205128205128 0.015625 0.5160256410256411 0.0078125 0.5192307692307693 0.0078125
2 0.46153846153846156 0.09375 0.46153846153846156 0.0703125 0.46474358974358976 0.0625 0.47435897435897434 0.0625 0.4775641025641026 0.0703125 0.4775641025641026 0.0859375 0.47435897435897434 0.09375 0.47435897435897434 0.1015625 0.46794871794871795 0.1015625 0.46474358974358976 0.09375
1 0.40541922290388543 0.18817101226993865 0.05214723926380368 0.09221625766871165
1 0.4967948717948718 0.15625 0.5 0.1640625 0.5 0.203125 0.5032051282051282 0.2109375 0.5032051282051282 0.21875 0.5 0.2265625 0.49038461538461536 0.2265625 0.48717948717948717 0.21875 0.4807692307692308 0.21875 0.4775641025641026 0.2109375 0.4775641025641026 0.171875 0.4807692307692308 0.1640625 0.48717948717948717 0.1640625 0.49038461538461536 0.15625 0.4935897435897436 0.15625
1 0.48717948717948717 0.1171875 0.49038461538461536 0.125 0.5 0.125 0.5032051282051282 0.1484375 0.4967948717948718 0.1640625 0.4775641025641026 0.1640625 0.47435897435897434 0.15625 0.47435897435897434 0.140625 0.4807692307692308 0.125 0.483974358974359 0.125
1 0.5416666666666666 0.1328125 0.5448717948717948 0.140625 0.5448717948717948 0.1796875 0.5416666666666666 0.1796875 0.5384615384615384 0.1875 0.5384615384615384 0.1953125 0.5224358974358975 0.1953125 0.5192307692307693 0.1875 0.5192307692307693 0.1484375 0.5288461538461539 0.1328125 0.5384615384615384 0.1328125
1 0.4551282051282051 0.265625 0.4583333333333333 0.265625 0.46153846153846156 0.2578125 0.47115384615384615 0.25 0.4775641025641026 0.2734375 0.4775641025641026 0.28125 0.47435897435897434 0.2890625 0.47435897435897434 0.3046875 0.47115384615384615 0.3125 0.46794871794871795 0.3125 0.46474358974358976 0.3046875 0.4583333333333333 0.3046875 0.4551282051282051 0.296875 0.4551282051282051 0.2734375
1 0.4967948717948718 0.2734375 0.5 0.28125 0.5032051282051282 0.28125 0.5128205128205128 0.3046875 0.5128205128205128 0.3203125 0.5096153846153846 0.328125 0.5096153846153846 0.3359375 0.5032051282051282 0.3515625 0.5 0.3515625 0.4967948717948718 0.34375 0.49038461538461536 0.34375 0.49038461538461536 0.3359375 0.48717948717948717 0.328125 0.4807692307692308 0.328125 0.4775641025641026 0.3203125 0.4775641025641026 0.2890625 0.483974358974359 0.2734375 0.4935897435897436 0.2734375
1 0.5448717948717948 0.2578125 0.5480769230769231 0.265625 0.5480769230769231 0.28125 0.5512820512820513 0.2890625 0.5512820512820513 0.296875 0.5448717948717948 0.3125 0.5416666666666666 0.3125 0.5384615384615384 0.3203125 0.532051282051282 0.3203125 0.5288461538461539 0.3125 0.5256410256410257 0.3125 0.5160256410256411 0.2890625 0.5160256410256411 0.265625 0.5192307692307693 0.2578125 0.5416666666666666 0.2578125
1 0.5384615384615384 0 0.5544871794871795 0 0.5544871794871795 0.0078125 0.5576923076923077 0.015625 0.5512820512820513 0.0390625 0.5448717948717948 0.0390625 0.5384615384615384 0.0234375 0.5384615384615384 0.0078125
1 0.5833333333333334 0.0859375 0.5865384615384616 0.09375 0.5897435897435898 0.09375 0.5897435897435898 0.1171875 0.5801282051282052 0.1328125 0.5737179487179487 0.1328125 0.5705128205128205 0.125 0.5673076923076923 0.125 0.5673076923076923 0.09375 0.5737179487179487 0.09375 0.5769230769230769 0.0859375 0.5801282051282052 0.0859375
1 0.6114519427402862 0.023677147239263802 0.020449897750511245 0.047354294478527605
1 0.6217948717948718 0.0390625 0.6282051282051282 0.0546875 0.6378205128205128 0.0625 0.6442307692307693 0.078125 0.6442307692307693 0.0859375 0.6474358974358975 0.09375 0.6474358974358975 0.1015625 0.6378205128205128 0.1171875 0.6378205128205128 0.1328125 0.6282051282051282 0.1484375 0.6185897435897436 0.1484375 0.6025641025641025 0.109375 0.6025641025641025 0.09375 0.6057692307692307 0.0859375 0.6057692307692307 0.078125 0.6121794871794872 0.0625 0.6121794871794872 0.0546875 0.6153846153846154 0.046875 0.6185897435897436 0.046875
1 0.6170756646216768 0.19564800613496933 0.027607361963190184 0.06230828220858896
1 0.5879345603271984 0.2380176380368098 0.024539877300613498 0.06230828220858896
1 0.6124744376278118 0.26044861963190186 0.02249488752556237 0.057323619631901836
1 0.5961538461538461 0.2734375 0.5993589743589743 0.28125 0.6025641025641025 0.28125 0.6153846153846154 0.3125 0.6153846153846154 0.3515625 0.6121794871794872 0.359375 0.6121794871794872 0.375 0.6089743589743589 0.3828125 0.5865384615384616 0.3828125 0.5833333333333334 0.375 0.5769230769230769 0.375 0.5641025641025641 0.3359375 0.5641025641025641 0.3046875 0.5769230769230769 0.2734375 0.592948717948718 0.2734375
1 0.5448717948717948 0.3359375 0.5512820512820513 0.3515625 0.5512820512820513 0.3984375 0.5480769230769231 0.40625 0.5480769230769231 0.4140625 0.5384615384615384 0.4296875 0.532051282051282 0.4296875 0.5256410256410257 0.4140625 0.5256410256410257 0.40625 0.5224358974358975 0.3984375 0.5224358974358975 0.359375 0.532051282051282 0.3359375 0.5416666666666666 0.3359375
1 0.5064102564102564 0.375 0.5160256410256411 0.375 0.5224358974358975 0.390625 0.5224358974358975 0.4609375 0.5192307692307693 0.4609375 0.5160256410256411 0.46875 0.5160256410256411 0.484375 0.5096153846153846 0.484375 0.4967948717948718 0.453125 0.4967948717948718 0.4140625 0.5 0.40625 0.5 0.3984375 0.5064102564102564 0.3828125
1 0.5352564102564102 0.4453125 0.5384615384615384 0.453125 0.5480769230769231 0.4453125 0.5544871794871795 0.4609375 0.5544871794871795 0.484375 0.5512820512820513 0.4921875 0.5512820512820513 0.515625 0.5448717948717948 0.53125 0.532051282051282 0.53125 0.5224358974358975 0.5078125 0.5224358974358975 0.5 0.5192307692307693 0.4921875 0.5192307692307693 0.46875 0.5288461538461539 0.4453125 0.532051282051282 0.4453125
1 0.5160256410256411 0.515625 0.5288461538461539 0.515625 0.532051282051282 0.5234375 0.5352564102564102 0.5234375 0.5448717948717948 0.546875 0.5448717948717948 0.5625 0.5416666666666666 0.5625 0.5352564102564102 0.578125 0.5224358974358975 0.578125 0.5128205128205128 0.5546875 0.5128205128205128 0.546875 0.5160256410256411 0.5390625 0.5160256410256411 0.5234375
1 0.532051282051282 0.59375 0.5352564102564102 0.6015625 0.5384615384615384 0.6015625 0.5384615384615384 0.6171875 0.5416666666666666 0.625 0.5384615384615384 0.6328125 0.5384615384615384 0.640625 0.532051282051282 0.65625 0.5224358974358975 0.6640625 0.5192307692307693 0.671875 0.5192307692307693 0.6796875 0.5032051282051282 0.6796875 0.5 0.65625 0.5032051282051282 0.6484375 0.5032051282051282 0.640625 0.5096153846153846 0.625 0.5096153846153846 0.6015625 0.5128205128205128 0.59375 0.5288461538461539 0.59375
1 0.5288461538461539 0.703125 0.5448717948717948 0.7421875 0.5448717948717948 0.75 0.5384615384615384 0.765625 0.5352564102564102 0.765625 0.532051282051282 0.7734375 0.5192307692307693 0.7734375 0.5160256410256411 0.78125 0.5096153846153846 0.765625 0.5064102564102564 0.765625 0.5064102564102564 0.7578125 0.5032051282051282 0.75 0.5032051282051282 0.71875 0.5096153846153846 0.703125 0.5256410256410257 0.703125
1 0.5576923076923077 0.6484375 0.5608974358974359 0.65625 0.5673076923076923 0.65625 0.5673076923076923 0.6640625 0.5705128205128205 0.671875 0.5705128205128205 0.7109375 0.5673076923076923 0.7109375 0.5608974358974359 0.734375 0.5448717948717948 0.734375 0.5352564102564102 0.7109375 0.5352564102564102 0.671875 0.5416666666666666 0.65625 0.5480769230769231 0.65625 0.5512820512820513 0.6484375 0.5544871794871795 0.6484375
1 0.5961538461538461 0.7265625 0.5961538461538461 0.7109375 0.592948717948718 0.703125 0.592948717948718 0.6796875 0.5993589743589743 0.6640625 0.6217948717948718 0.6640625 0.625 0.671875 0.6217948717948718 0.6796875 0.625 0.6875 0.625 0.7109375 0.6217948717948718 0.71875 0.6185897435897436 0.71875 0.6153846153846154 0.7265625 0.6153846153846154 0.734375 0.6025641025641025 0.734375 0.5993589743589743 0.7265625
1 0.592948717948718 0.609375 0.5961538461538461 0.6015625 0.6185897435897436 0.6015625 0.6217948717948718 0.609375 0.6217948717948718 0.6171875 0.6282051282051282 0.640625 0.6282051282051282 0.65625 0.6025641025641025 0.65625 0.5961538461538461 0.6328125 0.5961538461538461 0.6171875
1 0.5993589743589743 0.765625 0.5993589743589743 0.7734375 0.6025641025641025 0.78125 0.6025641025641025 0.8046875 0.5961538461538461 0.8203125 0.5961538461538461 0.828125 0.592948717948718 0.8359375 0.5865384615384616 0.8359375 0.5801282051282052 0.8203125 0.5801282051282052 0.7890625 0.5833333333333334 0.78125 0.5833333333333334 0.7734375 0.5897435897435898 0.7578125 0.592948717948718 0.7578125 0.5961538461538461 0.765625
1 0.673618608974359 0.184706671875 0.6652126794871795 0.15771721875 0.6579529647435898 0.1549233125 0.6457259711538461 0.1698149921875 0.6407586923076922 0.184706671875 0.643815951923077 0.2014626171875 0.6548967275641026 0.2154221640625 0.6579529647435898 0.234969515625 0.661965233974359 0.244709546875 0.6713261762820513 0.2331077421875 0.6759110416666666 0.2070454375 0.673618608974359 0.184706671875
1 0.6583353782051281 0.2563761484375 0.6514580769230769 0.254514375 0.6449621666666666 0.258237921875 0.6369386506410256 0.268476421875 0.6369386506410256 0.2926744609375 0.6388486698717949 0.3205985390625 0.6441983653846154 0.333628453125 0.6552781185897436 0.328529140625 0.664830266025641 0.307566140625 0.664830266025641 0.28243596875 0.6583353782051281 0.2563761484375
1 0.6938691217948718 0.2740592421875 0.6850807756410257 0.2507908359375 0.6762934551282052 0.25172296875 0.6717085897435897 0.2563761484375 0.6694161538461538 0.2638207421875 0.6686513301282051 0.2833681015625 0.6717085897435897 0.3019833203125 0.6777259711538461 0.3250373828125 0.6885204487179487 0.3196664140625 0.6934867083333334 0.304774734375 0.6938691217948718 0.2740592421875
1 0.6384662564102564 0.4956524140625 0.6323527596153846 0.4900671015625 0.6277678942307693 0.4900671015625 0.6205081794871795 0.5030970078125 0.6205081794871795 0.5189208203125 0.6224192243589743 0.5338125 0.6312065448717948 0.5477745390625 0.6399948878205128 0.544051 0.6447709615384616 0.5322572890625 0.6445797532051282 0.527297546875 0.6441983653846154 0.5058909140625 0.6384662564102564 0.4956524140625
1 0.6361738237179487 0.4277064765625 0.6323527596153846 0.4211915234375 0.6254754615384616 0.4211915234375 0.6205081794871795 0.43980675 0.6201267884615385 0.4546984296875 0.6205081794871795 0.4733136484375 0.628914108974359 0.4723840078125 0.6335 0.459351609375 0.6369386506410256 0.4444599296875 0.6361738237179487 0.4277064765625
2 0.65680675 0.4863435546875 0.6602453974358975 0.469590109375 0.6594815961538462 0.456560203125 0.6545143141025641 0.4491131171875 0.6484008173076923 0.4491131171875 0.6430521474358974 0.4574898359375 0.6411411057692308 0.4770371953125 0.6415235160256411 0.49472028125 0.646872189102564 0.5003056015625 0.6476370128205128 0.5003056015625 0.6518394679487179 0.4956524140625 0.65680675 0.4863435546875
2 0.6900480576923077 0.5300889609375 0.6824069519230769 0.52078259375 0.6762934551282052 0.51612940625 0.6682689166666667 0.517059046875 0.6652126794871795 0.5310210859375 0.6671226987179487 0.556151265625 0.6724723942307692 0.575696125 0.6797321057692307 0.585934625 0.6915766858974359 0.5840728515625 0.6950153365384616 0.5654576328125 0.6950153365384616 0.5449806328125 0.6900480576923077 0.5300889609375
2 0.6484008173076923 0.550565953125 0.6415235160256411 0.5589426796875 0.6403773012820513 0.5710429453125 0.6422873205128204 0.579419671875 0.6491646217948718 0.5784875390625 0.6545143141025641 0.5654576328125 0.6541319006410257 0.5552191328125 0.6484008173076923 0.550565953125
2 0.7408660544871795 0.8002277578125 0.740483641025641 0.8179108515625 0.7427760737179487 0.8281493515625 0.748507157051282 0.831872890625 0.7523282211538461 0.8281493515625 0.7572955 0.8141873046875 0.7555756634615385 0.79652415625 0.7538568493589743 0.7937103125 0.7469795512820513 0.7937103125 0.7408660544871795 0.8002277578125
2 0.6812607371794872 0.8374557109375 0.6869918205128206 0.839317484375 0.694632923076923 0.83280253125 0.7003650320512821 0.816049078125 0.6973077724358975 0.798854484375 0.6854631891025641 0.7983659921875 0.6797321057692307 0.8169812109375 0.6812607371794872 0.8374557109375
1 0.7019230769230769 0.3828125 0.7115384615384616 0.3984375 0.7115384615384616 0.4375 0.7051282051282052 0.453125 0.6987179487179487 0.453125 0.6955128205128205 0.4453125 0.6923076923076923 0.4453125 0.6858974358974359 0.4296875 0.6762820512820513 0.421875 0.6762820512820513 0.4140625 0.6730769230769231 0.40625 0.6762820512820513 0.3984375 0.6826923076923077 0.3984375 0.6858974358974359 0.390625 0.6923076923076923 0.390625 0.6955128205128205 0.3828125 0.6987179487179487 0.3828125
1 0.7403846153846154 0.4140625 0.7435897435897436 0.421875 0.7435897435897436 0.4375 0.7467948717948718 0.4453125 0.7467948717948718 0.4921875 0.7403846153846154 0.5078125 0.7339743589743589 0.5078125 0.7307692307692307 0.5 0.7147435897435898 0.5 0.7147435897435898 0.4921875 0.7115384615384616 0.484375 0.7115384615384616 0.4453125 0.7147435897435898 0.4375 0.7147435897435898 0.4296875 0.7211538461538461 0.4140625 0.7371794871794872 0.4140625
1 0.6794871794871795 0.6015625 0.6858974358974359 0.6015625 0.6891025641025641 0.59375 0.7051282051282052 0.59375 0.7083333333333334 0.6015625 0.7115384615384616 0.6015625 0.7211538461538461 0.6171875 0.7211538461538461 0.6484375 0.717948717948718 0.65625 0.717948717948718 0.671875 0.7147435897435898 0.6796875 0.7147435897435898 0.6875 0.7115384615384616 0.6875 0.7019230769230769 0.7109375 0.6923076923076923 0.7109375 0.6826923076923077 0.6875 0.6826923076923077 0.6796875 0.6762820512820513 0.6640625 0.6762820512820513 0.6171875 0.6794871794871795 0.609375
1 0.7307692307692307 0.6796875 0.7403846153846154 0.6953125 0.7403846153846154 0.7578125 0.7339743589743589 0.7734375 0.7307692307692307 0.7734375 0.7243589743589743 0.7890625 0.7243589743589743 0.796875 0.7115384615384616 0.796875 0.6955128205128205 0.7578125 0.6955128205128205 0.71875 0.7051282051282052 0.6953125 0.7083333333333334 0.6953125 0.717948717948718 0.6796875 0.7275641025641025 0.6796875
1 0.7532051282051282 0.609375 0.7596153846153846 0.6328125 0.7596153846153846 0.6796875 0.7564102564102564 0.6796875 0.75 0.6953125 0.7371794871794872 0.6953125 0.7339743589743589 0.6875 0.7307692307692307 0.6875 0.7243589743589743 0.6640625 0.7243589743589743 0.640625 0.7275641025641025 0.6328125 0.7275641025641025 0.6171875 0.7307692307692307 0.6171875 0.7403846153846154 0.6015625 0.7467948717948718 0.6015625 0.75 0.609375
1 0.75 0.703125 0.7596153846153846 0.6953125 0.7660256410256411 0.6796875 0.7756410256410257 0.6796875 0.782051282051282 0.6953125 0.782051282051282 0.75 0.7756410256410257 0.765625 0.7532051282051282 0.765625 0.75 0.7578125 0.75 0.7109375
2 0.7628205128205128 0.5625 0.7660256410256411 0.5703125 0.7660256410256411 0.5859375 0.7596153846153846 0.6015625 0.7467948717948718 0.6015625 0.7435897435897436 0.59375 0.7435897435897436 0.578125 0.75 0.5625 0.7596153846153846 0.5625
1 0.8012820512820513 0.609375 0.8044871794871795 0.6171875 0.8044871794871795 0.6484375 0.8076923076923077 0.65625 0.8076923076923077 0.6796875 0.8044871794871795 0.6796875 0.8012820512820513 0.6875 0.782051282051282 0.6875 0.7756410256410257 0.671875 0.7724358974358975 0.671875 0.7724358974358975 0.6640625 0.7692307692307693 0.65625 0.7724358974358975 0.6328125 0.782051282051282 0.609375 0.7980769230769231 0.609375
1 0.8365384615384616 0.703125 0.8461538461538461 0.71875 0.8493589743589743 0.7421875 0.8461538461538461 0.75 0.8461538461538461 0.765625 0.842948717948718 0.7734375 0.842948717948718 0.78125 0.8333333333333334 0.796875 0.8205128205128205 0.796875 0.8173076923076923 0.7890625 0.8141025641025641 0.7890625 0.8076923076923077 0.765625 0.8076923076923077 0.7421875 0.8108974358974359 0.734375 0.8108974358974359 0.7265625 0.8173076923076923 0.7109375 0.8205128205128205 0.7109375 0.8237179487179487 0.703125 0.8333333333333334 0.703125
1 0.875 0.6953125 0.8782051282051282 0.703125 0.8814102564102564 0.703125 0.8878205128205128 0.7265625 0.8878205128205128 0.75 0.8846153846153846 0.7578125 0.8846153846153846 0.765625 0.8782051282051282 0.78125 0.8782051282051282 0.7890625 0.8621794871794872 0.7890625 0.8493589743589743 0.7421875 0.8493589743589743 0.71875 0.8525641025641025 0.7109375 0.8717948717948718 0.6953125
1 0.907051282051282 0.671875 0.9166666666666666 0.6875 0.9166666666666666 0.71875 0.9134615384615384 0.7265625 0.9134615384615384 0.734375 0.9038461538461539 0.7578125 0.8942307692307693 0.7578125 0.8910256410256411 0.75 0.8910256410256411 0.7421875 0.8846153846153846 0.71875 0.8846153846153846 0.6875 0.8878205128205128 0.6796875 0.9038461538461539 0.6796875
1 0.8997955010224948 0.6255751533742331 0.042944785276073615 0.10467791411042944
2 0.7980769230769231 0.53125 0.8012820512820513 0.5390625 0.8012820512820513 0.5546875 0.7916666666666666 0.578125 0.7916666666666666 0.5859375 0.7852564102564102 0.5859375 0.7756410256410257 0.5625 0.7756410256410257 0.5546875 0.7852564102564102 0.53125 0.7948717948717948 0.53125
2 0.8044871794871795 0.5703125 0.8141025641025641 0.5625 0.8173076923076923 0.5703125 0.8205128205128205 0.5703125 0.8269230769230769 0.5859375 0.8269230769230769 0.59375 0.8205128205128205 0.609375 0.8076923076923077 0.609375 0.8044871794871795 0.6015625 0.8044871794871795 0.578125
2 0.7786298568507157 0.5121740797546012 0.011247443762781185 0.02741564417177914
2 0.7167689161554193 0.2666794478527607 0.016359918200408996 0.04984662576687116
2 0.8829243353783232 0.22555598159509202 0.019427402862985683 0.047354294478527605
2 0.9198717948717948 0.2109375 0.9326923076923077 0.2109375 0.9358974358974359 0.21875 0.9358974358974359 0.2421875 0.9262820512820513 0.2578125 0.9166666666666666 0.2421875 0.9166666666666666 0.2265625 0.9198717948717948 0.21875
2 0.8717948717948718 0.2734375 0.8814102564102564 0.265625 0.8910256410256411 0.2890625 0.8910256410256411 0.3125 0.8717948717948718 0.3125 0.8717948717948718 0.3046875 0.8685897435897436 0.296875 0.8685897435897436 0.2890625 0.8717948717948718 0.28125
1 0.8333333333333334 0.609375 0.842948717948718 0.625 0.842948717948718 0.65625 0.8397435897435898 0.6640625 0.8397435897435898 0.6796875 0.8365384615384616 0.6796875 0.8333333333333334 0.6875 0.8205128205128205 0.6875 0.8141025641025641 0.6640625 0.8141025641025641 0.6328125 0.8205128205128205 0.6171875 0.8301282051282052 0.6171875
1 0.8557692307692307 0.53125 0.8685897435897436 0.5625 0.8653846153846154 0.5859375 0.8557692307692307 0.609375 0.8493589743589743 0.609375 0.8397435897435898 0.59375 0.8333333333333334 0.59375 0.8333333333333334 0.546875 0.8365384615384616 0.546875 0.8397435897435898 0.5390625 0.8525641025641025 0.5390625
1 0.8237179487179487 0.484375 0.8301282051282052 0.5 0.8301282051282052 0.5234375 0.8269230769230769 0.53125 0.8269230769230769 0.5390625 0.8237179487179487 0.5390625 0.8205128205128205 0.546875 0.8108974358974359 0.546875 0.8076923076923077 0.5390625 0.8076923076923077 0.515625 0.8108974358974359 0.5078125 0.8108974358974359 0.5 0.8173076923076923 0.484375 0.8205128205128205 0.484375
1 0.8333333333333334 0.4765625 0.8365384615384616 0.4765625 0.8397435897435898 0.46875 0.8557692307692307 0.46875 0.8557692307692307 0.5078125 0.8493589743589743 0.5234375 0.8397435897435898 0.5234375 0.8365384615384616 0.515625 0.8333333333333334 0.515625 0.8333333333333334 0.5078125 0.8301282051282052 0.5 0.8301282051282052 0.4921875 0.8333333333333334 0.484375
1 0.875 0.453125 0.8782051282051282 0.4609375 0.8782051282051282 0.5078125 0.875 0.515625 0.8653846153846154 0.515625 0.8621794871794872 0.5078125 0.8589743589743589 0.5078125 0.8525641025641025 0.4921875 0.8525641025641025 0.4765625 0.8557692307692307 0.46875 0.8557692307692307 0.453125 0.8589743589743589 0.4453125 0.8685897435897436 0.4453125 0.8717948717948718 0.453125
1 0.907051282051282 0.4609375 0.9134615384615384 0.484375 0.9134615384615384 0.5 0.9038461538461539 0.5234375 0.8878205128205128 0.5234375 0.8814102564102564 0.5078125 0.8814102564102564 0.484375 0.8910256410256411 0.4609375 0.8942307692307693 0.4609375 0.8974358974358975 0.453125 0.9006410256410257 0.453125 0.9038461538461539 0.4609375
1 0.8653846153846154 0.34375 0.8685897435897436 0.3515625 0.875 0.3515625 0.875 0.359375 0.8782051282051282 0.3671875 0.8782051282051282 0.4140625 0.875 0.421875 0.8557692307692307 0.421875 0.8525641025641025 0.4140625 0.8525641025641025 0.40625 0.8493589743589743 0.3984375 0.8525641025641025 0.390625 0.8525641025641025 0.375 0.8557692307692307 0.3671875 0.8557692307692307 0.359375 0.8589743589743589 0.3515625 0.8621794871794872 0.3515625
1 0.9455128205128205 0.3515625 0.9519230769230769 0.3671875 0.9519230769230769 0.3984375 0.9455128205128205 0.4140625 0.9423076923076923 0.4140625 0.9391025641025641 0.421875 0.9262820512820513 0.421875 0.9198717948717948 0.40625 0.9198717948717948 0.3828125 0.9294871794871795 0.359375 0.9358974358974359 0.359375 0.9391025641025641 0.3515625 0.9423076923076923 0.3515625
1 0.7704498977505112 0.4099884969325153 0.03987730061349693 0.11215490797546011
1 0.7243589743589743 0.3046875 0.7339743589743589 0.3046875 0.7371794871794872 0.296875 0.7467948717948718 0.296875 0.75 0.3046875 0.7564102564102564 0.3046875 0.7564102564102564 0.3125 0.7596153846153846 0.3203125 0.7596153846153846 0.3515625 0.7564102564102564 0.359375 0.7532051282051282 0.359375 0.75 0.3671875 0.7403846153846154 0.3671875 0.7371794871794872 0.375 0.7275641025641025 0.375 0.7211538461538461 0.359375 0.7211538461538461 0.3359375 0.7243589743589743 0.328125 0.7243589743589743 0.3125
1 0.7275641025641025 0.1953125 0.7307692307692307 0.1953125 0.7371794871794872 0.1796875 0.75 0.1796875 0.7532051282051282 0.171875 0.7564102564102564 0.171875 0.7596153846153846 0.1796875 0.7596153846153846 0.2265625 0.7532051282051282 0.2421875 0.7467948717948718 0.2421875 0.7435897435897436 0.25 0.7403846153846154 0.25 0.7339743589743589 0.234375 0.7307692307692307 0.234375 0.7307692307692307 0.2265625 0.7275641025641025 0.21875 0.7275641025641025 0.203125
1 0.8685897435897436 0.046875 0.8685897435897436 0.1015625 0.8653846153846154 0.109375 0.8557692307692307 0.109375 0.8525641025641025 0.1015625 0.8493589743589743 0.1015625 0.842948717948718 0.078125 0.842948717948718 0.0546875 0.8461538461538461 0.046875 0.8493589743589743 0.046875 0.8525641025641025 0.0390625 0.8621794871794872 0.0390625 0.8653846153846154 0.046875
1 0.8237179487179487 0.015625 0.8269230769230769 0.0234375 0.8269230769230769 0.0625 0.8237179487179487 0.0703125 0.8237179487179487 0.0859375 0.8076923076923077 0.0859375 0.8012820512820513 0.0625 0.8012820512820513 0.0390625 0.8076923076923077 0.0234375 0.8141025641025641 0.0234375 0.8173076923076923 0.015625 0.8205128205128205 0.015625
1 0.8205128205128205 0.140625 0.8397435897435898 0.125 0.8493589743589743 0.1484375 0.8493589743589743 0.15625 0.8525641025641025 0.1640625 0.8525641025641025 0.1953125 0.8461538461538461 0.21875 0.842948717948718 0.21875 0.8397435897435898 0.2265625 0.8205128205128205 0.2265625 0.8108974358974359 0.203125 0.8108974358974359 0.1640625 0.8141025641025641 0.1640625 0.8205128205128205 0.1484375
2 0.7884615384615384 0.265625 0.7884615384615384 0.296875 0.7788461538461539 0.296875 0.7756410256410257 0.2890625 0.7788461538461539 0.28125 0.7788461538461539 0.2734375 0.782051282051282 0.265625 0.7852564102564102 0.265625
2 0.7660256410256411 0.2109375 0.7852564102564102 0.2109375 0.7852564102564102 0.2421875 0.782051282051282 0.25 0.7692307692307693 0.25 0.7628205128205128 0.234375 0.7628205128205128 0.2265625 0.7660256410256411 0.21875
2 0.7980769230769231 0.3046875 0.8044871794871795 0.3203125 0.8044871794871795 0.3515625 0.7852564102564102 0.3515625 0.7852564102564102 0.34375 0.782051282051282 0.3359375 0.782051282051282 0.3203125 0.7852564102564102 0.3203125 0.7916666666666666 0.3046875 0.7948717948717948 0.3046875
2 0.8173076923076923 0.2734375 0.8205128205128205 0.28125 0.8237179487179487 0.28125 0.8237179487179487 0.3359375 0.8141025641025641 0.34375 0.8076923076923077 0.328125 0.8044871794871795 0.328125 0.8044871794871795 0.296875 0.8108974358974359 0.28125 0.8141025641025641 0.28125
1 0.8365384615384616 0.328125 0.8397435897435898 0.3359375 0.8397435897435898 0.375 0.8365384615384616 0.3828125 0.8365384615384616 0.390625 0.8333333333333334 0.390625 0.8237179487179487 0.40625 0.8173076923076923 0.40625 0.8141025641025641 0.3984375 0.8141025641025641 0.390625 0.8108974358974359 0.3828125 0.8108974358974359 0.34375 0.8141025641025641 0.3359375 0.8205128205128205 0.3359375 0.8269230769230769 0.3203125 0.8301282051282052 0.3203125 0.8333333333333334 0.328125