1 0.8573619631901841 0.07601610429447853 0.02965235173824131 0.07227760736196319
1 0.8685897435897436 0.0703125 0.8814102564102564 0.0703125 0.8846153846153846 0.078125 0.8878205128205128 0.078125 0.8942307692307693 0.1015625 0.8910256410256411 0.125 0.8717948717948718 0.125 0.8653846153846154 0.109375 0.8653846153846154 0.0859375 0.8685897435897436 0.078125
1 0.8782051282051282 0.2109375 0.8814102564102564 0.21875 0.8846153846153846 0.21875 0.8878205128205128 0.2265625 0.8974358974358975 0.234375 0.8974358974358975 0.2421875 0.9006410256410257 0.25 0.9006410256410257 0.2578125 0.8974358974358975 0.265625 0.8974358974358975 0.2890625 0.8910256410256411 0.3046875 0.8878205128205128 0.3046875 0.8846153846153846 0.3125 0.8717948717948718 0.3125 0.8685897435897436 0.3046875 0.8525641025641025 0.3046875 0.8493589743589743 0.296875 0.842948717948718 0.296875 0.8397435897435898 0.2890625 0.8397435897435898 0.25 0.8493589743589743 0.2265625 0.8525641025641025 0.2265625 0.8589743589743589 0.2109375 0.875 0.2109375
1 0.7435897435897436 0.1171875 0.7467948717948718 0.125 0.75 0.125 0.7596153846153846 0.1484375 0.7596153846153846 0.1953125 0.75 0.2109375 0.7403846153846154 0.2109375 0.7307692307692307 0.1953125 0.7211538461538461 0.1953125 0.7211538461538461 0.1875 0.717948717948718 0.1796875 0.717948717948718 0.15625 0.7211538461538461 0.1484375 0.7211538461538461 0.140625 0.7307692307692307 0.1171875 0.7403846153846154 0.1171875
2 0.7980769230769231 0.1796875 0.8012820512820513 0.1875 0.8108974358974359 0.1953125 0.8108974358974359 0.2265625 0.8076923076923077 0.234375 0.7916666666666666 0.234375 0.7884615384615384 0.2265625 0.7852564102564102 0.203125 0.7884615384615384 0.1953125 0.7884615384615384 0.1875 0.7916666666666666 0.1796875 0.7948717948717948 0.1796875
2 0.8173076923076923 0.140625 0.8237179487179487 0.15625 0.8269230769230769 0.15625 0.8269230769230769 0.1953125 0.8205128205128205 0.1953125 0.8173076923076923 0.203125 0.8076923076923077 0.1953125 0.8012820512820513 0.1796875 0.8012820512820513 0.15625 0.8044871794871795 0.1484375 0.8044871794871795 0.140625 0.8076923076923077 0.1328125 0.8108974358974359 0.1328125 0.8141025641025641 0.140625
2 0.8333333333333334 0.1015625 0.842948717948718 0.125 0.842948717948718 0.1484375 0.8397435897435898 0.1484375 0.8365384615384616 0.15625 0.8301282051282052 0.15625 0.8269230769230769 0.1484375 0.8237179487179487 0.1484375 0.8237179487179487 0.109375 0.8269230769230769 0.1015625 0.8301282051282052 0.1015625
1 0.8044871794871795 0.015625 0.8076923076923077 0.0234375 0.8108974358974359 0.0234375 0.8205128205128205 0.046875 0.8205128205128205 0.0703125 0.8141025641025641 0.0859375 0.7916666666666666 0.0859375 0.7852564102564102 0.0703125 0.7852564102564102 0.03125 0.7916666666666666 0.015625 0.8012820512820513 0.015625
1 0.8878205128205128 0.1328125 0.8942307692307693 0.1484375 0.8942307692307693 0.1875 0.8878205128205128 0.203125 0.8846153846153846 0.203125 0.8814102564102564 0.2109375 0.8717948717948718 0.2109375 0.8621794871794872 0.1953125 0.8621794871794872 0.140625 0.8653846153846154 0.1328125 0.875 0.1328125 0.8782051282051282 0.140625 0.8814102564102564 0.1328125 0.8846153846153846 0.1328125
1 0.8461538461538461 0.15625 0.8525641025641025 0.171875 0.8557692307692307 0.171875 0.8589743589743589 0.1796875 0.8589743589743589 0.21875 0.8557692307692307 0.2265625 0.8557692307692307 0.234375 0.8525641025641025 0.234375 0.8493589743589743 0.2421875 0.8397435897435898 0.2421875 0.8365384615384616 0.234375 0.8333333333333334 0.234375 0.8333333333333334 0.1796875 0.8365384615384616 0.171875 0.8365384615384616 0.1640625 0.8397435897435898 0.15625 0.842948717948718 0.15625
1 0.8205128205128205 0.28125 0.8269230769230769 0.296875 0.8301282051282052 0.296875 0.842948717948718 0.328125 0.842948717948718 0.3671875 0.8365384615384616 0.3828125 0.8333333333333334 0.3828125 0.8301282051282052 0.390625 0.8301282051282052 0.3984375 0.8205128205128205 0.3984375 0.8173076923076923 0.40625 0.8108974358974359 0.40625 0.8012820512820513 0.3828125 0.8012820512820513 0.375 0.7980769230769231 0.3671875 0.7980769230769231 0.3046875 0.8076923076923077 0.28125 0.8173076923076923 0.28125
1 0.7564102564102564 0.390625 0.7596153846153846 0.3984375 0.7660256410256411 0.3984375 0.7692307692307693 0.40625 0.7724358974358975 0.40625 0.7788461538461539 0.421875 0.7788461538461539 0.4453125 0.7756410256410257 0.453125 0.7756410256410257 0.4765625 0.7724358974358975 0.484375 0.7467948717948718 0.484375 0.7467948717948718 0.4765625 0.7435897435897436 0.46875 0.7435897435897436 0.453125 0.7403846153846154 0.4453125 0.7403846153846154 0.4140625 0.75 0.390625 0.7532051282051282 0.390625
2 0.7781186094069529 0.38880368098159507 0.01840490797546012 0.05483128834355828
1 0.7893660531697342 0.31154141104294475 0.042944785276073615 0.12461656441717792
1 0.8141025641025641 0.453125 0.8205128205128205 0.46875 0.8205128205128205 0.5 0.8141025641025641 0.515625 0.8044871794871795 0.515625 0.7980769230769231 0.5 0.7980769230769231 0.4609375 0.8012820512820513 0.453125 0.8108974358974359 0.453125
1 0.8878205128205128 0.3515625 0.8910256410256411 0.359375 0.8942307692307693 0.359375 0.9006410256410257 0.375 0.9006410256410257 0.3984375 0.8974358974358975 0.40625 0.8974358974358975 0.4140625 0.8910256410256411 0.4140625 0.8878205128205128 0.421875 0.8814102564102564 0.421875 0.8782051282051282 0.4140625 0.875 0.4140625 0.8685897435897436 0.3984375 0.8685897435897436 0.3515625 0.8717948717948718 0.34375 0.8814102564102564 0.34375 0.8846153846153846 0.3515625
1 0.9326923076923077 0.390625 0.9391025641025641 0.40625 0.9391025641025641 0.4375 0.9326923076923077 0.4609375 0.9166666666666666 0.4609375 0.9102564102564102 0.4375 0.9102564102564102 0.40625 0.9166666666666666 0.390625 0.9198717948717948 0.390625 0.9230769230769231 0.3828125 0.9262820512820513 0.3828125 0.9294871794871795 0.390625
2 0.9038461538461539 0.4296875 0.9134615384615384 0.453125 0.907051282051282 0.4765625 0.8974358974358975 0.4765625 0.8942307692307693 0.46875 0.8942307692307693 0.4375 0.8974358974358975 0.4296875 0.9006410256410257 0.4296875
2 0.907051282051282 0.484375 0.9102564102564102 0.4921875 0.9102564102564102 0.515625 0.907051282051282 0.5234375 0.907051282051282 0.53125 0.9038461538461539 0.53125 0.9006410256410257 0.5390625 0.8942307692307693 0.5390625 0.8846153846153846 0.5234375 0.8846153846153846 0.515625 0.8814102564102564 0.5078125 0.8814102564102564 0.484375 0.8846153846153846 0.4765625 0.9006410256410257 0.4765625 0.9038461538461539 0.484375
2 0.9038461538461539 0.5625 0.9006410256410257 0.5390625 0.9038461538461539 0.53125 0.9038461538461539 0.5078125 0.9102564102564102 0.4921875 0.9198717948717948 0.4921875 0.9230769230769231 0.5 0.9230769230769231 0.515625 0.9262820512820513 0.5234375 0.9262820512820513 0.5390625 0.9198717948717948 0.5625 0.907051282051282 0.5625
2 0.9743589743589743 0.5546875 0.9903846153846154 0.5859375 0.9903846153846154 0.609375 0.9807692307692307 0.6328125 0.967948717948718 0.6328125 0.9583333333333334 0.609375 0.9583333333333334 0.5859375 0.9615384615384616 0.578125 0.9615384615384616 0.5703125 0.967948717948718 0.5546875 0.9711538461538461 0.5546875
1 0.8878205128205128 0.5625 0.8910256410256411 0.5703125 0.8974358974358975 0.5703125 0.9006410256410257 0.578125 0.9006410256410257 0.625 0.8942307692307693 0.640625 0.8717948717948718 0.640625 0.8717948717948718 0.6328125 0.8685897435897436 0.625 0.8685897435897436 0.5859375 0.8717948717948718 0.578125 0.8717948717948718 0.5703125 0.8782051282051282 0.5546875 0.8814102564102564 0.5546875 0.8846153846153846 0.5625
1 0.9166666666666666 0.640625 0.9262820512820513 0.6640625 0.9294871794871795 0.6640625 0.9326923076923077 0.671875 0.9326923076923077 0.703125 0.9294871794871795 0.7109375 0.9294871794871795 0.7265625 0.9230769230769231 0.7421875 0.9006410256410257 0.7421875 0.8942307692307693 0.7265625 0.8942307692307693 0.71875 0.8878205128205128 0.6953125 0.8878205128205128 0.6796875 0.8910256410256411 0.671875 0.8910256410256411 0.65625 0.9006410256410257 0.6328125 0.9102564102564102 0.6328125 0.9134615384615384 0.640625
2 0.8846153846153846 0.796875 0.8878205128205128 0.8046875 0.8910256410256411 0.8046875 0.8910256410256411 0.8359375 0.8878205128205128 0.84375 0.8717948717948718 0.84375 0.8717948717948718 0.8359375 0.8685897435897436 0.828125 0.8685897435897436 0.8046875 0.8717948717948718 0.796875 0.8814102564102564 0.796875
2 0.8942307692307693 0.7578125 0.8974358974358975 0.765625 0.9006410256410257 0.765625 0.907051282051282 0.7890625 0.907051282051282 0.796875 0.8974358974358975 0.8125 0.8910256410256411 0.8125 0.8814102564102564 0.796875 0.8814102564102564 0.7578125 0.8846153846153846 0.75 0.8878205128205128 0.75 0.8910256410256411 0.7578125
2 0.8589743589743589 0.8984375 0.8589743589743589 0.8671875 0.8557692307692307 0.859375 0.8557692307692307 0.8515625 0.8589743589743589 0.84375 0.875 0.84375 0.8814102564102564 0.859375 0.8814102564102564 0.875 0.8782051282051282 0.8828125 0.8782051282051282 0.890625 0.8717948717948718 0.90625 0.8653846153846154 0.90625 0.8621794871794872 0.8984375
1 0.8365384615384616 0.8515625 0.8461538461538461 0.8671875 0.8461538461538461 0.9140625 0.842948717948718 0.921875 0.842948717948718 0.9296875 0.8333333333333334 0.9453125 0.8269230769230769 0.9453125 0.8237179487179487 0.9375 0.8205128205128205 0.9375 0.8141025641025641 0.921875 0.8141025641025641 0.9140625 0.8108974358974359 0.90625 0.8108974358974359 0.8984375 0.8141025641025641 0.890625 0.8141025641025641 0.875 0.8237179487179487 0.8515625 0.8333333333333334 0.8515625
2 0.8269230769230769 0.8125 0.8301282051282052 0.8203125 0.8301282051282052 0.8515625 0.8269230769230769 0.859375 0.8108974358974359 0.859375 0.8044871794871795 0.84375 0.8044871794871795 0.8203125 0.8108974358974359 0.8046875 0.8205128205128205 0.8046875 0.8237179487179487 0.8125
1 0.8076923076923077 0.7578125 0.8108974358974359 0.765625 0.8108974358974359 0.8203125 0.8012820512820513 0.84375 0.782051282051282 0.84375 0.7788461538461539 0.8359375 0.7788461538461539 0.828125 0.7724358974358975 0.8046875 0.7724358974358975 0.7890625 0.782051282051282 0.765625 0.7852564102564102 0.765625 0.7948717948717948 0.75 0.8012820512820513 0.75 0.8044871794871795 0.7578125
2 0.8333333333333334 0.75 0.8397435897435898 0.7734375 0.8397435897435898 0.7890625 0.8365384615384616 0.796875 0.8173076923076923 0.796875 0.8173076923076923 0.765625 0.8205128205128205 0.7578125 0.8301282051282052 0.75
2 0.8397435897435898 0.734375 0.8493589743589743 0.7265625 0.8589743589743589 0.75 0.8589743589743589 0.7578125 0.8621794871794872 0.765625 0.8589743589743589 0.7734375 0.8589743589743589 0.78125 0.842948717948718 0.78125 0.8365384615384616 0.765625 0.8365384615384616 0.75 0.8397435897435898 0.7421875
2 0.8237179487179487 0.6796875 0.8301282051282052 0.6953125 0.8301282051282052 0.71875 0.8237179487179487 0.7421875 0.8141025641025641 0.7421875 0.8076923076923077 0.7265625 0.8076923076923077 0.703125 0.8173076923076923 0.6796875 0.8205128205128205 0.6796875
2 0.8012820512820513 0.65625 0.8076923076923077 0.671875 0.8076923076923077 0.6953125 0.8044871794871795 0.703125 0.8044871794871795 0.7109375 0.7852564102564102 0.7109375 0.7852564102564102 0.6640625 0.7884615384615384 0.65625 0.7980769230769231 0.65625
2 0.7724358974358975 0.6953125 0.7756410256410257 0.703125 0.7756410256410257 0.7421875 0.7724358974358975 0.75 0.7628205128205128 0.75 0.7564102564102564 0.734375 0.7564102564102564 0.703125 0.7596153846153846 0.6953125 0.7692307692307693 0.6953125
1 0.8397435897435898 0.5390625 0.8397435897435898 0.546875 0.842948717948718 0.5546875 0.842948717948718 0.59375 0.8397435897435898 0.59375 0.8365384615384616 0.6015625 0.8173076923076923 0.6015625 0.8141025641025641 0.59375 0.8141025641025641 0.5859375 0.8076923076923077 0.5703125 0.8076923076923077 0.5390625 0.8108974358974359 0.53125 0.8333333333333334 0.53125 0.8365384615384616 0.5390625
1 0.7980769230769231 0.515625 0.8012820512820513 0.5234375 0.8044871794871795 0.5234375 0.8044871794871795 0.5703125 0.8012820512820513 0.578125 0.7884615384615384 0.578125 0.782051282051282 0.5625 0.782051282051282 0.5234375 0.7852564102564102 0.515625 0.7948717948717948 0.515625
1 0.7339743589743589 0.4921875 0.7403846153846154 0.5078125 0.75 0.5078125 0.7532051282051282 0.515625 0.7564102564102564 0.515625 0.7660256410256411 0.53125 0.7660256410256411 0.578125 0.7628205128205128 0.5859375 0.7628205128205128 0.59375 0.7532051282051282 0.609375 0.7243589743589743 0.609375 0.7211538461538461 0.6015625 0.717948717948718 0.6015625 0.7115384615384616 0.578125 0.7115384615384616 0.5234375 0.7147435897435898 0.515625 0.7147435897435898 0.5078125 0.7211538461538461 0.4921875 0.7307692307692307 0.4921875
1 0.717948717948718 0.5859375 0.7275641025641025 0.6015625 0.7275641025641025 0.65625 0.7211538461538461 0.6796875 0.6987179487179487 0.6796875 0.6923076923076923 0.6640625 0.6923076923076923 0.6484375 0.6955128205128205 0.640625 0.6923076923076923 0.6328125 0.6923076923076923 0.609375 0.6955128205128205 0.6015625 0.6955128205128205 0.59375 0.6987179487179487 0.5859375 0.7147435897435898 0.5859375
2 0.717948717948718 0.6875 0.7275641025641025 0.7109375 0.7275641025641025 0.7265625 0.7211538461538461 0.7421875 0.7083333333333334 0.7421875 0.7019230769230769 0.7265625 0.7019230769230769 0.703125 0.7051282051282052 0.6953125 0.7147435897435898 0.6875
2 0.6730769230769231 0.6640625 0.6858974358974359 0.6640625 0.6891025641025641 0.671875 0.6923076923076923 0.671875 0.6987179487179487 0.6875 0.6987179487179487 0.71875 0.6955128205128205 0.7265625 0.6826923076923077 0.7265625 0.6794871794871795 0.71875 0.6762820512820513 0.71875 0.6698717948717948 0.703125 0.6698717948717948 0.6796875 0.6730769230769231 0.671875
2 0.6666666666666666 0.8515625 0.6666666666666666 0.8203125 0.6698717948717948 0.8125 0.6794871794871795 0.8125 0.6826923076923077 0.8203125 0.6826923076923077 0.84375 0.6794871794871795 0.8515625 0.6698717948717948 0.8515625
2 0.6826923076923077 0.8828125 0.6826923076923077 0.84375 0.6858974358974359 0.8359375 0.6923076923076923 0.8359375 0.6955128205128205 0.828125 0.7051282051282052 0.8515625 0.7051282051282052 0.8671875 0.6987179487179487 0.890625 0.6891025641025641 0.890625 0.6858974358974359 0.8828125
1 0.7852564102564102 0.8515625 0.7884615384615384 0.859375 0.7916666666666666 0.8515625 0.7980769230769231 0.8515625 0.8076923076923077 0.875 0.8076923076923077 0.953125 0.8044871794871795 0.9609375 0.8044871794871795 0.96875 0.7916666666666666 0.96875 0.7884615384615384 0.9609375 0.782051282051282 0.9609375 0.7788461538461539 0.96875 0.7756410256410257 0.96875 0.7724358974358975 0.9609375 0.7692307692307693 0.9609375 0.7660256410256411 0.953125 0.7628205128205128 0.953125 0.7532051282051282 0.9375 0.7532051282051282 0.890625 0.7660256410256411 0.859375 0.7692307692307693 0.859375 0.7724358974358975 0.8515625 0.782051282051282 0.8515625
1 0.6698717948717948 0.765625 0.6730769230769231 0.765625 0.6794871794871795 0.75 0.6923076923076923 0.75 0.6987179487179487 0.765625 0.7051282051282052 0.765625 0.7147435897435898 0.78125 0.7147435897435898 0.796875 0.7083333333333334 0.8125 0.7019230769230769 0.8125 0.6955128205128205 0.828125 0.6923076923076923 0.828125 0.6891025641025641 0.8359375 0.6762820512820513 0.8359375 0.6698717948717948 0.8125 0.6698717948717948 0.7734375
1 0.7564102564102564 0.75 0.7628205128205128 0.765625 0.7628205128205128 0.796875 0.7532051282051282 0.8125 0.7467948717948718 0.8125 0.7435897435897436 0.8046875 0.7371794871794872 0.8046875 0.7339743589743589 0.796875 0.7339743589743589 0.7578125 0.7371794871794872 0.75 0.7532051282051282 0.75
2 0.6390593047034765 0.9520705521472392 0.016359918200408996 0.03987730061349693
2 0.5833333333333334 0.9140625 0.5865384615384616 0.921875 0.5865384615384616 0.9453125 0.5769230769230769 0.9453125 0.5737179487179487 0.9375 0.5737179487179487 0.921875 0.5769230769230769 0.9140625 0.5801282051282052 0.9140625
2 0.6025641025641025 0.78125 0.6089743589743589 0.796875 0.6089743589743589 0.8046875 0.6057692307692307 0.8125 0.6057692307692307 0.8203125 0.6025641025641025 0.8203125 0.5993589743589743 0.828125 0.5993589743589743 0.8359375 0.592948717948718 0.8359375 0.5897435897435898 0.828125 0.5897435897435898 0.7890625 0.5993589743589743 0.78125
2 0.6314102564102564 0.796875 0.6314102564102564 0.8125 0.6346153846153846 0.8203125 0.6346153846153846 0.8359375 0.6282051282051282 0.8515625 0.6185897435897436 0.8515625 0.6153846153846154 0.84375 0.6121794871794872 0.84375 0.6121794871794872 0.8046875 0.6217948717948718 0.7890625 0.625 0.7890625 0.6282051282051282 0.796875
2 0.6185897435897436 0.734375 0.6282051282051282 0.734375 0.6346153846153846 0.75 0.6346153846153846 0.7734375 0.6314102564102564 0.78125 0.6185897435897436 0.78125 0.6185897435897436 0.7734375 0.6153846153846154 0.765625 0.6153846153846154 0.75 0.6185897435897436 0.7421875
2 0.5897435897435898 0.765625 0.5897435897435898 0.7421875 0.592948717948718 0.734375 0.5961538461538461 0.734375 0.5993589743589743 0.7421875 0.5993589743589743 0.7578125 0.5961538461538461 0.765625 0.592948717948718 0.765625
2 0.5833333333333334 0.6875 0.5769230769230769 0.671875 0.5769230769230769 0.6484375 0.5801282051282052 0.640625 0.5961538461538461 0.640625 0.5961538461538461 0.671875 0.592948717948718 0.6796875 0.5865384615384616 0.6796875
2 0.5352564102564102 0.671875 0.5352564102564102 0.6640625 0.532051282051282 0.65625 0.5384615384615384 0.640625 0.5416666666666666 0.640625 0.5448717948717948 0.6484375 0.5448717948717948 0.671875 0.5384615384615384 0.671875
2 0.5512820512820513 0.734375 0.5512820512820513 0.7265625 0.5480769230769231 0.71875 0.5544871794871795 0.703125 0.5576923076923077 0.703125 0.5641025641025641 0.71875 0.5608974358974359 0.7265625 0.5608974358974359 0.734375 0.5544871794871795 0.734375
2 0.5685071574642127 0.8473926380368098 0.026584867075664622 0.07476993865030675
2 0.5230061349693251 0.8075153374233128 0.02965235173824131 0.07476993865030675
2 0.6506410256410257 0.6015625 0.6666666666666666 0.6015625 0.6666666666666666 0.65625 0.6634615384615384 0.6640625 0.657051282051282 0.6640625 0.6538461538461539 0.65625 0.6506410256410257 0.65625 0.6506410256410257 0.609375
2 0.6442307692307693 0.6484375 0.6474358974358975 0.65625 0.6474358974358975 0.6640625 0.6410256410256411 0.6796875 0.6378205128205128 0.671875 0.6346153846153846 0.671875 0.6346153846153846 0.65625 0.6378205128205128 0.6484375 0.6410256410256411 0.6484375
1 0.5961538461538461 0.734375 0.5961538461538461 0.7109375 0.5993589743589743 0.703125 0.5961538461538461 0.6953125 0.5961538461538461 0.6484375 0.6025641025641025 0.6328125 0.6185897435897436 0.6328125 0.625 0.6484375 0.625 0.65625 0.6282051282051282 0.6640625 0.6282051282051282 0.7109375 0.6185897435897436 0.734375 0.6153846153846154 0.734375 0.6121794871794872 0.7421875 0.6025641025641025 0.7421875 0.5993589743589743 0.734375
1 0.6538854805725972 0.5557898773006135 0.03783231083844581 0.06978527607361963
1 0.6820040899795501 0.49846625766871167 0.03271983640081799 0.09470858895705521
1 0.717948717948718 0.3359375 0.7275641025641025 0.3515625 0.7275641025641025 0.3671875 0.7307692307692307 0.375 0.7307692307692307 0.3984375 0.7275641025641025 0.40625 0.7275641025641025 0.4140625 0.7211538461538461 0.4296875 0.7083333333333334 0.4296875 0.7051282051282052 0.421875 0.7051282051282052 0.40625 0.6987179487179487 0.3828125 0.6987179487179487 0.3515625 0.7051282051282052 0.3359375 0.7147435897435898 0.3359375
1 0.717948717948718 0.265625 0.717948717948718 0.296875 0.7147435897435898 0.296875 0.7083333333333334 0.3125 0.6987179487179487 0.3125 0.6955128205128205 0.3046875 0.6923076923076923 0.3046875 0.6923076923076923 0.28125 0.7019230769230769 0.2578125 0.7115384615384616 0.2578125 0.7147435897435898 0.265625
1 0.6794871794871795 0.3203125 0.6826923076923077 0.3203125 0.6858974358974359 0.3125 0.6955128205128205 0.3203125 0.6955128205128205 0.359375 0.6923076923076923 0.3671875 0.6826923076923077 0.3671875 0.6794871794871795 0.359375 0.6794871794871795 0.328125
1 0.6506410256410257 0.3515625 0.6730769230769231 0.3515625 0.6730769230769231 0.3828125 0.6666666666666666 0.3984375 0.6634615384615384 0.3984375 0.6602564102564102 0.40625 0.6538461538461539 0.40625 0.6506410256410257 0.3984375 0.6442307692307693 0.3984375 0.6442307692307693 0.3828125 0.6506410256410257 0.359375
2 0.6762820512820513 0.21875 0.6858974358974359 0.234375 0.6858974358974359 0.2578125 0.6826923076923077 0.2578125 0.6794871794871795 0.265625 0.6730769230769231 0.265625 0.6698717948717948 0.2578125 0.6666666666666666 0.2578125 0.6666666666666666 0.234375 0.6698717948717948 0.2265625 0.6730769230769231 0.2265625
2 0.703476482617587 0.17197085889570551 0.01840490797546012 0.03987730061349693
2 0.7660256410256411 0.09375 0.7692307692307693 0.1015625 0.7692307692307693 0.109375 0.7660256410256411 0.1171875 0.7596153846153846 0.1171875 0.7564102564102564 0.109375 0.7564102564102564 0.1015625 0.7596153846153846 0.09375 0.7628205128205128 0.09375
1 0.7367075664621677 0.048600460122699383 0.03578732106339468 0.09221625766871165
2 0.6923076923076923 0.0546875 0.7051282051282052 0.0546875 0.7115384615384616 0.0703125 0.7115384615384616 0.0859375 0.7083333333333334 0.09375 0.7019230769230769 0.09375 0.6923076923076923 0.078125 0.6923076923076923 0.0625
2 0.6646216768916156 0.11589340490797545 0.03067484662576687 0.06230828220858896
1 0.6232106339468303 0.09969325153374232 0.041922290388548056 0.09969325153374232
1 0.6282051282051282 0.1484375 0.6314102564102564 0.15625 0.6506410256410257 0.15625 0.6538461538461539 0.1796875 0.657051282051282 0.1875 0.6602564102564102 0.1875 0.6602564102564102 0.21875 0.6506410256410257 0.234375 0.6314102564102564 0.234375 0.6185897435897436 0.203125 0.6185897435897436 0.15625 0.6217948717948718 0.1484375 0.625 0.1484375
1 0.6057692307692307 0.21875 0.6089743589743589 0.2265625 0.6153846153846154 0.2265625 0.6217948717948718 0.2421875 0.6217948717948718 0.2734375 0.6185897435897436 0.28125 0.6025641025641025 0.28125 0.5961538461538461 0.265625 0.592948717948718 0.265625 0.5897435897435898 0.2421875 0.592948717948718 0.234375 0.592948717948718 0.2265625 0.6025641025641025 0.21875
1 0.5833333333333334 0.109375 0.5833333333333334 0.1015625 0.5801282051282052 0.09375 0.5769230769230769 0.09375 0.5705128205128205 0.078125 0.5705128205128205 0.0703125 0.5673076923076923 0.0625 0.5673076923076923 0.03125 0.5705128205128205 0.0234375 0.592948717948718 0.0234375 0.5993589743589743 0.046875 0.5993589743589743 0.0859375 0.5961538461538461 0.09375 0.5961538461538461 0.1015625 0.5865384615384616 0.109375
1 0.6089743589743589 0.3359375 0.6121794871794872 0.34375 0.6153846153846154 0.34375 0.6153846153846154 0.3828125 0.6089743589743589 0.3984375 0.592948717948718 0.3984375 0.592948717948718 0.390625 0.5897435897435898 0.3828125 0.5897435897435898 0.375 0.592948717948718 0.3671875 0.592948717948718 0.34375 0.5961538461538461 0.3359375 0.6057692307692307 0.3359375
1 0.5641025641025641 0.3125 0.5673076923076923 0.3203125 0.5673076923076923 0.375 0.5641025641025641 0.375 0.5608974358974359 0.3828125 0.5480769230769231 0.3828125 0.5480769230769231 0.3671875 0.5416666666666666 0.34375 0.5416666666666666 0.328125 0.5480769230769231 0.3046875 0.5576923076923077 0.3046875 0.5608974358974359 0.3125
1 0.6121794871794872 0.515625 0.6153846153846154 0.5234375 0.6153846153846154 0.5546875 0.6121794871794872 0.5625 0.5993589743589743 0.5625 0.592948717948718 0.546875 0.592948717948718 0.5234375 0.5961538461538461 0.515625 0.5993589743589743 0.515625 0.6025641025641025 0.5078125 0.6057692307692307 0.5078125 0.6089743589743589 0.515625
1 0.5544871794871795 0.453125 0.5544871794871795 0.4609375 0.5608974358974359 0.4765625 0.5608974358974359 0.484375 0.5544871794871795 0.5 0.5384615384615384 0.5 0.5384615384615384 0.4609375 0.5416666666666666 0.453125 0.5512820512820513 0.453125
1 0.5384615384615384 0.5078125 0.5512820512820513 0.5078125 0.5544871794871795 0.515625 0.5544871794871795 0.53125 0.5480769230769231 0.546875 0.5448717948717948 0.546875 0.5384615384615384 0.53125 0.5384615384615384 0.515625
2 0.5769230769230769 0.515625 0.5865384615384616 0.515625 0.5897435897435898 0.5234375 0.5897435897435898 0.5390625 0.5865384615384616 0.546875 0.5801282051282052 0.546875 0.5769230769230769 0.5390625 0.5769230769230769 0.5234375
2 0.5769230769230769 0.4765625 0.5801282051282052 0.484375 0.5801282051282052 0.4921875 0.5769230769230769 0.5 0.5705128205128205 0.5 0.5673076923076923 0.4921875 0.5673076923076923 0.484375 0.5705128205128205 0.4765625 0.5737179487179487 0.4765625
2 0.5576923076923077 0.515625 0.5673076923076923 0.515625 0.5673076923076923 0.546875 0.5608974358974359 0.546875 0.5544871794871795 0.53125 0.5576923076923077 0.5234375
2 0.6314102564102564 0.4765625 0.6378205128205128 0.4765625 0.6410256410256411 0.484375 0.6410256410256411 0.5 0.6378205128205128 0.5078125 0.6346153846153846 0.5078125 0.6282051282051282 0.4921875 0.6314102564102564 0.484375
2 0.5572597137014315 0.2205713190184049 0.010224948875255623 0.022430981595092023
2 0.5288461538461539 0.203125 0.5288461538461539 0.1953125 0.5352564102564102 0.1796875 0.5448717948717948 0.1796875 0.5480769230769231 0.1875 0.5480769230769231 0.1953125 0.5416666666666666 0.2109375 0.5352564102564102 0.2109375 0.532051282051282 0.203125
2 0.5576923076923077 0.1640625 0.5673076923076923 0.1640625 0.5673076923076923 0.1875 0.5641025641025641 0.1953125 0.5608974358974359 0.1953125 0.5576923076923077 0.1875 0.5576923076923077 0.171875
2 0.483974358974359 0.25 0.4935897435897436 0.25 0.4935897435897436 0.265625 0.49038461538461536 0.2734375 0.48717948717948717 0.2734375 0.483974358974359 0.265625 0.483974358974359 0.2578125
2 0.5448717948717948 0.1328125 0.5480769230769231 0.140625 0.5512820512820513 0.140625 0.5512820512820513 0.1484375 0.5544871794871795 0.15625 0.5480769230769231 0.1796875 0.5448717948717948 0.1796875 0.5416666666666666 0.171875 0.5352564102564102 0.171875 0.5288461538461539 0.1484375 0.5288461538461539 0.140625 0.532051282051282 0.1328125 0.5416666666666666 0.1328125
2 0.5102249488752556 0.24798696319018404 0.014314928425357873 0.037384969325153374
2 0.4330265848670757 0.4099884969325153 0.015337423312883436 0.02741564417177914
2 0.4340490797546012 0.45734279141104295 0.021472392638036807 0.05233895705521472
2 0.5 0.09375 0.5 0.078125 0.5064102564102564 0.0546875 0.5096153846153846 0.0546875 0.5128205128205128 0.0625 0.5128205128205128 0.09375 0.5096153846153846 0.1015625 0.5064102564102564 0.1015625 0.5032051282051282 0.09375
2 0.4877300613496933 0.0897239263803681 0.020449897750511245 0.04486196319018405
2 0.4807692307692308 0.0078125 0.483974358974359 0.015625 0.483974358974359 0.046875 0.46794871794871795 0.046875 0.46794871794871795 0.0390625 0.46474358974358976 0.03125 0.46474358974358976 0.0234375 0.46794871794871795 0.015625 0.4775641025641026 0.0078125
2 0.5224358974358975 0.1015625 0.5224358974358975 0.09375 0.5192307692307693 0.0859375 0.5192307692307693 0.0703125 0.5224358974358975 0.0625 0.532051282051282 0.0625 0.5352564102564102 0.0703125 0.5352564102564102 0.09375 0.5256410256410257 0.1015625
1 0.5705128205128205 0.1484375 0.5801282051282052 0.1484375 0.5833333333333334 0.15625 0.5865384615384616 0.1484375 0.6089743589743589 0.1484375 0.6153846153846154 0.1640625 0.6153846153846154 0.1875 0.6057692307692307 0.2109375 0.5993589743589743 0.2109375 0.5897435897435898 0.2265625 0.5673076923076923 0.2265625 0.5673076923076923 0.1953125 0.5705128205128205 0.1875 0.5705128205128205 0.15625
1 0.5064102564102564 0.15625 0.5096153846153846 0.1640625 0.5160256410256411 0.1640625 0.5192307692307693 0.171875 0.5192307692307693 0.2109375 0.5160256410256411 0.21875 0.5096153846153846 0.21875 0.5064102564102564 0.2265625 0.4967948717948718 0.2265625 0.4935897435897436 0.21875 0.4935897435897436 0.2109375 0.4967948717948718 0.203125 0.4967948717948718 0.1640625 0.5 0.15625 0.5032051282051282 0.15625
1 0.5096153846153846 0.1171875 0.5128205128205128 0.125 0.5160256410256411 0.125 0.5224358974358975 0.140625 0.5224358974358975 0.15625 0.5192307692307693 0.1640625 0.5 0.1640625 0.4935897435897436 0.1484375 0.4935897435897436 0.140625 0.4967948717948718 0.1328125 0.4967948717948718 0.125 0.5064102564102564 0.125
1 0.46794871794871795 0.1328125 0.4775641025641026 0.1484375 0.4775641025641026 0.1875 0.47435897435897434 0.1953125 0.4583333333333333 0.1953125 0.4583333333333333 0.1875 0.4551282051282051 0.1796875 0.4519230769230769 0.1796875 0.4519230769230769 0.140625 0.4551282051282051 0.1328125 0.46474358974358976 0.1328125
1 0.5352564102564102 0.2578125 0.5384615384615384 0.265625 0.5416666666666666 0.265625 0.5416666666666666 0.296875 0.5384615384615384 0.3046875 0.532051282051282 0.3046875 0.5288461538461539 0.3125 0.5256410256410257 0.3125 0.5224358974358975 0.3046875 0.5224358974358975 0.2890625 0.5192307692307693 0.28125 0.5192307692307693 0.2734375 0.5256410256410257 0.25 0.5288461538461539 0.25 0.532051282051282 0.2578125
1 0.5128205128205128 0.2734375 0.5192307692307693 0.2890625 0.5192307692307693 0.3203125 0.5160256410256411 0.328125 0.5096153846153846 0.328125 0.5064102564102564 0.3359375 0.5064102564102564 0.34375 0.5 0.34375 0.4967948717948718 0.3515625 0.4935897435897436 0.3515625 0.48717948717948717 0.3359375 0.48717948717948717 0.328125 0.483974358974359 0.3203125 0.483974358974359 0.3046875 0.4935897435897436 0.28125 0.4967948717948718 0.28125 0.5 0.2734375 0.5096153846153846 0.2734375
1 0.4775641025641026 0.2578125 0.4807692307692308 0.265625 0.4807692307692308 0.2890625 0.47115384615384615 0.3125 0.46794871794871795 0.3125 0.46474358974358976 0.3203125 0.4583333333333333 0.3203125 0.4551282051282051 0.3125 0.4519230769230769 0.3125 0.44551282051282054 0.296875 0.44551282051282054 0.2890625 0.44871794871794873 0.28125 0.44871794871794873 0.265625 0.4519230769230769 0.2578125 0.47435897435897434 0.2578125
1 0.4423076923076923 0 0.4583333333333333 0 0.4583333333333333 0.0234375 0.4519230769230769 0.0390625 0.44551282051282054 0.0390625 0.4423076923076923 0.03125 0.4423076923076923 0.0234375 0.4391025641025641 0.015625 0.4423076923076923 0.0078125
1 0.4198717948717949 0.0859375 0.4230769230769231 0.09375 0.42948717948717946 0.09375 0.42948717948717946 0.125 0.42628205128205127 0.125 0.4230769230769231 0.1328125 0.4166666666666667 0.1328125 0.40705128205128205 0.1171875 0.40705128205128205 0.09375 0.4166666666666667 0.0859375
1 0.3782051282051282 0 0.38782051282051283 0 0.3942307692307692 0.015625 0.3942307692307692 0.03125 0.38782051282051283 0.046875 0.38461538461538464 0.046875 0.3814102564102564 0.0390625 0.3782051282051282 0.0390625 0.3782051282051282 0.0078125
1 0.375 0.0390625 0.38461538461538464 0.0546875 0.38461538461538464 0.0625 0.391025641025641 0.078125 0.391025641025641 0.0859375 0.3942307692307692 0.09375 0.3942307692307692 0.109375 0.3782051282051282 0.1484375 0.3685897435897436 0.1484375 0.36538461538461536 0.140625 0.36217948717948717 0.140625 0.358974358974359 0.1328125 0.358974358974359 0.1171875 0.34935897435897434 0.1015625 0.3525641025641026 0.078125 0.358974358974359 0.0625 0.36217948717948717 0.0625 0.3717948717948718 0.046875
1 0.3829243353783231 0.19564800613496933 0.027607361963190184 0.06230828220858896
1 0.40064102564102566 0.2109375 0.4166666666666667 0.2109375 0.4198717948717949 0.21875 0.4198717948717949 0.2421875 0.41025641025641024 0.265625 0.40384615384615385 0.265625 0.40384615384615385 0.2578125 0.3974358974358974 0.2421875 0.3974358974358974 0.2265625 0.40064102564102566 0.21875
1 0.3782051282051282 0.28125 0.3782051282051282 0.2734375 0.375 0.265625 0.375 0.2421875 0.3782051282051282 0.234375 0.38782051282051283 0.234375 0.3942307692307692 0.2578125 0.3942307692307692 0.2734375 0.391025641025641 0.28125 0.3814102564102564 0.28125
1 0.4198717948717949 0.2734375 0.4326923076923077 0.3046875 0.4326923076923077 0.3359375 0.4198717948717949 0.375 0.41346153846153844 0.375 0.41025641025641024 0.3828125 0.38782051282051283 0.3828125 0.38461538461538464 0.375 0.38461538461538464 0.359375 0.3814102564102564 0.3515625 0.3814102564102564 0.3125 0.3942307692307692 0.28125 0.3974358974358974 0.28125 0.40064102564102566 0.2734375 0.4166666666666667 0.2734375
1 0.46474358974358976 0.3359375 0.47435897435897434 0.359375 0.47435897435897434 0.3984375 0.47115384615384615 0.40625 0.47115384615384615 0.4140625 0.46474358974358976 0.4296875 0.4583333333333333 0.4296875 0.4551282051282051 0.421875 0.4519230769230769 0.421875 0.44551282051282054 0.3984375 0.44551282051282054 0.3515625 0.4519230769230769 0.3359375 0.46153846153846156 0.3359375
1 0.47435897435897434 0.4609375 0.47435897435897434 0.390625 0.4807692307692308 0.375 0.49038461538461536 0.375 0.49038461538461536 0.3828125 0.4967948717948718 0.3984375 0.4967948717948718 0.40625 0.5 0.4140625 0.5 0.453125 0.48717948717948717 0.484375 0.4807692307692308 0.484375 0.4807692307692308 0.46875 0.4775641025641026 0.4609375
1 0.46794871794871795 0.4453125 0.4775641025641026 0.46875 0.4775641025641026 0.4921875 0.47435897435897434 0.5 0.47435897435897434 0.5078125 0.46474358974358976 0.53125 0.4519230769230769 0.53125 0.44551282051282054 0.515625 0.44551282051282054 0.4921875 0.4423076923076923 0.484375 0.4423076923076923 0.4609375 0.44871794871794873 0.4453125 0.4519230769230769 0.4453125 0.4551282051282051 0.453125 0.46474358974358976 0.4453125
1 0.4807692307692308 0.515625 0.4807692307692308 0.5390625 0.483974358974359 0.546875 0.483974358974359 0.5546875 0.47435897435897434 0.578125 0.46153846153846156 0.578125 0.4551282051282051 0.5625 0.4519230769230769 0.5625 0.4519230769230769 0.546875 0.46153846153846156 0.5234375 0.46474358974358976 0.5234375 0.46794871794871795 0.515625 0.4775641025641026 0.515625
1 0.483974358974359 0.59375 0.48717948717948717 0.6015625 0.48717948717948717 0.625 0.4935897435897436 0.640625 0.4935897435897436 0.6484375 0.4967948717948718 0.65625 0.4935897435897436 0.6796875 0.4775641025641026 0.6796875 0.4775641025641026 0.671875 0.47435897435897434 0.6640625 0.46474358974358976 0.65625 0.4583333333333333 0.640625 0.4583333333333333 0.6328125 0.4551282051282051 0.625 0.4583333333333333 0.6171875 0.4583333333333333 0.6015625 0.46153846153846156 0.6015625 0.46474358974358976 0.59375 0.4807692307692308 0.59375
1 0.48717948717948717 0.703125 0.4935897435897436 0.71875 0.4935897435897436 0.75 0.49038461538461536 0.7578125 0.49038461538461536 0.765625 0.48717948717948717 0.765625 0.4807692307692308 0.78125 0.4775641025641026 0.7734375 0.46474358974358976 0.7734375 0.46153846153846156 0.765625 0.4583333333333333 0.765625 0.4519230769230769 0.75 0.4519230769230769 0.7421875 0.46794871794871795 0.703125 0.483974358974359 0.703125
1 0.44551282051282054 0.6484375 0.44871794871794873 0.65625 0.4551282051282051 0.65625 0.46153846153846156 0.671875 0.46153846153846156 0.7109375 0.4519230769230769 0.734375 0.4358974358974359 0.734375 0.4326923076923077 0.7265625 0.4326923076923077 0.71875 0.42948717948717946 0.7109375 0.42628205128205127 0.7109375 0.42628205128205127 0.671875 0.42948717948717946 0.6640625 0.42948717948717946 0.65625 0.4358974358974359 0.65625 0.4391025641025641 0.6484375 0.4423076923076923 0.6484375
1 0.3717948717948718 0.671875 0.375 0.6640625 0.3974358974358974 0.6640625 0.40384615384615385 0.6796875 0.40384615384615385 0.703125 0.40064102564102566 0.7109375 0.40064102564102566 0.7265625 0.3974358974358974 0.7265625 0.3942307692307692 0.734375 0.3814102564102564 0.734375 0.3814102564102564 0.7265625 0.3717948717948718 0.7109375 0.3717948717948718 0.6875 0.375 0.6796875
1 0.3685897435897436 0.65625 0.3685897435897436 0.640625 0.3717948717948718 0.6328125 0.3717948717948718 0.625 0.3782051282051282 0.6015625 0.40064102564102566 0.6015625 0.40384615384615385 0.609375 0.40064102564102566 0.6171875 0.40064102564102566 0.6328125 0.3942307692307692 0.65625 0.3717948717948718 0.65625
1 0.3974358974358974 0.765625 0.40705128205128205 0.7578125 0.41346153846153844 0.7734375 0.41346153846153844 0.78125 0.4166666666666667 0.7890625 0.4166666666666667 0.8203125 0.41025641025641024 0.8359375 0.40384615384615385 0.8359375 0.40064102564102566 0.828125 0.40064102564102566 0.8203125 0.3942307692307692 0.8046875 0.3942307692307692 0.78125 0.3974358974358974 0.7734375
1 0.3240889583333333 0.2070454375 0.32867382371794873 0.2331077421875 0.33803476602564103 0.244709546875 0.3420470352564103 0.234969515625 0.3451032724358974 0.2154221640625 0.3561840480769231 0.2014626171875 0.35924130769230767 0.184706671875 0.35427402884615383 0.1698149921875 0.3420470352564103 0.1549233125 0.3347873205128205 0.15771721875 0.32638139102564107 0.184706671875 0.3240889583333333 0.2070454375
1 0.335169733974359 0.28243596875 0.335169733974359 0.307566140625 0.34472188141025645 0.328529140625 0.3558016346153846 0.333628453125 0.3611513301282051 0.3205985390625 0.3630613493589744 0.2926744609375 0.3630613493589744 0.268476421875 0.35503783333333333 0.258237921875 0.34854192307692305 0.254514375 0.3416646217948718 0.2563761484375 0.335169733974359 0.28243596875
1 0.3065132916666667 0.304774734375 0.3114795512820513 0.3196664140625 0.32227402884615386 0.3250373828125 0.32829141025641023 0.3019833203125 0.3313486698717949 0.2833681015625 0.3305838461538462 0.2638207421875 0.32829141025641023 0.2563761484375 0.3237065448717949 0.25172296875 0.31491922435897435 0.2507908359375 0.3061308782051282 0.2740592421875 0.3065132916666667 0.304774734375
1 0.3558016346153846 0.5058909140625 0.3554202467948718 0.527297546875 0.35522903846153847 0.5322572890625 0.36000511217948716 0.544051 0.3687934551282051 0.5477745390625 0.3775807756410256 0.5338125 0.37949182051282054 0.5189208203125 0.37949182051282054 0.5030970078125 0.37223210576923077 0.4900671015625 0.3676472403846154 0.4900671015625 0.3615337435897436 0.4956524140625 0.3558016346153846 0.5058909140625
1 0.3630613493589744 0.4444599296875 0.3665 0.459351609375 0.371085891025641 0.4723840078125 0.37949182051282054 0.4733136484375 0.37987321153846154 0.4546984296875 0.37949182051282054 0.43980675 0.3745245384615385 0.4211915234375 0.3676472403846154 0.4211915234375 0.3638261762820513 0.4277064765625 0.3630613493589744 0.4444599296875
2 0.34816053205128206 0.4956524140625 0.35236298717948716 0.5003056015625 0.3531278108974359 0.5003056015625 0.35847648397435894 0.49472028125 0.3588588942307692 0.4770371953125 0.35694785256410255 0.4574898359375 0.35159918269230767 0.4491131171875 0.3454856858974359 0.4491131171875 0.34051840384615384 0.456560203125 0.33975460256410256 0.469590109375 0.34319325 0.4863435546875 0.34816053205128206 0.4956524140625
2 0.30498466346153846 0.5449806328125 0.30498466346153846 0.5654576328125 0.30842331410256413 0.5840728515625 0.32026789423076923 0.585934625 0.3275276057692308 0.575696125 0.3328773012820513 0.556151265625 0.3347873205128205 0.5310210859375 0.3317310833333333 0.517059046875 0.3237065448717949 0.51612940625 0.31759304807692307 0.52078259375 0.3099519423076923 0.5300889609375 0.30498466346153846 0.5449806328125
2 0.3458680993589744 0.5552191328125 0.3454856858974359 0.5654576328125 0.3508353782051282 0.5784875390625 0.3577126794871795 0.579419671875 0.3596226987179487 0.5710429453125 0.35847648397435894 0.5589426796875 0.35159918269230767 0.550565953125 0.3458680993589744 0.5552191328125
2 0.2530204487179487 0.7937103125 0.24614315064102563 0.7937103125 0.24442433653846152 0.79652415625 0.24270450000000002 0.8141873046875 0.24767177884615385 0.8281493515625 0.25149284294871793 0.831872890625 0.2572239262820513 0.8281493515625 0.259516358974359 0.8179108515625 0.2591339455128205 0.8002277578125 0.2530204487179487 0.7937103125
2 0.32026789423076923 0.8169812109375 0.3145368108974359 0.7983659921875 0.3026922275641026 0.798854484375 0.2996349679487179 0.816049078125 0.3053670769230769 0.83280253125 0.31300817948717946 0.839317484375 0.31873926282051285 0.8374557109375 0.32026789423076923 0.8169812109375
1 0.30128205128205127 0.3828125 0.30448717948717946 0.390625 0.3108974358974359 0.390625 0.3141025641025641 0.3984375 0.32051282051282054 0.3984375 0.32371794871794873 0.40625 0.32051282051282054 0.4140625 0.32051282051282054 0.421875 0.3108974358974359 0.4296875 0.30448717948717946 0.4453125 0.30128205128205127 0.4453125 0.2980769230769231 0.453125 0.2916666666666667 0.453125 0.28525641025641024 0.4375 0.28525641025641024 0.3984375 0.28846153846153844 0.390625 0.2980769230769231 0.3828125
1 0.27564102564102566 0.4140625 0.28205128205128205 0.4296875 0.28205128205128205 0.4375 0.28525641025641024 0.4453125 0.28525641025641024 0.484375 0.28205128205128205 0.4921875 0.28205128205128205 0.5 0.266025641025641 0.5 0.26282051282051283 0.5078125 0.2564102564102564 0.5078125 0.25 0.4921875 0.25 0.4453125 0.2532051282051282 0.4375 0.2532051282051282 0.421875 0.2564102564102564 0.4140625 0.2724358974358974 0.4140625
1 0.28205128205128205 0.6875 0.28205128205128205 0.6796875 0.27884615384615385 0.671875 0.27884615384615385 0.65625 0.27564102564102566 0.6484375 0.27564102564102566 0.6171875 0.27884615384615385 0.609375 0.28205128205128205 0.609375 0.2916666666666667 0.59375 0.3076923076923077 0.59375 0.3108974358974359 0.6015625 0.3173076923076923 0.6015625 0.3173076923076923 0.609375 0.32051282051282054 0.6171875 0.32051282051282054 0.6640625 0.3141025641025641 0.6796875 0.3141025641025641 0.6875 0.30448717948717946 0.7109375 0.2948717948717949 0.7109375 0.28525641025641024 0.6875
1 0.27884615384615385 0.6796875 0.28205128205128205 0.6875 0.2916666666666667 0.6953125 0.30128205128205127 0.71875 0.30128205128205127 0.7578125 0.28525641025641024 0.796875 0.2724358974358974 0.796875 0.2724358974358974 0.7890625 0.2564102564102564 0.7578125 0.2564102564102564 0.6953125 0.266025641025641 0.6796875 0.27564102564102566 0.6796875
1 0.26282051282051283 0.609375 0.266025641025641 0.6171875 0.2692307692307692 0.6171875 0.2692307692307692 0.6328125 0.2724358974358974 0.640625 0.2724358974358974 0.6640625 0.2692307692307692 0.671875 0.2692307692307692 0.6796875 0.25961538461538464 0.6953125 0.2467948717948718 0.6953125 0.2403846153846154 0.6796875 0.23717948717948717 0.6796875 0.23717948717948717 0.6328125 0.2403846153846154 0.625 0.2403846153846154 0.6171875 0.25 0.6015625 0.2564102564102564 0.6015625 0.25961538461538464 0.609375
1 0.2403846153846154 0.6953125 0.24358974358974358 0.703125 0.2467948717948718 0.703125 0.2467948717948718 0.7578125 0.24358974358974358 0.765625 0.22115384615384615 0.765625 0.21474358974358973 0.75 0.21474358974358973 0.6953125 0.22115384615384615 0.6796875 0.23076923076923078 0.6796875 0.23717948717948717 0.6953125
2 0.2467948717948718 0.5625 0.2532051282051282 0.578125 0.2532051282051282 0.59375 0.25 0.6015625 0.23717948717948717 0.6015625 0.23076923076923078 0.5859375 0.23076923076923078 0.5703125 0.23397435897435898 0.5625 0.24358974358974358 0.5625
1 0.21474358974358973 0.609375 0.22435897435897437 0.6328125 0.22435897435897437 0.640625 0.22756410256410256 0.6484375 0.22435897435897437 0.671875 0.22115384615384615 0.671875 0.21474358974358973 0.6875 0.1955128205128205 0.6875 0.19230769230769232 0.6796875 0.1891025641025641 0.6796875 0.1891025641025641 0.65625 0.19230769230769232 0.6484375 0.19230769230769232 0.6171875 0.1955128205128205 0.609375 0.21153846153846154 0.609375
1 0.17307692307692307 0.703125 0.1762820512820513 0.7109375 0.1794871794871795 0.7109375 0.1858974358974359 0.7265625 0.1858974358974359 0.734375 0.1891025641025641 0.7421875 0.1891025641025641 0.765625 0.1858974358974359 0.7734375 0.1858974358974359 0.78125 0.1762820512820513 0.796875 0.16346153846153846 0.796875 0.16025641025641027 0.7890625 0.15705128205128205 0.7890625 0.15384615384615385 0.78125 0.15384615384615385 0.7734375 0.15064102564102563 0.765625 0.15064102564102563 0.75 0.14743589743589744 0.7421875 0.14743589743589744 0.734375 0.15384615384615385 0.7109375 0.15705128205128205 0.7109375 0.16025641025641027 0.703125 0.16987179487179488 0.703125
1 0.1282051282051282 0.6953125 0.13141025641025642 0.703125 0.13782051282051283 0.703125 0.14743589743589744 0.71875 0.14743589743589744 0.7421875 0.1346153846153846 0.7890625 0.11858974358974358 0.7890625 0.11858974358974358 0.78125 0.11217948717948718 0.765625 0.11217948717948718 0.7578125 0.10897435897435898 0.75 0.10897435897435898 0.7265625 0.11217948717948718 0.71875 0.11217948717948718 0.7109375 0.11538461538461539 0.703125 0.125 0.6953125
1 0.08974358974358974 0.671875 0.09294871794871795 0.6796875 0.10897435897435898 0.6796875 0.11217948717948718 0.6875 0.11217948717948718 0.71875 0.10897435897435898 0.7265625 0.10576923076923077 0.75 0.10256410256410256 0.7578125 0.09294871794871795 0.7578125 0.08333333333333333 0.734375 0.08333333333333333 0.7265625 0.08012820512820513 0.71875 0.08012820512820513 0.6875 0.08333333333333333 0.6796875 0.08653846153846154 0.6796875
1 0.10020449897750512 0.6255751533742331 0.042944785276073615 0.10467791411042944
2 0.21153846153846154 0.53125 0.22115384615384615 0.5546875 0.22115384615384615 0.5625 0.21153846153846154 0.5859375 0.20512820512820512 0.5859375 0.20512820512820512 0.578125 0.1955128205128205 0.5546875 0.1955128205128205 0.5390625 0.1987179487179487 0.53125 0.20833333333333334 0.53125
2 0.19230769230769232 0.5703125 0.19230769230769232 0.6015625 0.1891025641025641 0.609375 0.1762820512820513 0.609375 0.16987179487179488 0.59375 0.16987179487179488 0.5859375 0.1762820512820513 0.5703125 0.1794871794871795 0.5703125 0.18269230769230768 0.5625 0.1858974358974359 0.5625 0.1891025641025641 0.5703125
2 0.2213701431492843 0.5121740797546012 0.011247443762781185 0.02741564417177914
2 0.2832310838445808 0.2666794478527607 0.016359918200408996 0.04984662576687116
2 0.1170756646216769 0.22555598159509202 0.019427402862985683 0.047354294478527605
2 0.07692307692307693 0.2109375 0.07692307692307693 0.21875 0.08012820512820513 0.2265625 0.08012820512820513 0.2421875 0.07051282051282051 0.2578125 0.060897435897435896 0.2421875 0.060897435897435896 0.21875 0.0641025641025641 0.2109375 0.07371794871794872 0.2109375
2 0.125 0.2734375 0.125 0.28125 0.1282051282051282 0.2890625 0.125 0.3125 0.10576923076923077 0.3125 0.10576923076923077 0.2890625 0.11538461538461539 0.265625 0.11858974358974358 0.265625 0.12179487179487179 0.2734375
1 0.16346153846153846 0.609375 0.16666666666666666 0.6171875 0.1762820512820513 0.6171875 0.18269230769230768 0.6328125 0.18269230769230768 0.6640625 0.1794871794871795 0.671875 0.1794871794871795 0.6796875 0.1762820512820513 0.6875 0.16346153846153846 0.6875 0.16025641025641027 0.6796875 0.15705128205128205 0.6796875 0.15705128205128205 0.6640625 0.15384615384615385 0.65625 0.15384615384615385 0.625 0.15705128205128205 0.6171875 0.16025641025641027 0.6171875
1 0.14102564102564102 0.53125 0.14423076923076922 0.5390625 0.15705128205128205 0.5390625 0.16025641025641027 0.546875 0.16346153846153846 0.546875 0.16346153846153846 0.59375 0.15705128205128205 0.59375 0.14743589743589744 0.609375 0.14102564102564102 0.609375 0.13141025641025642 0.5859375 0.13141025641025642 0.578125 0.1282051282051282 0.5703125 0.1282051282051282 0.5625 0.13782051282051283 0.5390625
1 0.1794871794871795 0.484375 0.1858974358974359 0.5 0.1858974358974359 0.5078125 0.1891025641025641 0.515625 0.1891025641025641 0.5390625 0.1858974358974359 0.546875 0.1762820512820513 0.546875 0.17307692307692307 0.5390625 0.16987179487179488 0.5390625 0.16987179487179488 0.53125 0.16666666666666666 0.5234375 0.16666666666666666 0.5 0.17307692307692307 0.484375 0.1762820512820513 0.484375
1 0.14102564102564102 0.46875 0.15705128205128205 0.46875 0.16025641025641027 0.4765625 0.16346153846153846 0.4765625 0.16346153846153846 0.484375 0.16666666666666666 0.4921875 0.16346153846153846 0.515625 0.16025641025641027 0.515625 0.15705128205128205 0.5234375 0.14743589743589744 0.5234375 0.14102564102564102 0.5078125 0.14102564102564102 0.4765625
1 0.13445807770961146 0.48101993865030673 0.027607361963190184 0.07975460122699386
1 0.10576923076923077 0.4609375 0.11538461538461539 0.484375 0.11538461538461539 0.5078125 0.10897435897435898 0.5234375 0.09294871794871795 0.5234375 0.08333333333333333 0.5 0.08333333333333333 0.484375 0.08974358974358974 0.4609375 0.09294871794871795 0.4609375 0.09615384615384616 0.453125 0.09935897435897435 0.453125 0.10256410256410256 0.4609375
1 0.13141025641025642 0.34375 0.1346153846153846 0.3515625 0.13782051282051283 0.3515625 0.14423076923076922 0.375 0.14423076923076922 0.390625 0.14743589743589744 0.3984375 0.14423076923076922 0.40625 0.14423076923076922 0.4140625 0.14102564102564102 0.421875 0.12179487179487179 0.421875 0.11858974358974358 0.4140625 0.11858974358974358 0.3671875 0.12179487179487179 0.359375 0.12179487179487179 0.3515625 0.1282051282051282 0.3515625
1 0.057692307692307696 0.3515625 0.060897435897435896 0.359375 0.0673076923076923 0.359375 0.07692307692307693 0.3828125 0.07692307692307693 0.40625 0.07051282051282051 0.421875 0.057692307692307696 0.421875 0.05448717948717949 0.4140625 0.05128205128205128 0.4140625 0.04487179487179487 0.3984375 0.04487179487179487 0.3671875 0.05128205128205128 0.3515625 0.05448717948717949 0.3515625
1 0.2295501022494888 0.4099884969325153 0.03987730061349693 0.11215490797546011
1 0.2403846153846154 0.3046875 0.2467948717948718 0.3046875 0.25 0.296875 0.25961538461538464 0.296875 0.26282051282051283 0.3046875 0.2724358974358974 0.3046875 0.2724358974358974 0.328125 0.27564102564102566 0.3359375 0.27564102564102566 0.359375 0.2692307692307692 0.375 0.25961538461538464 0.375 0.2564102564102564 0.3671875 0.2467948717948718 0.3671875 0.23717948717948717 0.3515625 0.23717948717948717 0.3203125 0.2403846153846154 0.3125
1 0.2692307692307692 0.1953125 0.2692307692307692 0.21875 0.266025641025641 0.2265625 0.266025641025641 0.234375 0.26282051282051283 0.234375 0.2564102564102564 0.25 0.2532051282051282 0.25 0.25 0.2421875 0.24358974358974358 0.2421875 0.23717948717948717 0.2265625 0.23717948717948717 0.1796875 0.2403846153846154 0.171875 0.24358974358974358 0.171875 0.2467948717948718 0.1796875 0.25961538461538464 0.1796875 0.266025641025641 0.1953125
1 0.1282051282051282 0.046875 0.13141025641025642 0.046875 0.1346153846153846 0.0390625 0.14423076923076922 0.0390625 0.15384615384615385 0.0546875 0.15384615384615385 0.078125 0.15064102564102563 0.0859375 0.15064102564102563 0.09375 0.14102564102564102 0.109375 0.13141025641025642 0.109375 0.1282051282051282 0.1015625 0.1282051282051282 0.0546875
1 0.1794871794871795 0.015625 0.18269230769230768 0.0234375 0.1891025641025641 0.0234375 0.1955128205128205 0.0390625 0.1955128205128205 0.0625 0.1891025641025641 0.0859375 0.17307692307692307 0.0859375 0.17307692307692307 0.0703125 0.16987179487179488 0.0625 0.16987179487179488 0.0234375 0.17307692307692307 0.015625 0.1762820512820513 0.015625
1 0.1762820512820513 0.140625 0.1762820512820513 0.1484375 0.18269230769230768 0.1640625 0.1858974358974359 0.1640625 0.1858974358974359 0.203125 0.1762820512820513 0.2265625 0.15705128205128205 0.2265625 0.15384615384615385 0.21875 0.15064102564102563 0.21875 0.14423076923076922 0.1953125 0.14423076923076922 0.1640625 0.14743589743589744 0.15625 0.14743589743589744 0.1484375 0.15705128205128205 0.125 0.16025641025641027 0.125 0.16346153846153846 0.1328125 0.16987179487179488 0.1328125 0.17307692307692307 0.140625
2 0.20833333333333334 0.265625 0.21474358974358973 0.265625 0.22115384615384615 0.2890625 0.21794871794871795 0.296875 0.20833333333333334 0.296875 0.20833333333333334 0.2734375
2 0.21153846153846154 0.2109375 0.23076923076923078 0.2109375 0.23076923076923078 0.21875 0.23397435897435898 0.2265625 0.23397435897435898 0.234375 0.22756410256410256 0.25 0.21474358974358973 0.25 0.21153846153846154 0.2421875 0.21153846153846154 0.21875
2 0.20512820512820512 0.3046875 0.21153846153846154 0.3203125 0.21474358974358973 0.3203125 0.21474358974358973 0.3359375 0.21153846153846154 0.34375 0.21153846153846154 0.3515625 0.19230769230769232 0.3515625 0.19230769230769232 0.3203125 0.1987179487179487 0.3046875 0.20192307692307693 0.3046875
2 0.1794871794871795 0.2734375 0.18269230769230768 0.28125 0.1858974358974359 0.28125 0.19230769230769232 0.296875 0.19230769230769232 0.328125 0.1891025641025641 0.328125 0.18269230769230768 0.34375 0.17307692307692307 0.3359375 0.17307692307692307 0.28125 0.1762820512820513 0.28125
1 0.16025641025641027 0.390625 0.16025641025641027 0.3828125 0.15705128205128205 0.375 0.15705128205128205 0.3359375 0.16666666666666666 0.3203125 0.16987179487179488 0.3203125 0.1762820512820513 0.3359375 0.18269230769230768 0.3359375 0.1858974358974359 0.34375 0.1858974358974359 0.3828125 0.1794871794871795 0.40625 0.17307692307692307 0.40625 0.16346153846153846 0.390625