1 0.3355335533553355 0.21726002387472787 0.0484048404840484 0.08763429534442806
1 0.33974358974358976 0.3723404255319149 0.34294871794871795 0.3776595744680851 0.34615384615384615 0.3776595744680851 0.3525641025641026 0.39361702127659576 0.3525641025641026 0.42021276595744683 0.34294871794871795 0.43617021276595747 0.32371794871794873 0.43617021276595747 0.3173076923076923 0.42021276595744683 0.3173076923076923 0.3882978723404255 0.32051282051282054 0.3829787234042553 0.32371794871794873 0.3829787234042553 0.3269230769230769 0.3776595744680851 0.33653846153846156 0.3723404255319149
1 0.3141025641025641 0.4521276595744681 0.3141025641025641 0.4574468085106383 0.3173076923076923 0.4627659574468085 0.3173076923076923 0.48404255319148937 0.30448717948717946 0.5053191489361702 0.28846153846153844 0.5053191489361702 0.28205128205128205 0.4946808510638298 0.28205128205128205 0.48936170212765956 0.27884615384615385 0.48404255319148937 0.27884615384615385 0.4734042553191489 0.28205128205128205 0.46808510638297873 0.28205128205128205 0.4574468085106383 0.28846153846153844 0.44680851063829785 0.2916666666666667 0.44680851063829785 0.2948717948717949 0.44148936170212766 0.2980769230769231 0.44148936170212766 0.30128205128205127 0.44680851063829785 0.3076923076923077 0.44680851063829785 0.3108974358974359 0.4521276595744681
1 0.7628205128205128 0.5851063829787234 0.7692307692307693 0.5851063829787234 0.7724358974358975 0.5797872340425532 0.7756410256410257 0.5797872340425532 0.7788461538461539 0.5851063829787234 0.7852564102564102 0.5851063829787234 0.7916666666666666 0.601063829787234 0.7916666666666666 0.6276595744680851 0.782051282051282 0.6436170212765957 0.7788461538461539 0.6436170212765957 0.7756410256410257 0.648936170212766 0.7660256410256411 0.648936170212766 0.7628205128205128 0.6436170212765957 0.7596153846153846 0.6436170212765957 0.7596153846153846 0.6382978723404256 0.7564102564102564 0.6329787234042553 0.7564102564102564 0.601063829787234 0.7628205128205128 0.5904255319148937
1 0.6378205128205128 0.6595744680851063 0.6474358974358975 0.675531914893617 0.6474358974358975 0.6808510638297872 0.6506410256410257 0.6861702127659575 0.6506410256410257 0.723404255319149 0.6442307692307693 0.7340425531914894 0.6282051282051282 0.7340425531914894 0.6185897435897436 0.7180851063829787 0.6185897435897436 0.7127659574468085 0.6121794871794872 0.7021276595744681 0.6121794871794872 0.6968085106382979 0.6089743589743589 0.6914893617021277 0.6089743589743589 0.675531914893617 0.6121794871794872 0.6702127659574468 0.6121794871794872 0.6648936170212766 0.6153846153846154 0.6648936170212766 0.6185897435897436 0.6595744680851063 0.6346153846153846 0.6595744680851063
1 0.6057692307692307 0.8031914893617021 0.6153846153846154 0.8138297872340425 0.6153846153846154 0.824468085106383 0.6185897435897436 0.8297872340425532 0.6185897435897436 0.8670212765957447 0.6089743589743589 0.8776595744680851 0.5961538461538461 0.8776595744680851 0.592948717948718 0.8723404255319149 0.5897435897435898 0.8723404255319149 0.5833333333333334 0.8617021276595744 0.5833333333333334 0.8563829787234043 0.5801282051282052 0.851063829787234 0.5801282051282052 0.824468085106383 0.5833333333333334 0.8191489361702128 0.5833333333333334 0.8138297872340425 0.6025641025641025 0.8031914893617021
1 0.266025641025641 0.6968085106382979 0.2692307692307692 0.7021276595744681 0.27564102564102566 0.7021276595744681 0.28525641025641024 0.7180851063829787 0.28525641025641024 0.723404255319149 0.28846153846153844 0.7287234042553191 0.28846153846153844 0.7553191489361702 0.28525641025641024 0.7606382978723404 0.28525641025641024 0.7659574468085106 0.28205128205128205 0.7659574468085106 0.2724358974358974 0.7819148936170213 0.2532051282051282 0.7819148936170213 0.2403846153846154 0.7606382978723404 0.2403846153846154 0.75 0.23717948717948717 0.7446808510638298 0.23717948717948717 0.723404255319149 0.2403846153846154 0.7180851063829787 0.2403846153846154 0.7127659574468085 0.2467948717948718 0.7021276595744681 0.25 0.7021276595744681 0.2532051282051282 0.6968085106382979 0.26282051282051283 0.6968085106382979
1 0.11441144114411446 0.8663015237693982 0.05500550055005501 0.0894600098307703
1 0.1622662266226623 0.8882100976055052 0.0495049504950495 0.0785057229127168
1 0.9042904290429044 0.581490063900007 0.04620462046204621 0.0785057229127168
1 0.6955128205128205 0.2925531914893617 0.6987179487179487 0.2978723404255319 0.7019230769230769 0.2978723404255319 0.7083333333333334 0.31382978723404253 0.7083333333333334 0.35106382978723405 0.6987179487179487 0.3670212765957447 0.6955128205128205 0.3670212765957447 0.6923076923076923 0.3723404255319149 0.6762820512820513 0.3723404255319149 0.6666666666666666 0.35638297872340424 0.6666666666666666 0.35106382978723405 0.6602564102564102 0.3404255319148936 0.6602564102564102 0.324468085106383 0.6666666666666666 0.31382978723404253 0.6666666666666666 0.30851063829787234 0.6762820512820513 0.2925531914893617 0.6923076923076923 0.2925531914893617
1 0.7596153846153846 0.3404255319148936 0.7692307692307693 0.35638297872340424 0.7692307692307693 0.3829787234042553 0.7596153846153846 0.39893617021276595 0.7435897435897436 0.39893617021276595 0.7339743589743589 0.3882978723404255 0.7339743589743589 0.35106382978723405 0.7403846153846154 0.3404255319148936 0.7564102564102564 0.3404255319148936
1 0.7948717948717948 0.3829787234042553 0.7980769230769231 0.3882978723404255 0.8012820512820513 0.3882978723404255 0.8076923076923077 0.39893617021276595 0.8076923076923077 0.4095744680851064 0.8108974358974359 0.4148936170212766 0.8108974358974359 0.43617021276595747 0.8012820512820513 0.4521276595744681 0.7852564102564102 0.4521276595744681 0.7724358974358975 0.4308510638297872 0.7724358974358975 0.425531914893617 0.7692307692307693 0.42021276595744683 0.7692307692307693 0.4095744680851064 0.7724358974358975 0.40425531914893614 0.7724358974358975 0.39893617021276595 0.782051282051282 0.3829787234042553 0.7916666666666666 0.3829787234042553
1 0.5064102564102564 0.46808510638297873 0.5160256410256411 0.48404255319148937 0.5160256410256411 0.48936170212765956 0.5192307692307693 0.4946808510638298 0.5192307692307693 0.5159574468085106 0.5160256410256411 0.5212765957446809 0.5160256410256411 0.526595744680851 0.5128205128205128 0.526595744680851 0.5096153846153846 0.5319148936170213 0.49038461538461536 0.5319148936170213 0.4775641025641026 0.5106382978723404 0.4775641025641026 0.48404255319148937 0.48717948717948717 0.46808510638297873 0.5032051282051282 0.46808510638297873
1 0.8942307692307693 0.6436170212765957 0.9006410256410257 0.6542553191489362 0.9006410256410257 0.6595744680851063 0.907051282051282 0.675531914893617 0.907051282051282 0.6861702127659575 0.9038461538461539 0.6914893617021277 0.9038461538461539 0.6968085106382979 0.8974358974358975 0.7074468085106383 0.8782051282051282 0.7074468085106383 0.875 0.7021276595744681 0.8717948717948718 0.7021276595744681 0.8653846153846154 0.6914893617021277 0.8653846153846154 0.6542553191489362 0.875 0.6436170212765957 0.8910256410256411 0.6436170212765957
1 0.8465346534653465 0.9776701074362756 0.0407040704070407 0.05294572010392529
1 0.967948717948718 0.6063829787234043 0.9743589743589743 0.6170212765957447 0.9743589743589743 0.6223404255319149 0.9775641025641025 0.6276595744680851 0.9775641025641025 0.648936170212766 0.9743589743589743 0.6542553191489362 0.9743589743589743 0.6595744680851063 0.967948717948718 0.6702127659574468 0.9647435897435898 0.6702127659574468 0.9615384615384616 0.675531914893617 0.9487179487179487 0.675531914893617 0.9391025641025641 0.6648936170212766 0.9391025641025641 0.6595744680851063 0.9358974358974359 0.6542553191489362 0.9358974358974359 0.6276595744680851 0.9487179487179487 0.6063829787234043 0.9647435897435898 0.6063829787234043
1 0.5064102564102564 0.9308510638297872 0.5160256410256411 0.9468085106382979 0.5160256410256411 0.9521276595744681 0.5192307692307693 0.9574468085106383 0.5192307692307693 0.9680851063829787 0.5160256410256411 0.973404255319149 0.5160256410256411 0.9787234042553191 0.5096153846153846 0.9893617021276596 0.49038461538461536 0.9893617021276596 0.4807692307692308 0.973404255319149 0.4807692307692308 0.9680851063829787 0.4775641025641026 0.9627659574468085 0.4775641025641026 0.9521276595744681 0.48717948717948717 0.9361702127659575 0.49038461538461536 0.9361702127659575 0.4935897435897436 0.9308510638297872 0.5032051282051282 0.9308510638297872
1 0.6442307692307693 0.425531914893617 0.6442307692307693 0.4308510638297872 0.6506410256410257 0.44680851063829785 0.6506410256410257 0.4627659574468085 0.6474358974358975 0.46808510638297873 0.6474358974358975 0.4734042553191489 0.6378205128205128 0.48404255319148937 0.625 0.48404255319148937 0.6217948717948718 0.4787234042553192 0.6185897435897436 0.4787234042553192 0.6153846153846154 0.4734042553191489 0.6153846153846154 0.4574468085106383 0.6121794871794872 0.4521276595744681 0.6121794871794872 0.44680851063829785 0.6153846153846154 0.44148936170212766 0.6153846153846154 0.4308510638297872 0.6217948717948718 0.42021276595744683 0.6378205128205128 0.42021276595744683 0.6410256410256411 0.425531914893617
1 0.9583333333333334 0.526595744680851 0.9615384615384616 0.5319148936170213 0.9647435897435898 0.5319148936170213 0.9711538461538461 0.5425531914893617 0.9711538461538461 0.5478723404255319 0.9743589743589743 0.5531914893617021 0.9743589743589743 0.5851063829787234 0.9711538461538461 0.5904255319148937 0.9711538461538461 0.5957446808510638 0.9615384615384616 0.6063829787234043 0.9423076923076923 0.6063829787234043 0.9326923076923077 0.5904255319148937 0.9326923076923077 0.5851063829787234 0.9294871794871795 0.5797872340425532 0.9294871794871795 0.5478723404255319 0.9391025641025641 0.5319148936170213 0.9423076923076923 0.5319148936170213 0.9455128205128205 0.526595744680851 0.9551282051282052 0.526595744680851
1 0.5544871794871795 0.75 0.5576923076923077 0.7553191489361702 0.5576923076923077 0.776595744680851 0.5544871794871795 0.7819148936170213 0.5544871794871795 0.7872340425531915 0.5512820512820513 0.7872340425531915 0.5480769230769231 0.7925531914893617 0.5416666666666666 0.7925531914893617 0.5384615384615384 0.7872340425531915 0.5352564102564102 0.7872340425531915 0.532051282051282 0.7819148936170213 0.532051282051282 0.7712765957446809 0.5288461538461539 0.7659574468085106 0.532051282051282 0.7606382978723404 0.532051282051282 0.7553191489361702 0.5384615384615384 0.7446808510638298 0.5480769230769231 0.7446808510638298 0.5512820512820513 0.75
2 0.266025641025641 0.6117021276595744 0.27564102564102566 0.6117021276595744 0.27884615384615385 0.6170212765957447 0.27884615384615385 0.6329787234042553 0.2692307692307692 0.6329787234042553 0.266025641025641 0.6276595744680851 0.266025641025641 0.6170212765957447
2 0.038461538461538464 0.5478723404255319 0.038461538461538464 0.5691489361702128 0.03205128205128205 0.5691489361702128 0.028846153846153848 0.5638297872340425 0.028846153846153848 0.5531914893617021 0.03205128205128205 0.5478723404255319 0.035256410256410256 0.5478723404255319
2 0.12981298129812976 0.5787514921704936 0.0176017601760176 0.02921143178147602
2 0.6891025641025641 0.6170212765957447 0.6923076923076923 0.6223404255319149 0.6923076923076923 0.6436170212765957 0.6826923076923077 0.6542553191489362 0.6794871794871795 0.6542553191489362 0.6730769230769231 0.6436170212765957 0.6730769230769231 0.6223404255319149 0.6762820512820513 0.6170212765957447 0.6858974358974359 0.6170212765957447
2 0.4680968096809681 0.5422372024436486 0.0297029702970297 0.04381714767221403
2 0.6056105610561057 0.2747700301945088 0.023102310231023104 0.03834000421318728
1 0.9102564102564102 0.4787234042553192 0.9134615384615384 0.4787234042553192 0.9198717948717948 0.46808510638297873 0.9230769230769231 0.46808510638297873 0.9262820512820513 0.4627659574468085 0.9358974358974359 0.4627659574468085 0.9455128205128205 0.4787234042553192 0.9455128205128205 0.48404255319148937 0.9487179487179487 0.48936170212765956 0.9487179487179487 0.5212765957446809 0.9455128205128205 0.526595744680851 0.9423076923076923 0.526595744680851 0.9391025641025641 0.5319148936170213 0.9198717948717948 0.5319148936170213 0.9166666666666666 0.526595744680851 0.9134615384615384 0.526595744680851 0.9134615384615384 0.5212765957446809 0.9102564102564102 0.5159574468085106 0.9102564102564102 0.5053191489361702 0.907051282051282 0.5 0.907051282051282 0.48936170212765956 0.9102564102564102 0.48404255319148937
1 0.9294871794871795 0.39893617021276595 0.9326923076923077 0.40425531914893614 0.9358974358974359 0.39893617021276595 0.9423076923076923 0.39893617021276595 0.9455128205128205 0.40425531914893614 0.9455128205128205 0.44680851063829785 0.9391025641025641 0.4574468085106383 0.9134615384615384 0.4574468085106383 0.9102564102564102 0.4521276595744681 0.9102564102564102 0.43617021276595747 0.907051282051282 0.4308510638297872 0.907051282051282 0.425531914893617 0.9102564102564102 0.42021276595744683 0.9102564102564102 0.4148936170212766 0.9166666666666666 0.40425531914893614 0.9262820512820513 0.39893617021276595
2 0.23717948717948717 0.4627659574468085 0.24358974358974358 0.4734042553191489 0.24358974358974358 0.48936170212765956 0.23076923076923078 0.48936170212765956 0.22756410256410256 0.48404255319148937 0.22756410256410256 0.4734042553191489 0.23076923076923078 0.46808510638297873 0.23397435897435898 0.46808510638297873
1 0.46153846153846156 0.7446808510638298 0.46474358974358976 0.75 0.46794871794871795 0.75 0.47435897435897434 0.7659574468085106 0.46794871794871795 0.7978723404255319 0.46474358974358976 0.7978723404255319 0.46153846153846156 0.8031914893617021 0.4519230769230769 0.8031914893617021 0.44871794871794873 0.7978723404255319 0.44551282051282054 0.7978723404255319 0.4391025641025641 0.7872340425531915 0.4391025641025641 0.7606382978723404 0.44871794871794873 0.7446808510638298 0.4583333333333333 0.7446808510638298
1 0.5448717948717948 0.35106382978723405 0.5448717948717948 0.34574468085106386 0.5416666666666666 0.3404255319148936 0.5416666666666666 0.31382978723404253 0.5448717948717948 0.30851063829787234 0.5448717948717948 0.30319148936170215 0.5512820512820513 0.2925531914893617 0.5737179487179487 0.2925531914893617 0.5801282051282052 0.30319148936170215 0.5801282051282052 0.30851063829787234 0.5833333333333334 0.31382978723404253 0.5833333333333334 0.3351063829787234 0.5801282051282052 0.3404255319148936 0.5801282051282052 0.34574468085106386 0.5705128205128205 0.35638297872340424 0.5512820512820513 0.35638297872340424 0.5480769230769231 0.35106382978723405
1 0.1762820512820513 0.5531914893617021 0.1794871794871795 0.5585106382978723 0.18269230769230768 0.5585106382978723 0.1891025641025641 0.5691489361702128 0.1891025641025641 0.601063829787234 0.18269230769230768 0.6117021276595744 0.1794871794871795 0.6117021276595744 0.1762820512820513 0.6170212765957447 0.15705128205128205 0.6170212765957447 0.15064102564102563 0.6063829787234043 0.15064102564102563 0.5851063829787234 0.15384615384615385 0.5797872340425532 0.15384615384615385 0.574468085106383 0.16346153846153846 0.5585106382978723 0.17307692307692307 0.5531914893617021
1 0.6121794871794872 0.10638297872340426 0.6185897435897436 0.11702127659574468 0.6185897435897436 0.13829787234042554 0.6089743589743589 0.15425531914893617 0.592948717948718 0.15425531914893617 0.592948717948718 0.14893617021276595 0.5865384615384616 0.13297872340425532 0.5865384615384616 0.12234042553191489 0.592948717948718 0.10638297872340426 0.5993589743589743 0.10638297872340426 0.6025641025641025 0.10106382978723404 0.6057692307692307 0.10106382978723404 0.6089743589743589 0.10638297872340426
1 0.8076923076923077 0.5319148936170213 0.8076923076923077 0.5372340425531915 0.8108974358974359 0.5425531914893617 0.8108974358974359 0.5638297872340425 0.8044871794871795 0.5797872340425532 0.7916666666666666 0.5797872340425532 0.7884615384615384 0.574468085106383 0.7884615384615384 0.5425531914893617 0.7948717948717948 0.5319148936170213 0.8044871794871795 0.5319148936170213
1 0.7275641025641025 0.8563829787234043 0.7307692307692307 0.8563829787234043 0.7403846153846154 0.8457446808510638 0.7467948717948718 0.8457446808510638 0.7596153846153846 0.8723404255319149 0.7596153846153846 0.8936170212765957 0.7564102564102564 0.898936170212766 0.7532051282051282 0.898936170212766 0.75 0.9042553191489362 0.7275641025641025 0.9042553191489362 0.7243589743589743 0.898936170212766 0.7243589743589743 0.8723404255319149 0.7275641025641025 0.8670212765957447 0.7275641025641025 0.8617021276595744
2 0.8301282051282052 0.26063829787234044 0.8333333333333334 0.26063829787234044 0.8365384615384616 0.2553191489361702 0.8397435897435898 0.2553191489361702 0.842948717948718 0.26063829787234044 0.842948717948718 0.2765957446808511 0.8365384615384616 0.2872340425531915 0.8301282051282052 0.2872340425531915 0.8269230769230769 0.28191489361702127 0.8269230769230769 0.2712765957446808 0.8301282051282052 0.26595744680851063
2 0.7916666666666666 0.3617021276595745 0.7916666666666666 0.35638297872340424 0.7884615384615384 0.35106382978723405 0.7884615384615384 0.3404255319148936 0.7916666666666666 0.3351063829787234 0.8012820512820513 0.3351063829787234 0.8044871794871795 0.3404255319148936 0.8044871794871795 0.35106382978723405 0.8012820512820513 0.35638297872340424 0.8012820512820513 0.3617021276595745 0.7948717948717948 0.3617021276595745
2 0.266025641025641 0.2978723404255319 0.27884615384615385 0.2978723404255319 0.28205128205128205 0.30319148936170215 0.28205128205128205 0.3191489361702128 0.27884615384615385 0.324468085106383 0.2692307692307692 0.324468085106383 0.266025641025641 0.3191489361702128 0.266025641025641 0.30319148936170215
2 0.27884615384615385 0.34574468085106386 0.2948717948717949 0.34574468085106386 0.2948717948717949 0.3723404255319149 0.27884615384615385 0.3723404255319149 0.27884615384615385 0.35106382978723405
2 0.27884615384615385 0.39893617021276595 0.27884615384615385 0.40425531914893614 0.28205128205128205 0.4095744680851064 0.28205128205128205 0.425531914893617 0.27564102564102566 0.43617021276595747 0.2692307692307692 0.43617021276595747 0.2692307692307692 0.4308510638297872 0.26282051282051283 0.4148936170212766 0.26282051282051283 0.40425531914893614 0.266025641025641 0.39893617021276595 0.27564102564102566 0.39893617021276595
1 0.5801282051282052 0.5478723404255319 0.5897435897435898 0.5638297872340425 0.5897435897435898 0.5957446808510638 0.5801282051282052 0.6063829787234043 0.5737179487179487 0.6063829787234043 0.5673076923076923 0.5957446808510638 0.5641025641025641 0.5957446808510638 0.5608974358974359 0.5904255319148937 0.5608974358974359 0.5638297872340425 0.5641025641025641 0.5585106382978723 0.5641025641025641 0.5531914893617021 0.5673076923076923 0.5478723404255319 0.5769230769230769 0.5478723404255319
1 0.6666666666666666 0.75 0.6698717948717948 0.75 0.6730769230769231 0.7446808510638298 0.6826923076923077 0.7446808510638298 0.6891025641025641 0.7553191489361702 0.6891025641025641 0.7659574468085106 0.6923076923076923 0.7712765957446809 0.6923076923076923 0.7978723404255319 0.6891025641025641 0.8031914893617021 0.6794871794871795 0.8085106382978723 0.6762820512820513 0.8031914893617021 0.6730769230769231 0.8031914893617021 0.6666666666666666 0.7925531914893617 0.6666666666666666 0.7872340425531915 0.6634615384615384 0.7819148936170213 0.6634615384615384 0.7606382978723404 0.6666666666666666 0.7553191489361702
1 0.6952695269526953 0.574187205954638 0.0374037403740374 0.05659714907660979
1 0.41025641025641024 0.3670212765957447 0.4166666666666667 0.3776595744680851 0.4166666666666667 0.3882978723404255 0.4198717948717949 0.39361702127659576 0.4198717948717949 0.39893617021276595 0.41025641025641024 0.4148936170212766 0.3942307692307692 0.4148936170212766 0.391025641025641 0.4095744680851064 0.391025641025641 0.3829787234042553 0.3974358974358974 0.3723404255319149 0.40705128205128205 0.3670212765957447
1 0.3974358974358974 0.7287234042553191 0.40705128205128205 0.7446808510638298 0.40705128205128205 0.7712765957446809 0.40384615384615385 0.7712765957446809 0.3942307692307692 0.7819148936170213 0.38782051282051283 0.7819148936170213 0.3814102564102564 0.7712765957446809 0.3814102564102564 0.7393617021276596 0.38461538461538464 0.7340425531914894 0.3942307692307692 0.7287234042553191
2 0.7628205128205128 0.6595744680851063 0.7660256410256411 0.6648936170212766 0.7660256410256411 0.6861702127659575 0.7628205128205128 0.6914893617021277 0.7532051282051282 0.6914893617021277 0.75 0.6861702127659575 0.75 0.6702127659574468 0.7564102564102564 0.6595744680851063 0.7596153846153846 0.6595744680851063
2 0.7852564102564102 0.6914893617021277 0.7916666666666666 0.7074468085106383 0.7916666666666666 0.7127659574468085 0.7884615384615384 0.7180851063829787 0.7724358974358975 0.7180851063829787 0.7724358974358975 0.7127659574468085 0.7692307692307693 0.7074468085106383 0.7692307692307693 0.6968085106382979 0.7724358974358975 0.6914893617021277 0.782051282051282 0.6914893617021277
1 0.6567656765676568 0.5897057790885472 0.026402640264026403 0.05842286356295204
1 0.391025641025641 0.8829787234042553 0.3942307692307692 0.8882978723404256 0.3974358974358974 0.8882978723404256 0.40705128205128205 0.9042553191489362 0.40705128205128205 0.9361702127659575 0.40064102564102566 0.9468085106382979 0.38461538461538464 0.9468085106382979 0.375 0.9308510638297872 0.375 0.925531914893617 0.3717948717948718 0.9202127659574468 0.3717948717948718 0.898936170212766 0.3782051282051282 0.8882978723404256 0.38782051282051283 0.8829787234042553
1 0.5418041804180418 0.91650867214381 0.0363036303630363 0.05477143459026754
1 0.8443344334433442 0.4527771926128783 0.034103410341034104 0.05842286356295204
1 0.7275641025641025 0.13829787234042554 0.7371794871794872 0.13829787234042554 0.7435897435897436 0.14893617021276595 0.7435897435897436 0.17553191489361702 0.7403846153846154 0.18085106382978725 0.7243589743589743 0.18085106382978725 0.7211538461538461 0.17553191489361702 0.7211538461538461 0.14893617021276595 0.7243589743589743 0.14893617021276595 0.7275641025641025 0.14361702127659576
1 0.75 0.026595744680851064 0.75 0.02127659574468085 0.7467948717948718 0.015957446808510637 0.7467948717948718 0.005319148936170213 0.75 0 0.7916666666666666 0 0.7916666666666666 0.02127659574468085 0.782051282051282 0.03723404255319149 0.7788461538461539 0.03723404255319149 0.7756410256410257 0.0425531914893617 0.7660256410256411 0.0425531914893617 0.7628205128205128 0.03723404255319149 0.7596153846153846 0.03723404255319149 0.7532051282051282 0.026595744680851064
2 0.7275641025641025 0.06382978723404255 0.7307692307692307 0.06914893617021277 0.7307692307692307 0.0797872340425532 0.7339743589743589 0.0851063829787234 0.7339743589743589 0.09042553191489362 0.7307692307692307 0.09574468085106383 0.7211538461538461 0.09574468085106383 0.7211538461538461 0.09042553191489362 0.717948717948718 0.0851063829787234 0.717948717948718 0.06914893617021277 0.7211538461538461 0.06382978723404255 0.7243589743589743 0.06382978723404255
1 0.8322332233223323 0.7257215083210449 0.0363036303630363 0.05659714907660979
1 0.842948717948718 0.5904255319148937 0.8525641025641025 0.6063829787234043 0.8525641025641025 0.6170212765957447 0.8557692307692307 0.6223404255319149 0.8525641025641025 0.6276595744680851 0.8525641025641025 0.6329787234042553 0.842948717948718 0.6436170212765957 0.8301282051282052 0.6436170212765957 0.8237179487179487 0.6329787234042553 0.8237179487179487 0.601063829787234 0.8301282051282052 0.5904255319148937 0.8397435897435898 0.5904255319148937
1 0.982948294829483 0.7786672284249702 0.0319031903190319 0.05659714907660979
2 0.6442307692307693 0.8404255319148937 0.6442307692307693 0.8617021276595744 0.6410256410256411 0.8670212765957447 0.6410256410256411 0.8723404255319149 0.6346153846153846 0.8723404255319149 0.625 0.8563829787234043 0.625 0.8457446808510638 0.6314102564102564 0.8351063829787234 0.6378205128205128 0.8351063829787234 0.6410256410256411 0.8404255319148937
2 0.782051282051282 0.925531914893617 0.7852564102564102 0.9308510638297872 0.7852564102564102 0.9468085106382979 0.782051282051282 0.9521276595744681 0.7692307692307693 0.9521276595744681 0.7692307692307693 0.9468085106382979 0.7660256410256411 0.9414893617021277 0.7660256410256411 0.9308510638297872 0.7692307692307693 0.925531914893617 0.7788461538461539 0.925531914893617
2 0.060897435897435896 0.9521276595744681 0.07692307692307693 0.9521276595744681 0.08012820512820513 0.9574468085106383 0.08012820512820513 0.9787234042553191 0.07371794871794872 0.9893617021276596 0.0641025641025641 0.9893617021276596 0.060897435897435896 0.9840425531914894 0.060897435897435896 0.9787234042553191 0.057692307692307696 0.973404255319149 0.057692307692307696 0.9627659574468085 0.060897435897435896 0.9574468085106383
1 0.19230769230769232 0.9574468085106383 0.19230769230769232 0.9468085106382979 0.1891025641025641 0.9414893617021277 0.1891025641025641 0.9148936170212766 0.1955128205128205 0.9042553191489362 0.1987179487179487 0.9042553191489362 0.20192307692307693 0.898936170212766 0.21153846153846154 0.898936170212766 0.21474358974358973 0.9042553191489362 0.22115384615384615 0.9042553191489362 0.23076923076923078 0.9202127659574468 0.23076923076923078 0.9521276595744681 0.22115384615384615 0.9680851063829787 0.20192307692307693 0.9680851063829787 0.1955128205128205 0.9574468085106383
1 0.09615384615384616 0.6968085106382979 0.10576923076923077 0.7127659574468085 0.10576923076923077 0.7393617021276596 0.09935897435897435 0.75 0.09615384615384616 0.75 0.09294871794871795 0.7553191489361702 0.08333333333333333 0.7553191489361702 0.07371794871794872 0.7446808510638298 0.07371794871794872 0.7180851063829787 0.07692307692307693 0.7127659574468085 0.07692307692307693 0.7074468085106383 0.08333333333333333 0.6968085106382979 0.09294871794871795 0.6968085106382979
1 0.10836083608360834 0.35510146759356787 0.0407040704070407 0.0675514359946633
2 0.03135313531353144 0.1606628747981181 0.023102310231023104 0.04016571869952953
2 0.04807692307692308 0.1276595744680851 0.05128205128205128 0.1276595744680851 0.05448717948717949 0.12234042553191489 0.057692307692307696 0.12234042553191489 0.060897435897435896 0.1276595744680851 0.060897435897435896 0.14893617021276595 0.05128205128205128 0.14893617021276595 0.04807692307692308 0.14361702127659576 0.04807692307692308 0.13297872340425532
2 0.04565456545654566 0.09676286777613932 0.020902090209020903 0.032862860754160526
1 0.4326923076923077 0.44680851063829785 0.4391025641025641 0.4574468085106383 0.4391025641025641 0.4627659574468085 0.4423076923076923 0.46808510638297873 0.4423076923076923 0.4787234042553192 0.4326923076923077 0.4946808510638298 0.4166666666666667 0.4946808510638298 0.40384615384615385 0.4734042553191489 0.40384615384615385 0.4627659574468085 0.41346153846153844 0.44680851063829785 0.42948717948717946 0.44680851063829785
1 0.25962596259625964 0.5723614914682957 0.04620462046204621 0.06390000702197879
1 0.22756410256410256 0.5797872340425532 0.23076923076923078 0.5851063829787234 0.23397435897435898 0.5851063829787234 0.23397435897435898 0.5904255319148937 0.23717948717948717 0.5957446808510638 0.23717948717948717 0.6223404255319149 0.22756410256410256 0.6329787234042553 0.21153846153846154 0.6329787234042553 0.20192307692307693 0.6170212765957447 0.20192307692307693 0.5904255319148937 0.20833333333333334 0.5797872340425532 0.22435897435897437 0.5797872340425532
1 0.5264026402640264 0.8416543782037778 0.0319031903190319 0.05477143459026754
2 0.7083333333333334 0.7446808510638298 0.7211538461538461 0.7446808510638298 0.7243589743589743 0.75 0.7243589743589743 0.7606382978723404 0.7211538461538461 0.7659574468085106 0.7083333333333334 0.7659574468085106 0.7083333333333334 0.75
1 0.3974358974358974 0.6329787234042553 0.40705128205128205 0.648936170212766 0.40705128205128205 0.675531914893617 0.40064102564102566 0.6861702127659575 0.3942307692307692 0.6861702127659575 0.391025641025641 0.6914893617021277 0.38461538461538464 0.6914893617021277 0.3814102564102564 0.6861702127659575 0.3782051282051282 0.6861702127659575 0.3782051282051282 0.6808510638297872 0.375 0.675531914893617 0.375 0.6542553191489362 0.3814102564102564 0.6436170212765957 0.3814102564102564 0.6382978723404256 0.38461538461538464 0.6329787234042553 0.3942307692307692 0.6329787234042553
2 0.6452145214521453 0.392528614563584 0.025302530253025302 0.04381714767221403
1 0.7660256410256411 0.4627659574468085 0.7660256410256411 0.46808510638297873 0.7692307692307693 0.4734042553191489 0.7692307692307693 0.48936170212765956 0.7660256410256411 0.4946808510638298 0.7660256410256411 0.5 0.7628205128205128 0.5053191489361702 0.75 0.5053191489361702 0.7467948717948718 0.5106382978723404 0.7435897435897436 0.5053191489361702 0.7403846153846154 0.5053191489361702 0.7403846153846154 0.5 0.7371794871794872 0.4946808510638298 0.7371794871794872 0.4734042553191489 0.7403846153846154 0.4734042553191489 0.75 0.4574468085106383 0.7596153846153846 0.4574468085106383 0.7628205128205128 0.4627659574468085
1 0.22756410256410256 0.19680851063829788 0.23397435897435898 0.2127659574468085 0.23397435897435898 0.24468085106382978 0.22435897435897437 0.2553191489361702 0.21153846153846154 0.2553191489361702 0.20512820512820512 0.24468085106382978 0.20512820512820512 0.2393617021276596 0.20192307692307693 0.23404255319148937 0.20192307692307693 0.2127659574468085 0.20512820512820512 0.2074468085106383 0.20512820512820512 0.20212765957446807 0.21153846153846154 0.19148936170212766 0.22115384615384615 0.19148936170212766 0.22435897435897437 0.19680851063829788
1 0.17436743674367433 0.2209114528474124 0.047304730473047306 0.06937715048100554
1 0.25 0.1276595744680851 0.2532051282051282 0.1276595744680851 0.2564102564102564 0.12234042553191489 0.266025641025641 0.12234042553191489 0.27564102564102566 0.13829787234042554 0.27564102564102566 0.14361702127659576 0.28205128205128205 0.1595744680851064 0.28205128205128205 0.1702127659574468 0.27564102564102566 0.18617021276595744 0.26282051282051283 0.18617021276595744 0.25961538461538464 0.18085106382978725 0.2532051282051282 0.18085106382978725 0.2467948717948718 0.16489361702127658 0.2467948717948718 0.13829787234042554 0.25 0.13297872340425532
2 0.2948717948717949 0.11702127659574468 0.2980769230769231 0.12234042553191489 0.2980769230769231 0.14361702127659576 0.28846153846153844 0.14361702127659576 0.28525641025641024 0.13829787234042554 0.28525641025641024 0.12234042553191489 0.28846153846153844 0.11702127659574468 0.2916666666666667 0.11702127659574468
2 0.5064102564102564 0.2074468085106383 0.5064102564102564 0.19148936170212766 0.5096153846153846 0.18617021276595744 0.5192307692307693 0.18617021276595744 0.5224358974358975 0.19148936170212766 0.5224358974358975 0.20212765957446807 0.5192307692307693 0.2074468085106383 0.5096153846153846 0.2074468085106383
1 0.21067106710671069 0.8078786602064462 0.0385038503850385 0.06390000702197879
1 0.5198019801980198 0.5751000631978092 0.034103410341034104 0.05477143459026754
1 0.04807692307692308 0.5851063829787234 0.060897435897435896 0.5851063829787234 0.060897435897435896 0.5904255319148937 0.0673076923076923 0.601063829787234 0.0673076923076923 0.6170212765957447 0.0641025641025641 0.6223404255319149 0.0641025641025641 0.6329787234042553 0.057692307692307696 0.6436170212765957 0.038461538461538464 0.6436170212765957 0.028846153846153848 0.6329787234042553 0.028846153846153848 0.6223404255319149 0.03205128205128205 0.6170212765957447 0.03205128205128205 0.6117021276595744 0.041666666666666664 0.5957446808510638 0.04487179487179487 0.5957446808510638 0.04807692307692308 0.5904255319148937
2 0.15064102564102563 0.48404255319148937 0.16025641025641027 0.4787234042553192 0.16346153846153846 0.48404255319148937 0.16987179487179488 0.48404255319148937 0.16987179487179488 0.48936170212765956 0.17307692307692307 0.4946808510638298 0.16987179487179488 0.5 0.16987179487179488 0.5106382978723404 0.16346153846153846 0.5212765957446809 0.15384615384615385 0.5212765957446809 0.15064102564102563 0.5159574468085106 0.15064102564102563 0.48936170212765956
1 0.11217948717948718 0.4734042553191489 0.11538461538461539 0.4787234042553192 0.11858974358974358 0.4787234042553192 0.11858974358974358 0.48404255319148937 0.12179487179487179 0.48936170212765956 0.12179487179487179 0.5106382978723404 0.11858974358974358 0.5159574468085106 0.11858974358974358 0.5212765957446809 0.11538461538461539 0.5212765957446809 0.11217948717948718 0.526595744680851 0.10576923076923077 0.526595744680851 0.10256410256410256 0.5319148936170213 0.09615384615384616 0.5319148936170213 0.09294871794871795 0.526595744680851 0.08974358974358974 0.526595744680851 0.08333333333333333 0.5159574468085106 0.08333333333333333 0.5 0.09294871794871795 0.48404255319148937 0.09615384615384616 0.48404255319148937 0.10576923076923077 0.4734042553191489 0.10897435897435898 0.4734042553191489
1 0.34935897435897434 0.26595744680851063 0.3525641025641026 0.2712765957446808 0.3557692307692308 0.2712765957446808 0.36217948717948717 0.2872340425531915 0.36217948717948717 0.30851063829787234 0.358974358974359 0.31382978723404253 0.358974358974359 0.3191489361702128 0.3557692307692308 0.3191489361702128 0.3525641025641026 0.324468085106383 0.3333333333333333 0.324468085106383 0.3301282051282051 0.3191489361702128 0.3269230769230769 0.3191489361702128 0.3269230769230769 0.30851063829787234 0.32371794871794873 0.30319148936170215 0.32371794871794873 0.2925531914893617 0.3269230769230769 0.2872340425531915 0.3269230769230769 0.28191489361702127 0.3301282051282051 0.2765957446808511 0.3333333333333333 0.2765957446808511 0.33653846153846156 0.2712765957446808 0.34615384615384615 0.26595744680851063
1 0.5448717948717948 0.6595744680851063 0.5608974358974359 0.6808510638297872 0.5608974358974359 0.7021276595744681 0.5576923076923077 0.7074468085106383 0.5576923076923077 0.7180851063829787 0.5544871794871795 0.723404255319149 0.5448717948717948 0.723404255319149 0.5416666666666666 0.7287234042553191 0.5352564102564102 0.7287234042553191 0.532051282051282 0.723404255319149 0.5288461538461539 0.723404255319149 0.5288461538461539 0.7180851063829787 0.5256410256410257 0.7127659574468085 0.5256410256410257 0.675531914893617 0.532051282051282 0.6648936170212766 0.5416666666666666 0.6595744680851063
1 0.5961538461538461 0.7127659574468085 0.6057692307692307 0.7074468085106383 0.6089743589743589 0.7127659574468085 0.6153846153846154 0.7127659574468085 0.6217948717948718 0.723404255319149 0.6217948717948718 0.75 0.6153846153846154 0.7606382978723404 0.5993589743589743 0.7606382978723404 0.592948717948718 0.7446808510638298 0.592948717948718 0.723404255319149 0.5961538461538461 0.7180851063829787
1 0.5705128205128205 0.8031914893617021 0.5608974358974359 0.7925531914893617 0.5608974358974359 0.7606382978723404 0.5705128205128205 0.75 0.5801282051282052 0.75 0.5833333333333334 0.7553191489361702 0.5833333333333334 0.7606382978723404 0.5865384615384616 0.7659574468085106 0.5865384615384616 0.7872340425531915 0.5801282051282052 0.7978723404255319 0.5737179487179487 0.7978723404255319
1 0.8267326732673268 0.3213257495962362 0.034103410341034104 0.05477143459026754
2 0.6794871794871795 0.8617021276595744 0.6794871794871795 0.8563829787234043 0.6762820512820513 0.851063829787234 0.6762820512820513 0.8297872340425532 0.6794871794871795 0.824468085106383 0.6891025641025641 0.824468085106383 0.6923076923076923 0.8297872340425532 0.6923076923076923 0.8563829787234043 0.6891025641025641 0.8617021276595744 0.6826923076923077 0.8617021276595744
1 0.9038461538461539 0.9468085106382979 0.9038461538461539 0.9521276595744681 0.9134615384615384 0.9627659574468085 0.9134615384615384 0.9946808510638298 0.8846153846153846 0.9946808510638298 0.8846153846153846 0.9893617021276596 0.8782051282051282 0.9787234042553191 0.8782051282051282 0.9574468085106383 0.8846153846153846 0.9468085106382979 0.9006410256410257 0.9468085106382979
2 0.842948717948718 0.8829787234042553 0.842948717948718 0.8563829787234043 0.8525641025641025 0.8457446808510638 0.8621794871794872 0.8457446808510638 0.8653846153846154 0.851063829787234 0.8653846153846154 0.8563829787234043 0.8685897435897436 0.8617021276595744 0.8685897435897436 0.8776595744680851 0.8653846153846154 0.8829787234042553 0.8653846153846154 0.8882978723404256 0.8493589743589743 0.8882978723404256 0.8461538461538461 0.8829787234042553
1 0.6923076923076923 0.6702127659574468 0.7019230769230769 0.6808510638297872 0.7019230769230769 0.6914893617021277 0.7051282051282052 0.6968085106382979 0.7051282051282052 0.7074468085106383 0.7019230769230769 0.7127659574468085 0.7019230769230769 0.7180851063829787 0.6987179487179487 0.7180851063829787 0.6923076923076923 0.7287234042553191 0.6698717948717948 0.7287234042553191 0.6634615384615384 0.7180851063829787 0.6602564102564102 0.7180851063829787 0.6602564102564102 0.7127659574468085 0.657051282051282 0.7074468085106383 0.657051282051282 0.6861702127659575 0.6602564102564102 0.6808510638297872 0.6634615384615384 0.6808510638297872 0.6730769230769231 0.6702127659574468 0.6891025641025641 0.6702127659574468
1 0.3470847084708471 0.49385576855557894 0.0429042904290429 0.07485429394003229
1 0.38782051282051283 0.425531914893617 0.38782051282051283 0.4308510638297872 0.3942307692307692 0.44148936170212766 0.3942307692307692 0.46808510638297873 0.3814102564102564 0.48936170212765956 0.3717948717948718 0.48936170212765956 0.358974358974359 0.46808510638297873 0.358974358974359 0.44148936170212766 0.3685897435897436 0.425531914893617 0.38461538461538464 0.425531914893617
1 0.18811881188118817 0.7613229408047187 0.0352035203520352 0.05842286356295204
2 0.16987179487179488 0.7978723404255319 0.17307692307692307 0.8031914893617021 0.17307692307692307 0.824468085106383 0.16987179487179488 0.8297872340425532 0.15384615384615385 0.8297872340425532 0.15384615384615385 0.8031914893617021 0.15705128205128205 0.7978723404255319 0.16666666666666666 0.7978723404255319
2 0.15064102564102563 0.7127659574468085 0.15384615384615385 0.7180851063829787 0.15384615384615385 0.7393617021276596 0.14743589743589744 0.75 0.1346153846153846 0.75 0.1346153846153846 0.7446808510638298 0.13141025641025642 0.7393617021276596 0.13141025641025642 0.7287234042553191 0.1346153846153846 0.723404255319149 0.1346153846153846 0.7180851063829787 0.13782051282051283 0.7127659574468085 0.14743589743589744 0.7127659574468085
2 0.11276127612761272 0.7731900849659434 0.023102310231023104 0.04929429113124078
1 0.4551282051282051 0.15425531914893617 0.4551282051282051 0.1595744680851064 0.4583333333333333 0.16489361702127658 0.4583333333333333 0.20212765957446807 0.4551282051282051 0.2074468085106383 0.4519230769230769 0.2074468085106383 0.44551282051282054 0.21808510638297873 0.4230769230769231 0.21808510638297873 0.41346153846153844 0.20212765957446807 0.41346153846153844 0.17553191489361702 0.4166666666666667 0.1702127659574468 0.4166666666666667 0.15425531914893617 0.4198717948717949 0.14893617021276595 0.44871794871794873 0.14893617021276595 0.4519230769230769 0.15425531914893617
1 0.6025641025641025 0.4308510638297872 0.6089743589743589 0.44148936170212766 0.6089743589743589 0.46808510638297873 0.6025641025641025 0.4787234042553192 0.5897435897435898 0.4787234042553192 0.5833333333333334 0.46808510638297873 0.5833333333333334 0.4627659574468085 0.5801282051282052 0.4574468085106383 0.5801282051282052 0.44680851063829785 0.5833333333333334 0.44148936170212766 0.5833333333333334 0.43617021276595747 0.5865384615384616 0.43617021276595747 0.5897435897435898 0.4308510638297872 0.5993589743589743 0.4308510638297872
1 0.8108974358974359 0.5319148936170213 0.8108974358974359 0.526595744680851 0.8076923076923077 0.5212765957446809 0.8076923076923077 0.4946808510638298 0.8237179487179487 0.4787234042553192 0.8333333333333334 0.4787234042553192 0.8397435897435898 0.48936170212765956 0.8397435897435898 0.4946808510638298 0.8461538461538461 0.5106382978723404 0.8461538461538461 0.526595744680851 0.842948717948718 0.5319148936170213 0.842948717948718 0.5372340425531915 0.8397435897435898 0.5372340425531915 0.8365384615384616 0.5425531914893617 0.8205128205128205 0.5425531914893617 0.8141025641025641 0.5319148936170213
1 0.08012820512820513 0.5319148936170213 0.08653846153846154 0.5478723404255319 0.08653846153846154 0.5691489361702128 0.08333333333333333 0.574468085106383 0.08333333333333333 0.5797872340425532 0.08012820512820513 0.5797872340425532 0.07692307692307693 0.5851063829787234 0.0641025641025641 0.5851063829787234 0.060897435897435896 0.5797872340425532 0.057692307692307696 0.5797872340425532 0.05128205128205128 0.5691489361702128 0.05128205128205128 0.5425531914893617 0.05448717948717949 0.5372340425531915 0.057692307692307696 0.5372340425531915 0.060897435897435896 0.5319148936170213 0.07692307692307693 0.5319148936170213
1 0.1006600660066007 0.596095779790745 0.0363036303630363 0.06390000702197879