1 0.6644664466446645 0.21726002387472787 0.0484048404840484 0.08763429534442806
1 0.6634615384615384 0.3723404255319149 0.6794871794871795 0.3882978723404255 0.6794871794871795 0.42021276595744683 0.6730769230769231 0.43617021276595747 0.6538461538461539 0.43617021276595747 0.6442307692307693 0.42021276595744683 0.6442307692307693 0.39361702127659576 0.6474358974358975 0.3882978723404255 0.6474358974358975 0.3829787234042553 0.6506410256410257 0.3776595744680851 0.6602564102564102 0.3723404255319149
1 0.7083333333333334 0.44680851063829785 0.7147435897435898 0.4574468085106383 0.7147435897435898 0.46808510638297873 0.717948717948718 0.4734042553191489 0.717948717948718 0.48404255319148937 0.7147435897435898 0.48936170212765956 0.7147435897435898 0.4946808510638298 0.7083333333333334 0.5053191489361702 0.6923076923076923 0.5053191489361702 0.6794871794871795 0.48404255319148937 0.6794871794871795 0.4627659574468085 0.6826923076923077 0.4574468085106383 0.6826923076923077 0.4521276595744681 0.6858974358974359 0.4521276595744681 0.6891025641025641 0.44680851063829785 0.6955128205128205 0.44680851063829785 0.6987179487179487 0.44148936170212766 0.7019230769230769 0.44148936170212766 0.7051282051282052 0.44680851063829785
1 0.22277227722772275 0.6161786391405097 0.0407040704070407 0.07120286496734779
1 0.3782051282051282 0.6595744680851063 0.3814102564102564 0.6648936170212766 0.38461538461538464 0.6648936170212766 0.38461538461538464 0.6702127659574468 0.38782051282051283 0.675531914893617 0.38782051282051283 0.6914893617021277 0.38461538461538464 0.6968085106382979 0.38461538461538464 0.7021276595744681 0.3782051282051282 0.7127659574468085 0.3782051282051282 0.7180851063829787 0.3685897435897436 0.7340425531914894 0.3525641025641026 0.7340425531914894 0.34615384615384615 0.723404255319149 0.34615384615384615 0.6861702127659575 0.34935897435897434 0.6808510638297872 0.34935897435897434 0.675531914893617 0.358974358974359 0.6595744680851063 0.375 0.6595744680851063
1 0.3974358974358974 0.8031914893617021 0.40064102564102566 0.8085106382978723 0.40705128205128205 0.8085106382978723 0.41025641025641024 0.8138297872340425 0.41346153846153844 0.8138297872340425 0.41346153846153844 0.8191489361702128 0.4166666666666667 0.824468085106383 0.4166666666666667 0.851063829787234 0.41346153846153844 0.8563829787234043 0.41346153846153844 0.8617021276595744 0.40705128205128205 0.8723404255319149 0.40384615384615385 0.8723404255319149 0.40064102564102566 0.8776595744680851 0.38782051282051283 0.8776595744680851 0.3782051282051282 0.8670212765957447 0.3782051282051282 0.8297872340425532 0.3814102564102564 0.824468085106383 0.3814102564102564 0.8138297872340425 0.38461538461538464 0.8085106382978723 0.3942307692307692 0.8031914893617021
1 0.7435897435897436 0.6968085106382979 0.7467948717948718 0.7021276595744681 0.75 0.7021276595744681 0.7564102564102564 0.7127659574468085 0.7564102564102564 0.7180851063829787 0.7596153846153846 0.723404255319149 0.7596153846153846 0.7446808510638298 0.7564102564102564 0.75 0.7564102564102564 0.7606382978723404 0.7435897435897436 0.7819148936170213 0.7243589743589743 0.7819148936170213 0.7147435897435898 0.7659574468085106 0.7115384615384616 0.7659574468085106 0.7115384615384616 0.7606382978723404 0.7083333333333334 0.7553191489361702 0.7083333333333334 0.7287234042553191 0.7115384615384616 0.723404255319149 0.7115384615384616 0.7180851063829787 0.7211538461538461 0.7021276595744681 0.7275641025641025 0.7021276595744681 0.7307692307692307 0.6968085106382979 0.7403846153846154 0.6968085106382979
1 0.9006410256410257 0.8297872340425532 0.9102564102564102 0.8457446808510638 0.9102564102564102 0.8829787234042553 0.907051282051282 0.8882978723404256 0.9006410256410257 0.8882978723404256 0.8846153846153846 0.9042553191489362 0.875 0.9042553191489362 0.8653846153846154 0.8936170212765957 0.8653846153846154 0.8829787234042553 0.8621794871794872 0.8776595744680851 0.8621794871794872 0.8670212765957447 0.8589743589743589 0.8617021276595744 0.8589743589743589 0.851063829787234 0.8621794871794872 0.8457446808510638 0.8621794871794872 0.8404255319148937 0.875 0.8191489361702128 0.8846153846153846 0.8191489361702128 0.8878205128205128 0.824468085106383 0.8942307692307693 0.824468085106383 0.8974358974358975 0.8297872340425532
1 0.8461538461538461 0.851063829787234 0.8621794871794872 0.8776595744680851 0.8621794871794872 0.898936170212766 0.8589743589743589 0.9042553191489362 0.8589743589743589 0.9095744680851063 0.8525641025641025 0.9202127659574468 0.8333333333333334 0.9202127659574468 0.8301282051282052 0.9148936170212766 0.8269230769230769 0.9148936170212766 0.8173076923076923 0.898936170212766 0.8173076923076923 0.8936170212765957 0.8141025641025641 0.8882978723404256 0.8141025641025641 0.8723404255319149 0.8205128205128205 0.8617021276595744 0.8205128205128205 0.8563829787234043 0.8237179487179487 0.851063829787234 0.8301282051282052 0.851063829787234 0.8333333333333334 0.8457446808510638 0.8397435897435898 0.8457446808510638 0.842948717948718 0.851063829787234
1 0.11217948717948718 0.5478723404255319 0.11858974358974358 0.5638297872340425 0.11858974358974358 0.5957446808510638 0.11538461538461539 0.601063829787234 0.11538461538461539 0.6063829787234043 0.10576923076923077 0.6170212765957447 0.09615384615384616 0.6170212765957447 0.09294871794871795 0.6117021276595744 0.08974358974358974 0.6117021276595744 0.08333333333333333 0.601063829787234 0.08012820512820513 0.601063829787234 0.07371794871794872 0.5904255319148937 0.07371794871794872 0.5638297872340425 0.07692307692307693 0.5585106382978723 0.07692307692307693 0.5531914893617021 0.08333333333333333 0.5425531914893617 0.10576923076923077 0.5425531914893617 0.10897435897435898 0.5478723404255319
1 0.32051282051282054 0.2925531914893617 0.3301282051282051 0.30851063829787234 0.3301282051282051 0.31382978723404253 0.33653846153846156 0.324468085106383 0.33653846153846156 0.3404255319148936 0.3301282051282051 0.35106382978723405 0.3301282051282051 0.35638297872340424 0.32051282051282054 0.3723404255319149 0.30448717948717946 0.3723404255319149 0.30128205128205127 0.3670212765957447 0.2980769230769231 0.3670212765957447 0.28846153846153844 0.35106382978723405 0.28846153846153844 0.31382978723404253 0.2916666666666667 0.30851063829787234 0.2916666666666667 0.30319148936170215 0.30128205128205127 0.2925531914893617 0.3173076923076923 0.2925531914893617
1 0.2564102564102564 0.3404255319148936 0.26282051282051283 0.35106382978723405 0.26282051282051283 0.3882978723404255 0.2532051282051282 0.39893617021276595 0.23717948717948717 0.39893617021276595 0.22756410256410256 0.3829787234042553 0.22756410256410256 0.35638297872340424 0.23717948717948717 0.3404255319148936 0.2532051282051282 0.3404255319148936
1 0.21474358974358973 0.3829787234042553 0.22435897435897437 0.39893617021276595 0.22435897435897437 0.40425531914893614 0.22756410256410256 0.4095744680851064 0.22756410256410256 0.42021276595744683 0.22435897435897437 0.425531914893617 0.22435897435897437 0.4308510638297872 0.21153846153846154 0.4521276595744681 0.1955128205128205 0.4521276595744681 0.1858974358974359 0.43617021276595747 0.1858974358974359 0.4148936170212766 0.1891025641025641 0.4095744680851064 0.1891025641025641 0.39893617021276595 0.1955128205128205 0.3882978723404255 0.1987179487179487 0.3882978723404255 0.20192307692307693 0.3829787234042553 0.21153846153846154 0.3829787234042553
1 0.5096153846153846 0.46808510638297873 0.5192307692307693 0.48404255319148937 0.5192307692307693 0.5106382978723404 0.5064102564102564 0.5319148936170213 0.48717948717948717 0.5319148936170213 0.483974358974359 0.526595744680851 0.4807692307692308 0.526595744680851 0.4807692307692308 0.5212765957446809 0.4775641025641026 0.5159574468085106 0.4775641025641026 0.4946808510638298 0.4807692307692308 0.48936170212765956 0.4807692307692308 0.48404255319148937 0.49038461538461536 0.46808510638297873 0.5064102564102564 0.46808510638297873
1 0.12179487179487179 0.6436170212765957 0.13141025641025642 0.6542553191489362 0.13141025641025642 0.6914893617021277 0.125 0.7021276595744681 0.12179487179487179 0.7021276595744681 0.11858974358974358 0.7074468085106383 0.09935897435897435 0.7074468085106383 0.09294871794871795 0.6968085106382979 0.09294871794871795 0.6914893617021277 0.08974358974358974 0.6861702127659575 0.08974358974358974 0.675531914893617 0.09294871794871795 0.6702127659574468 0.09615384615384616 0.6542553191489362 0.10256410256410256 0.6436170212765957 0.11858974358974358 0.6436170212765957
1 0.1346153846153846 0.9946808510638298 0.1346153846153846 0.973404255319149 0.14743589743589744 0.9521276595744681 0.16346153846153846 0.9521276595744681 0.17307692307692307 0.9680851063829787 0.17307692307692307 0.9893617021276596 0.16987179487179488 0.9946808510638298 0.13782051282051283 0.9946808510638298
1 0.04807692307692308 0.6063829787234043 0.060897435897435896 0.6276595744680851 0.060897435897435896 0.6542553191489362 0.057692307692307696 0.6595744680851063 0.057692307692307696 0.6648936170212766 0.04807692307692308 0.675531914893617 0.035256410256410256 0.675531914893617 0.03205128205128205 0.6702127659574468 0.028846153846153848 0.6702127659574468 0.022435897435897436 0.6595744680851063 0.022435897435897436 0.6542553191489362 0.019230769230769232 0.648936170212766 0.019230769230769232 0.6276595744680851 0.022435897435897436 0.6223404255319149 0.022435897435897436 0.6170212765957447 0.028846153846153848 0.6063829787234043 0.04487179487179487 0.6063829787234043
1 0.5032051282051282 0.9308510638297872 0.5064102564102564 0.9361702127659575 0.5096153846153846 0.9361702127659575 0.5192307692307693 0.9521276595744681 0.5192307692307693 0.9627659574468085 0.5160256410256411 0.9680851063829787 0.5160256410256411 0.973404255319149 0.5064102564102564 0.9893617021276596 0.48717948717948717 0.9893617021276596 0.4807692307692308 0.9787234042553191 0.4807692307692308 0.973404255319149 0.4775641025641026 0.9680851063829787 0.4775641025641026 0.9574468085106383 0.4807692307692308 0.9521276595744681 0.4807692307692308 0.9468085106382979 0.49038461538461536 0.9308510638297872 0.5 0.9308510638297872
1 0.3525641025641026 0.425531914893617 0.3557692307692308 0.425531914893617 0.358974358974359 0.42021276595744683 0.375 0.42021276595744683 0.3814102564102564 0.4308510638297872 0.3814102564102564 0.44148936170212766 0.38461538461538464 0.44680851063829785 0.38461538461538464 0.4521276595744681 0.3814102564102564 0.4574468085106383 0.3814102564102564 0.4734042553191489 0.3782051282051282 0.4787234042553192 0.375 0.4787234042553192 0.3717948717948718 0.48404255319148937 0.358974358974359 0.48404255319148937 0.3557692307692308 0.4787234042553192 0.3525641025641026 0.4787234042553192 0.34615384615384615 0.4627659574468085 0.34615384615384615 0.44680851063829785 0.3525641025641026 0.4308510638297872
1 0.05128205128205128 0.526595744680851 0.05448717948717949 0.5319148936170213 0.057692307692307696 0.5319148936170213 0.0673076923076923 0.5478723404255319 0.0673076923076923 0.5797872340425532 0.0641025641025641 0.5851063829787234 0.0641025641025641 0.5904255319148937 0.05448717948717949 0.6063829787234043 0.035256410256410256 0.6063829787234043 0.03205128205128205 0.601063829787234 0.028846153846153848 0.601063829787234 0.022435897435897436 0.5851063829787234 0.022435897435897436 0.5531914893617021 0.02564102564102564 0.5478723404255319 0.02564102564102564 0.5425531914893617 0.03205128205128205 0.5319148936170213 0.035256410256410256 0.5319148936170213 0.038461538461538464 0.526595744680851 0.04807692307692308 0.526595744680851
1 0.4423076923076923 0.7872340425531915 0.4423076923076923 0.7819148936170213 0.4391025641025641 0.776595744680851 0.4391025641025641 0.7553191489361702 0.44871794871794873 0.7446808510638298 0.4583333333333333 0.7446808510638298 0.46474358974358976 0.7553191489361702 0.46474358974358976 0.7606382978723404 0.46794871794871795 0.7659574468085106 0.46474358974358976 0.7712765957446809 0.46474358974358976 0.7819148936170213 0.46153846153846156 0.7872340425531915 0.4583333333333333 0.7872340425531915 0.4551282051282051 0.7925531914893617 0.44871794871794873 0.7925531914893617 0.44551282051282054 0.7872340425531915
2 0.717948717948718 0.6329787234042553 0.717948717948718 0.6170212765957447 0.7211538461538461 0.6117021276595744 0.7307692307692307 0.6117021276595744 0.7307692307692307 0.6276595744680851 0.7275641025641025 0.6329787234042553 0.7211538461538461 0.6329787234042553
2 0.9583333333333334 0.5478723404255319 0.9647435897435898 0.5478723404255319 0.967948717948718 0.5531914893617021 0.967948717948718 0.5638297872340425 0.9647435897435898 0.5691489361702128 0.9583333333333334 0.5691489361702128 0.9583333333333334 0.5531914893617021
2 0.8701870187018702 0.5787514921704936 0.0176017601760176 0.02921143178147602
2 0.32051282051282054 0.6170212765957447 0.32371794871794873 0.6223404255319149 0.32371794871794873 0.6436170212765957 0.3173076923076923 0.6542553191489362 0.3141025641025641 0.6542553191489362 0.30448717948717946 0.6436170212765957 0.30448717948717946 0.6223404255319149 0.3076923076923077 0.6170212765957447 0.3173076923076923 0.6170212765957447
2 0.5319031903190319 0.5422372024436486 0.0297029702970297 0.04381714767221403
2 0.40064102564102566 0.26063829787234044 0.40384615384615385 0.26595744680851063 0.40384615384615385 0.2765957446808511 0.3974358974358974 0.2925531914893617 0.38782051282051283 0.2872340425531915 0.38782051282051283 0.28191489361702127 0.38461538461538464 0.2765957446808511 0.38461538461538464 0.26595744680851063 0.391025641025641 0.2553191489361702 0.3942307692307692 0.2553191489361702 0.3974358974358974 0.26063829787234044
1 0.07692307692307693 0.46808510638297873 0.08333333333333333 0.4787234042553192 0.08653846153846154 0.4787234042553192 0.08653846153846154 0.48404255319148937 0.08974358974358974 0.48936170212765956 0.08974358974358974 0.5 0.08653846153846154 0.5053191489361702 0.08653846153846154 0.5159574468085106 0.08333333333333333 0.5212765957446809 0.08333333333333333 0.526595744680851 0.08012820512820513 0.526595744680851 0.07692307692307693 0.5319148936170213 0.057692307692307696 0.5319148936170213 0.04807692307692308 0.5212765957446809 0.04807692307692308 0.48936170212765956 0.05128205128205128 0.48404255319148937 0.05128205128205128 0.4787234042553192 0.060897435897435896 0.4627659574468085 0.07051282051282051 0.4627659574468085 0.07371794871794872 0.46808510638297873
1 0.060897435897435896 0.39893617021276595 0.0641025641025641 0.40425531914893614 0.0673076923076923 0.39893617021276595 0.07371794871794872 0.39893617021276595 0.07692307692307693 0.40425531914893614 0.08012820512820513 0.40425531914893614 0.08653846153846154 0.4148936170212766 0.08974358974358974 0.4308510638297872 0.08653846153846154 0.43617021276595747 0.08653846153846154 0.4521276595744681 0.08333333333333333 0.4574468085106383 0.057692307692307696 0.4574468085106383 0.05128205128205128 0.44680851063829785 0.05128205128205128 0.40425531914893614 0.05448717948717949 0.39893617021276595 0.057692307692307696 0.39893617021276595
2 0.7596153846153846 0.4627659574468085 0.7692307692307693 0.4734042553191489 0.7692307692307693 0.48404255319148937 0.7660256410256411 0.48936170212765956 0.7532051282051282 0.48936170212765956 0.7532051282051282 0.4734042553191489 0.7564102564102564 0.46808510638297873
1 0.5480769230769231 0.7446808510638298 0.5576923076923077 0.7606382978723404 0.5576923076923077 0.7872340425531915 0.5512820512820513 0.7978723404255319 0.5480769230769231 0.7978723404255319 0.5448717948717948 0.8031914893617021 0.5352564102564102 0.8031914893617021 0.532051282051282 0.7978723404255319 0.5288461538461539 0.7978723404255319 0.5288461538461539 0.7925531914893617 0.5256410256410257 0.7872340425531915 0.5256410256410257 0.776595744680851 0.5224358974358975 0.7712765957446809 0.5224358974358975 0.7659574468085106 0.5288461538461539 0.75 0.532051282051282 0.75 0.5352564102564102 0.7446808510638298 0.5448717948717948 0.7446808510638298
1 0.433993399339934 0.3249771785689207 0.0451045104510451 0.07302857945369004
1 0.8269230769230769 0.5531914893617021 0.8301282051282052 0.5585106382978723 0.8333333333333334 0.5585106382978723 0.842948717948718 0.574468085106383 0.842948717948718 0.5797872340425532 0.8461538461538461 0.5851063829787234 0.8461538461538461 0.6063829787234043 0.8397435897435898 0.6170212765957447 0.8205128205128205 0.6170212765957447 0.8173076923076923 0.6117021276595744 0.8141025641025641 0.6117021276595744 0.8076923076923077 0.601063829787234 0.8076923076923077 0.5691489361702128 0.8141025641025641 0.5585106382978723 0.8237179487179487 0.5531914893617021
1 0.39383938393839385 0.12871287128712872 0.03300330033003301 0.06024857804929429
1 0.1891025641025641 0.5319148936170213 0.20192307692307693 0.5319148936170213 0.20833333333333334 0.5425531914893617 0.20833333333333334 0.574468085106383 0.20512820512820512 0.5797872340425532 0.19230769230769232 0.5797872340425532 0.1858974358974359 0.5638297872340425 0.1858974358974359 0.5425531914893617 0.1891025641025641 0.5372340425531915
1 0.26282051282051283 0.851063829787234 0.266025641025641 0.8563829787234043 0.2692307692307692 0.8563829787234043 0.2692307692307692 0.8670212765957447 0.2724358974358974 0.8723404255319149 0.2724358974358974 0.898936170212766 0.2692307692307692 0.9042553191489362 0.2467948717948718 0.9042553191489362 0.23717948717948717 0.8936170212765957 0.23717948717948717 0.8723404255319149 0.24358974358974358 0.8617021276595744 0.24358974358974358 0.8563829787234043 0.25 0.8457446808510638 0.2564102564102564 0.8457446808510638 0.25961538461538464 0.851063829787234
2 0.16666666666666666 0.26063829787234044 0.16666666666666666 0.26595744680851063 0.16987179487179488 0.2712765957446808 0.16987179487179488 0.28191489361702127 0.16666666666666666 0.2872340425531915 0.16025641025641027 0.2872340425531915 0.15384615384615385 0.2765957446808511 0.15384615384615385 0.26063829787234044 0.15705128205128205 0.2553191489361702 0.16025641025641027 0.2553191489361702 0.16346153846153846 0.26063829787234044
2 0.1955128205128205 0.3617021276595745 0.1955128205128205 0.35638297872340424 0.19230769230769232 0.35106382978723405 0.19230769230769232 0.3404255319148936 0.1955128205128205 0.3351063829787234 0.20512820512820512 0.3351063829787234 0.20833333333333334 0.3404255319148936 0.20833333333333334 0.35106382978723405 0.20512820512820512 0.35638297872340424 0.20512820512820512 0.3617021276595745 0.1987179487179487 0.3617021276595745
2 0.7307692307692307 0.2978723404255319 0.7307692307692307 0.3191489361702128 0.7275641025641025 0.324468085106383 0.717948717948718 0.324468085106383 0.7147435897435898 0.3191489361702128 0.7147435897435898 0.30319148936170215 0.717948717948718 0.2978723404255319 0.7275641025641025 0.2978723404255319
2 0.7019230769230769 0.34574468085106386 0.717948717948718 0.34574468085106386 0.717948717948718 0.3723404255319149 0.7019230769230769 0.3723404255319149 0.7019230769230769 0.35106382978723405
2 0.717948717948718 0.39893617021276595 0.7307692307692307 0.39893617021276595 0.7339743589743589 0.40425531914893614 0.7339743589743589 0.4148936170212766 0.7307692307692307 0.42021276595744683 0.7275641025641025 0.43617021276595747 0.7211538461538461 0.43617021276595747 0.7147435897435898 0.425531914893617 0.7147435897435898 0.4095744680851064 0.717948717948718 0.40425531914893614
1 0.42948717948717946 0.5478723404255319 0.4358974358974359 0.5638297872340425 0.4358974358974359 0.5904255319148937 0.4326923076923077 0.5957446808510638 0.42948717948717946 0.5957446808510638 0.4230769230769231 0.6063829787234043 0.4166666666666667 0.6063829787234043 0.40705128205128205 0.5957446808510638 0.40705128205128205 0.5638297872340425 0.4166666666666667 0.5478723404255319 0.42628205128205127 0.5478723404255319
1 0.3301282051282051 0.75 0.3301282051282051 0.7553191489361702 0.3333333333333333 0.7606382978723404 0.3333333333333333 0.7819148936170213 0.3301282051282051 0.7872340425531915 0.3301282051282051 0.7925531914893617 0.32371794871794873 0.8031914893617021 0.32051282051282054 0.8031914893617021 0.3173076923076923 0.8085106382978723 0.3141025641025641 0.8085106382978723 0.30448717948717946 0.7978723404255319 0.30448717948717946 0.7712765957446809 0.3076923076923077 0.7659574468085106 0.3076923076923077 0.7553191489361702 0.3141025641025641 0.7446808510638298 0.32371794871794873 0.7446808510638298 0.3269230769230769 0.75
1 0.2916666666666667 0.5904255319148937 0.2916666666666667 0.5851063829787234 0.28846153846153844 0.5797872340425532 0.28846153846153844 0.5531914893617021 0.2916666666666667 0.5478723404255319 0.3141025641025641 0.5478723404255319 0.32051282051282054 0.5585106382978723 0.32051282051282054 0.5904255319148937 0.3173076923076923 0.5957446808510638 0.2980769230769231 0.5957446808510638 0.2948717948717949 0.5904255319148937
1 0.592948717948718 0.3670212765957447 0.5961538461538461 0.3723404255319149 0.5993589743589743 0.3723404255319149 0.6057692307692307 0.3829787234042553 0.6057692307692307 0.4095744680851064 0.6025641025641025 0.4148936170212766 0.5865384615384616 0.4148936170212766 0.5769230769230769 0.39893617021276595 0.5769230769230769 0.39361702127659576 0.5801282051282052 0.3882978723404255 0.5801282051282052 0.3776595744680851 0.5865384615384616 0.3670212765957447 0.5897435897435898 0.3670212765957447
1 0.6057692307692307 0.7287234042553191 0.6153846153846154 0.7393617021276596 0.6153846153846154 0.7712765957446809 0.6089743589743589 0.7819148936170213 0.6025641025641025 0.7819148936170213 0.5993589743589743 0.776595744680851 0.5897435897435898 0.7712765957446809 0.5897435897435898 0.7446808510638298 0.5993589743589743 0.7287234042553191 0.6025641025641025 0.7287234042553191
2 0.2403846153846154 0.6595744680851063 0.2467948717948718 0.6702127659574468 0.2467948717948718 0.6861702127659575 0.24358974358974358 0.6914893617021277 0.23397435897435898 0.6914893617021277 0.23076923076923078 0.6861702127659575 0.23076923076923078 0.6648936170212766 0.23397435897435898 0.6595744680851063 0.23717948717948717 0.6595744680851063
2 0.22435897435897437 0.6914893617021277 0.22756410256410256 0.6968085106382979 0.22756410256410256 0.7074468085106383 0.22435897435897437 0.7127659574468085 0.22435897435897437 0.7180851063829787 0.20833333333333334 0.7180851063829787 0.20512820512820512 0.7127659574468085 0.20512820512820512 0.7074468085106383 0.21153846153846154 0.6914893617021277 0.22115384615384615 0.6914893617021277
1 0.3432343234323432 0.5897057790885472 0.026402640264026403 0.05842286356295204
1 0.6121794871794872 0.8829787234042553 0.6153846153846154 0.8882978723404256 0.6185897435897436 0.8882978723404256 0.625 0.898936170212766 0.625 0.9202127659574468 0.6217948717948718 0.925531914893617 0.6217948717948718 0.9308510638297872 0.6121794871794872 0.9468085106382979 0.5961538461538461 0.9468085106382979 0.5897435897435898 0.9361702127659575 0.5897435897435898 0.9042553191489362 0.5993589743589743 0.8882978723404256 0.6089743589743589 0.8829787234042553
1 0.46794871794871795 0.8936170212765957 0.47435897435897434 0.9042553191489362 0.47435897435897434 0.9202127659574468 0.46474358974358976 0.9361702127659575 0.44871794871794873 0.9361702127659575 0.4423076923076923 0.925531914893617 0.4423076923076923 0.8936170212765957 0.44551282051282054 0.8882978723404256 0.46153846153846156 0.8882978723404256 0.46474358974358976 0.8936170212765957
1 0.15566556655665567 0.4527771926128783 0.034103410341034104 0.05842286356295204
1 0.27564102564102566 0.14893617021276595 0.27564102564102566 0.17553191489361702 0.2724358974358974 0.18085106382978725 0.2564102564102564 0.18085106382978725 0.2532051282051282 0.17553191489361702 0.2532051282051282 0.14893617021276595 0.25961538461538464 0.13829787234042554 0.2692307692307692 0.13829787234042554 0.2692307692307692 0.14361702127659576 0.2724358974358974 0.14893617021276595
1 0.20512820512820512 0 0.2467948717948718 0 0.25 0.005319148936170213 0.25 0.015957446808510637 0.2467948717948718 0.02127659574468085 0.2467948717948718 0.026595744680851064 0.24358974358974358 0.026595744680851064 0.23717948717948717 0.03723404255319149 0.23397435897435898 0.03723404255319149 0.23076923076923078 0.0425531914893617 0.22115384615384615 0.0425531914893617 0.21794871794871795 0.03723404255319149 0.21474358974358973 0.03723404255319149 0.20512820512820512 0.02127659574468085 0.20512820512820512 0.005319148936170213
2 0.27564102564102566 0.06382978723404255 0.27884615384615385 0.06914893617021277 0.27884615384615385 0.0851063829787234 0.27564102564102566 0.09042553191489362 0.27564102564102566 0.09574468085106383 0.266025641025641 0.09574468085106383 0.26282051282051283 0.09042553191489362 0.26282051282051283 0.0851063829787234 0.266025641025641 0.0797872340425532 0.266025641025641 0.06914893617021277 0.2692307692307692 0.06382978723404255 0.2724358974358974 0.06382978723404255
1 0.1794871794871795 0.7021276595744681 0.1858974358974359 0.7180851063829787 0.1858974358974359 0.7287234042553191 0.18269230769230768 0.7340425531914894 0.18269230769230768 0.7393617021276596 0.17307692307692307 0.75 0.16025641025641027 0.75 0.15705128205128205 0.7446808510638298 0.15384615384615385 0.7446808510638298 0.15384615384615385 0.7393617021276596 0.15064102564102563 0.7340425531914894 0.15064102564102563 0.723404255319149 0.15384615384615385 0.7180851063829787 0.15384615384615385 0.7127659574468085 0.16346153846153846 0.6968085106382979 0.17307692307692307 0.6968085106382979 0.1762820512820513 0.7021276595744681
1 0.16666666666666666 0.5904255319148937 0.17307692307692307 0.601063829787234 0.17307692307692307 0.6329787234042553 0.16666666666666666 0.6436170212765957 0.15384615384615385 0.6436170212765957 0.15064102564102563 0.6382978723404256 0.14743589743589744 0.6382978723404256 0.14102564102564102 0.6223404255319149 0.14423076923076922 0.6170212765957447 0.14423076923076922 0.6063829787234043 0.15384615384615385 0.5904255319148937 0.16346153846153846 0.5904255319148937
1 0.017051705170517052 0.7786672284249702 0.0319031903190319 0.05659714907660979
2 0.3525641025641026 0.8404255319148937 0.3557692307692308 0.8404255319148937 0.358974358974359 0.8351063829787234 0.36538461538461536 0.8351063829787234 0.3717948717948718 0.8457446808510638 0.3717948717948718 0.8563829787234043 0.36217948717948717 0.8723404255319149 0.3557692307692308 0.8723404255319149 0.3557692307692308 0.8670212765957447 0.3525641025641026 0.8617021276595744 0.3525641025641026 0.8457446808510638
2 0.22756410256410256 0.925531914893617 0.23076923076923078 0.9308510638297872 0.23076923076923078 0.9414893617021277 0.22756410256410256 0.9468085106382979 0.22756410256410256 0.9521276595744681 0.21474358974358973 0.9521276595744681 0.21153846153846154 0.9468085106382979 0.21153846153846154 0.9308510638297872 0.21474358974358973 0.925531914893617 0.22435897435897437 0.925531914893617
2 0.9279427942794279 0.97310582122042 0.025302530253025302 0.04381714767221403
1 0.8012820512820513 0.9042553191489362 0.8076923076923077 0.9148936170212766 0.8076923076923077 0.9414893617021277 0.8044871794871795 0.9468085106382979 0.8044871794871795 0.9574468085106383 0.8012820512820513 0.9574468085106383 0.7948717948717948 0.9680851063829787 0.7756410256410257 0.9680851063829787 0.7660256410256411 0.9521276595744681 0.7660256410256411 0.9202127659574468 0.7756410256410257 0.9042553191489362 0.782051282051282 0.9042553191489362 0.7852564102564102 0.898936170212766 0.7948717948717948 0.898936170212766 0.7980769230769231 0.9042553191489362
1 0.9134615384615384 0.6968085106382979 0.9198717948717948 0.7074468085106383 0.9198717948717948 0.7127659574468085 0.9230769230769231 0.7180851063829787 0.9230769230769231 0.7446808510638298 0.9134615384615384 0.7553191489361702 0.9038461538461539 0.7553191489361702 0.9006410256410257 0.75 0.8974358974358975 0.75 0.8910256410256411 0.7393617021276596 0.8910256410256411 0.7127659574468085 0.9006410256410257 0.6968085106382979 0.9102564102564102 0.6968085106382979
1 0.8916391639163916 0.35510146759356787 0.0407040704070407 0.0675514359946633
2 0.9583333333333334 0.17553191489361702 0.9583333333333334 0.15425531914893617 0.9647435897435898 0.14361702127659576 0.9743589743589743 0.14361702127659576 0.9775641025641025 0.14893617021276595 0.9775641025641025 0.1702127659574468 0.9743589743589743 0.17553191489361702 0.9615384615384616 0.17553191489361702
2 0.9487179487179487 0.1276595744680851 0.9487179487179487 0.14361702127659576 0.9455128205128205 0.14893617021276595 0.9358974358974359 0.14893617021276595 0.9358974358974359 0.1276595744680851 0.9391025641025641 0.12234042553191489 0.9423076923076923 0.12234042553191489 0.9455128205128205 0.1276595744680851
2 0.9543454345434543 0.09676286777613932 0.020902090209020903 0.032862860754160526
1 0.5833333333333334 0.44680851063829785 0.592948717948718 0.4627659574468085 0.592948717948718 0.4734042553191489 0.5801282051282052 0.4946808510638298 0.5641025641025641 0.4946808510638298 0.5544871794871795 0.4787234042553192 0.5544871794871795 0.46808510638297873 0.5576923076923077 0.4627659574468085 0.5576923076923077 0.4574468085106383 0.5641025641025641 0.44680851063829785 0.5801282051282052 0.44680851063829785
1 0.7403740374037404 0.5723614914682957 0.04620462046204621 0.06390000702197879
1 0.7884615384615384 0.5797872340425532 0.7948717948717948 0.5904255319148937 0.7948717948717948 0.6170212765957447 0.7852564102564102 0.6329787234042553 0.7692307692307693 0.6329787234042553 0.7596153846153846 0.6223404255319149 0.7596153846153846 0.5957446808510638 0.7628205128205128 0.5904255319148937 0.7628205128205128 0.5851063829787234 0.7660256410256411 0.5851063829787234 0.7692307692307693 0.5797872340425532 0.7852564102564102 0.5797872340425532
1 0.483974358974359 0.8191489361702128 0.48717948717948717 0.824468085106383 0.48717948717948717 0.851063829787234 0.4775641025641026 0.8617021276595744 0.46474358974358976 0.8617021276595744 0.4583333333333333 0.8457446808510638 0.4583333333333333 0.8351063829787234 0.46153846153846156 0.8297872340425532 0.46153846153846156 0.824468085106383 0.46794871794871795 0.8138297872340425 0.4775641025641026 0.8138297872340425 0.4807692307692308 0.8191489361702128
2 0.28846153846153844 0.7446808510638298 0.28846153846153844 0.7659574468085106 0.27564102564102566 0.7659574468085106 0.2724358974358974 0.7606382978723404 0.2724358974358974 0.75 0.27564102564102566 0.7446808510638298 0.28525641025641024 0.7446808510638298
1 0.6121794871794872 0.6329787234042553 0.6153846153846154 0.6382978723404256 0.6153846153846154 0.6436170212765957 0.6217948717948718 0.6542553191489362 0.6217948717948718 0.675531914893617 0.6185897435897436 0.6808510638297872 0.6185897435897436 0.6861702127659575 0.6153846153846154 0.6861702127659575 0.6121794871794872 0.6914893617021277 0.6057692307692307 0.6914893617021277 0.6025641025641025 0.6861702127659575 0.5961538461538461 0.6861702127659575 0.5897435897435898 0.675531914893617 0.5897435897435898 0.648936170212766 0.5993589743589743 0.6329787234042553 0.6089743589743589 0.6329787234042553
2 0.3547854785478548 0.392528614563584 0.025302530253025302 0.04381714767221403
1 0.23076923076923078 0.4627659574468085 0.23397435897435898 0.4627659574468085 0.23717948717948717 0.4574468085106383 0.2467948717948718 0.4574468085106383 0.2564102564102564 0.4734042553191489 0.25961538461538464 0.4734042553191489 0.25961538461538464 0.4946808510638298 0.2564102564102564 0.5 0.2564102564102564 0.5053191489361702 0.2532051282051282 0.5053191489361702 0.25 0.5106382978723404 0.2467948717948718 0.5053191489361702 0.23397435897435898 0.5053191489361702 0.23076923076923078 0.5 0.23076923076923078 0.4946808510638298 0.22756410256410256 0.48936170212765956 0.22756410256410256 0.4734042553191489 0.23076923076923078 0.46808510638297873
1 0.7788778877887789 0.22456288182009693 0.0374037403740374 0.06572572150832105
1 0.8365384615384616 0.19148936170212766 0.8461538461538461 0.20212765957446807 0.8461538461538461 0.24468085106382978 0.842948717948718 0.25 0.8173076923076923 0.25 0.8141025641025641 0.24468085106382978 0.8108974358974359 0.24468085106382978 0.8044871794871795 0.23404255319148937 0.8044871794871795 0.20212765957446807 0.8108974358974359 0.19148936170212766 0.8173076923076923 0.19148936170212766 0.8205128205128205 0.18617021276595744 0.8301282051282052 0.18617021276595744 0.8333333333333334 0.19148936170212766
1 0.7467948717948718 0.1276595744680851 0.7467948717948718 0.13297872340425532 0.75 0.13829787234042554 0.75 0.16489361702127658 0.7435897435897436 0.18085106382978725 0.7371794871794872 0.18085106382978725 0.7339743589743589 0.18617021276595744 0.7211538461538461 0.18617021276595744 0.7147435897435898 0.1702127659574468 0.7147435897435898 0.1595744680851064 0.717948717948718 0.15425531914893617 0.7211538461538461 0.13829787234042554 0.7307692307692307 0.12234042553191489 0.7403846153846154 0.12234042553191489 0.7435897435897436 0.1276595744680851
2 0.7083333333333334 0.11702127659574468 0.7115384615384616 0.12234042553191489 0.7115384615384616 0.13829787234042554 0.7083333333333334 0.14361702127659576 0.6987179487179487 0.14361702127659576 0.6987179487179487 0.12234042553191489 0.7019230769230769 0.11702127659574468 0.7051282051282052 0.11702127659574468
2 0.4834983498349835 0.1990028790113054 0.0187018701870187 0.02921143178147602
1 0.7893289328932893 0.8078786602064462 0.0385038503850385 0.06390000702197879
1 0.48019801980198024 0.5751000631978092 0.034103410341034104 0.05477143459026754
1 0.9358974358974359 0.5851063829787234 0.9487179487179487 0.5851063829787234 0.9487179487179487 0.5904255319148937 0.9519230769230769 0.5957446808510638 0.9551282051282052 0.5957446808510638 0.9647435897435898 0.6117021276595744 0.9647435897435898 0.6170212765957447 0.967948717948718 0.6223404255319149 0.967948717948718 0.6329787234042553 0.9583333333333334 0.6436170212765957 0.9391025641025641 0.6436170212765957 0.9326923076923077 0.6329787234042553 0.9326923076923077 0.6223404255319149 0.9294871794871795 0.6170212765957447 0.9294871794871795 0.601063829787234 0.9358974358974359 0.5904255319148937
2 0.8269230769230769 0.48404255319148937 0.8333333333333334 0.48404255319148937 0.8365384615384616 0.4787234042553192 0.8461538461538461 0.48404255319148937 0.8461538461538461 0.5159574468085106 0.842948717948718 0.5212765957446809 0.8333333333333334 0.5212765957446809 0.8269230769230769 0.5106382978723404 0.8269230769230769 0.5 0.8237179487179487 0.4946808510638298 0.8269230769230769 0.48936170212765956
1 0.8910256410256411 0.4734042553191489 0.8942307692307693 0.4787234042553192 0.9038461538461539 0.48404255319148937 0.9134615384615384 0.5 0.9134615384615384 0.5159574468085106 0.907051282051282 0.526595744680851 0.9038461538461539 0.526595744680851 0.9006410256410257 0.5319148936170213 0.8942307692307693 0.5319148936170213 0.8910256410256411 0.526595744680851 0.8846153846153846 0.526595744680851 0.8814102564102564 0.5212765957446809 0.8782051282051282 0.5212765957446809 0.8782051282051282 0.5159574468085106 0.875 0.5106382978723404 0.875 0.48936170212765956 0.8782051282051282 0.48404255319148937 0.8782051282051282 0.4787234042553192 0.8878205128205128 0.4734042553191489
1 0.6538461538461539 0.26595744680851063 0.657051282051282 0.2712765957446808 0.6666666666666666 0.2765957446808511 0.6730769230769231 0.2925531914893617 0.6730769230769231 0.30319148936170215 0.6698717948717948 0.30851063829787234 0.6698717948717948 0.3191489361702128 0.6666666666666666 0.3191489361702128 0.6634615384615384 0.324468085106383 0.6442307692307693 0.324468085106383 0.6410256410256411 0.3191489361702128 0.6378205128205128 0.3191489361702128 0.6378205128205128 0.31382978723404253 0.6346153846153846 0.30851063829787234 0.6346153846153846 0.2872340425531915 0.6378205128205128 0.28191489361702127 0.6378205128205128 0.2765957446808511 0.6410256410256411 0.2712765957446808 0.6506410256410257 0.26595744680851063
1 0.4583333333333333 0.6595744680851063 0.46153846153846156 0.6648936170212766 0.46474358974358976 0.6648936170212766 0.47115384615384615 0.675531914893617 0.47115384615384615 0.7127659574468085 0.46794871794871795 0.7180851063829787 0.46794871794871795 0.723404255319149 0.46474358974358976 0.723404255319149 0.46153846153846156 0.7287234042553191 0.4551282051282051 0.7287234042553191 0.4519230769230769 0.723404255319149 0.4423076923076923 0.723404255319149 0.4391025641025641 0.7180851063829787 0.4391025641025641 0.7074468085106383 0.4358974358974359 0.7021276595744681 0.4358974358974359 0.6808510638297872 0.4423076923076923 0.6702127659574468 0.44551282051282054 0.6702127659574468 0.4519230769230769 0.6595744680851063 0.4551282051282051 0.6595744680851063
1 0.40064102564102566 0.7127659574468085 0.40064102564102566 0.7180851063829787 0.40384615384615385 0.723404255319149 0.40384615384615385 0.7446808510638298 0.3974358974358974 0.7606382978723404 0.3814102564102564 0.7606382978723404 0.375 0.75 0.375 0.723404255319149 0.3814102564102564 0.7127659574468085 0.38782051282051283 0.7127659574468085 0.391025641025641 0.7074468085106383 0.3942307692307692 0.7074468085106383 0.3974358974358974 0.7127659574468085
1 0.4326923076923077 0.7553191489361702 0.4358974358974359 0.7606382978723404 0.4358974358974359 0.7925531914893617 0.42628205128205127 0.8031914893617021 0.4230769230769231 0.7978723404255319 0.4166666666666667 0.7978723404255319 0.41025641025641024 0.7872340425531915 0.41025641025641024 0.7659574468085106 0.4166666666666667 0.75 0.42628205128205127 0.75 0.42948717948717946 0.7553191489361702
1 0.17326732673267328 0.3213257495962362 0.034103410341034104 0.05477143459026754
2 0.3118811881188119 0.8443929499332911 0.020902090209020903 0.04199143318587178
1 0.09294871794871795 0.9468085106382979 0.11217948717948718 0.9468085106382979 0.11858974358974358 0.9574468085106383 0.11858974358974358 0.9787234042553191 0.11217948717948718 0.9893617021276596 0.11217948717948718 0.9946808510638298 0.08333333333333333 0.9946808510638298 0.08333333333333333 0.9627659574468085 0.09294871794871795 0.9521276595744681
2 0.15064102564102563 0.851063829787234 0.15384615384615385 0.8563829787234043 0.15384615384615385 0.8829787234042553 0.15064102564102563 0.8829787234042553 0.14743589743589744 0.8882978723404256 0.13141025641025642 0.8882978723404256 0.13141025641025642 0.8829787234042553 0.1282051282051282 0.8776595744680851 0.1282051282051282 0.8617021276595744 0.1346153846153846 0.8457446808510638 0.14423076923076922 0.8457446808510638 0.14743589743589744 0.851063829787234
1 0.32371794871794873 0.6702127659574468 0.33974358974358976 0.6861702127659575 0.33974358974358976 0.7074468085106383 0.33653846153846156 0.7127659574468085 0.33653846153846156 0.7180851063829787 0.3333333333333333 0.7180851063829787 0.3269230769230769 0.7287234042553191 0.30448717948717946 0.7287234042553191 0.2980769230769231 0.7180851063829787 0.2948717948717949 0.7180851063829787 0.2948717948717949 0.7127659574468085 0.2916666666666667 0.7074468085106383 0.2916666666666667 0.6968085106382979 0.2948717948717949 0.6914893617021277 0.2948717948717949 0.6808510638297872 0.2980769230769231 0.675531914893617 0.30128205128205127 0.675531914893617 0.30448717948717946 0.6702127659574468 0.32051282051282054 0.6702127659574468
1 0.6602564102564102 0.4627659574468085 0.6634615384615384 0.46808510638297873 0.6666666666666666 0.46808510638297873 0.6730769230769231 0.4787234042553192 0.6730769230769231 0.5053191489361702 0.6698717948717948 0.5106382978723404 0.6698717948717948 0.5159574468085106 0.6634615384615384 0.526595744680851 0.6442307692307693 0.526595744680851 0.6346153846153846 0.5106382978723404 0.6346153846153846 0.4734042553191489 0.6442307692307693 0.4574468085106383 0.6538461538461539 0.4574468085106383 0.657051282051282 0.4627659574468085
1 0.6089743589743589 0.425531914893617 0.6282051282051282 0.425531914893617 0.6378205128205128 0.44148936170212766 0.6378205128205128 0.46808510638297873 0.625 0.48936170212765956 0.6153846153846154 0.48936170212765956 0.6025641025641025 0.46808510638297873 0.6025641025641025 0.44148936170212766 0.6089743589743589 0.4308510638297872
1 0.8012820512820513 0.7340425531914894 0.8173076923076923 0.7340425531914894 0.8269230769230769 0.75 0.8269230769230769 0.776595744680851 0.8173076923076923 0.7872340425531915 0.8108974358974359 0.7872340425531915 0.8076923076923077 0.7819148936170213 0.8012820512820513 0.7819148936170213 0.7948717948717948 0.7659574468085106 0.7948717948717948 0.7553191489361702 0.8012820512820513 0.7393617021276596
2 0.8397435897435898 0.7978723404255319 0.842948717948718 0.8031914893617021 0.842948717948718 0.8297872340425532 0.8269230769230769 0.8297872340425532 0.8237179487179487 0.824468085106383 0.8237179487179487 0.8031914893617021 0.8269230769230769 0.7978723404255319 0.8365384615384616 0.7978723404255319
2 0.8589743589743589 0.7127659574468085 0.8653846153846154 0.7287234042553191 0.8653846153846154 0.7393617021276596 0.8621794871794872 0.7446808510638298 0.8621794871794872 0.75 0.8493589743589743 0.75 0.842948717948718 0.7393617021276596 0.842948717948718 0.7180851063829787 0.8461538461538461 0.7127659574468085 0.8557692307692307 0.7127659574468085
2 0.8872387238723872 0.7731900849659434 0.023102310231023104 0.04929429113124078
1 0.5416666666666666 0.15425531914893617 0.5448717948717948 0.15425531914893617 0.5480769230769231 0.14893617021276595 0.5769230769230769 0.14893617021276595 0.5801282051282052 0.15425531914893617 0.5801282051282052 0.1702127659574468 0.5833333333333334 0.17553191489361702 0.5833333333333334 0.20212765957446807 0.5737179487179487 0.21808510638297873 0.5512820512820513 0.21808510638297873 0.5448717948717948 0.2074468085106383 0.5416666666666666 0.2074468085106383 0.5384615384615384 0.20212765957446807 0.5384615384615384 0.16489361702127658 0.5416666666666666 0.1595744680851064
1 0.40705128205128205 0.4308510638297872 0.41025641025641024 0.43617021276595747 0.41346153846153844 0.43617021276595747 0.41346153846153844 0.44148936170212766 0.4166666666666667 0.44680851063829785 0.4166666666666667 0.4574468085106383 0.41346153846153844 0.4627659574468085 0.41346153846153844 0.46808510638297873 0.40705128205128205 0.4787234042553192 0.3942307692307692 0.4787234042553192 0.38782051282051283 0.46808510638297873 0.38782051282051283 0.44148936170212766 0.3942307692307692 0.4308510638297872 0.40384615384615385 0.4308510638297872
1 0.1794871794871795 0.48404255319148937 0.1891025641025641 0.4946808510638298 0.1891025641025641 0.5212765957446809 0.1858974358974359 0.526595744680851 0.1858974358974359 0.5319148936170213 0.18269230769230768 0.5319148936170213 0.1762820512820513 0.5425531914893617 0.16025641025641027 0.5425531914893617 0.15705128205128205 0.5372340425531915 0.15384615384615385 0.5372340425531915 0.15384615384615385 0.5319148936170213 0.15064102564102563 0.526595744680851 0.15064102564102563 0.5106382978723404 0.15384615384615385 0.5053191489361702 0.15705128205128205 0.48936170212765956 0.16346153846153846 0.4787234042553192 0.17307692307692307 0.4787234042553192 0.1762820512820513 0.48404255319148937
1 0.9358974358974359 0.5319148936170213 0.9455128205128205 0.5425531914893617 0.9455128205128205 0.5691489361702128 0.9391025641025641 0.5797872340425532 0.9358974358974359 0.5797872340425532 0.9326923076923077 0.5851063829787234 0.9198717948717948 0.5851063829787234 0.9166666666666666 0.5797872340425532 0.9134615384615384 0.5797872340425532 0.9134615384615384 0.574468085106383 0.9102564102564102 0.5691489361702128 0.9102564102564102 0.5478723404255319 0.9134615384615384 0.5425531914893617 0.9134615384615384 0.5372340425531915 0.9166666666666666 0.5319148936170213 0.9326923076923077 0.5319148936170213
1 0.907051282051282 0.5691489361702128 0.9134615384615384 0.5797872340425532 0.9134615384615384 0.5904255319148937 0.9166666666666666 0.5957446808510638 0.9134615384615384 0.601063829787234 0.9134615384615384 0.6117021276595744 0.907051282051282 0.6223404255319149 0.8910256410256411 0.6223404255319149 0.8846153846153846 0.6117021276595744 0.8846153846153846 0.6063829787234043 0.8814102564102564 0.601063829787234 0.8814102564102564 0.5904255319148937 0.8846153846153846 0.5851063829787234 0.8846153846153846 0.574468085106383 0.8910256410256411 0.5638297872340425 0.9006410256410257 0.5638297872340425 0.9038461538461539 0.5691489361702128