0 0.538591548076923 0.6960828096885814 0.5761492948717949 0.6669066539792388 0.5761492948717949 0.6344886989619377 0.5746478878205128 0.6020707439446367 0.5641323942307692 0.5728945847750865 0.5461042243589744 0.553443813148789 0.5130507051282052 0.5388557335640138 0.4694845064102564 0.5485811211072664 0.44394366346153846 0.5599274048442906 0.41540000000000005 0.5809990726643598 0.409388733974359 0.6036916435986159 0.41239436538461544 0.6442140830449827 0.4199070416666667 0.6847365259515571 0.4450704230769231 0.7087762941176471 0.47098591666666667 0.7171544809688581 0.5100478878205128 0.7122917889273357 0.538591548076923 0.6960828096885814
0 0.3898591538461538 0.6344886989619377 0.38835774679487184 0.5907244602076125 0.3748366185897436 0.553443813148789 0.3327690128205128 0.5469602214532873 0.2892028173076923 0.5469602214532873 0.25915492948717944 0.5583065051903114 0.23962535256410256 0.5874826643598616 0.23661971794871794 0.6166588235294118 0.2486394358974359 0.6620439584775086 0.26967042307692307 0.6912201176470588 0.31173802884615387 0.7047194878892733 0.34629014102564104 0.687978321799308 0.37633802884615386 0.6685275501730104 0.3898591538461538 0.6344886989619377
0 0.23061126602564103 0.6750111418685121 0.23511831089743593 0.6377304948096886 0.24112675961538463 0.6069334359861591 0.2321126762820513 0.568031892733564 0.20356901282051282 0.5583065051903114 0.16901408333333334 0.5485811211072664 0.1389661987179487 0.568031892733564 0.12244225320512821 0.5793781764705882 0.10892112820512821 0.6117961314878892 0.11042253525641026 0.6344886989619377 0.11492957692307691 0.6814947301038062 0.12694929487179488 0.7139126851211073 0.15962535256410254 0.7270227993079584 0.1870422532051282 0.7187753806228374 0.21107887179487178 0.7041873010380623 0.23061126602564103 0.6750111418685121
0 0.736901407051282 0.6588021626297578 0.736901407051282 0.6312469031141869 0.729388733974359 0.5988289480968858 0.7158676057692308 0.553443813148789 0.6993436634615384 0.517784062283737 0.6497661987179487 0.5323721418685121 0.6332394358974359 0.5599274048442906 0.6061971826923077 0.6036916435986159 0.6031915480769231 0.6377304948096886 0.615211266025641 0.6782529377162629 0.6452591538461538 0.6960828096885814 0.6704225352564103 0.7026941280276816 0.6888253525641026 0.7009455051903114 0.7113605641025641 0.6912201176470588 0.736901407051282 0.6588021626297578
0 0.6497661987179487 0.8192710380622837 0.6677943653846155 0.7787485951557094 0.6542732403846154 0.7333634567474048 0.6167126762820513 0.7220171730103806 0.5626281698717949 0.7285007647058823 0.5280760576923077 0.7560560276816609 0.5040366185897436 0.7900948788927336 0.5040366185897436 0.8257546262975779 0.5160563365384616 0.8614143771626298 0.5446 0.8792442525951557 0.5690140833333334 0.8851591591695501 0.5956816891025641 0.8776233529411764 0.6227239423076923 0.8500680934256055 0.6497661987179487 0.8192710380622837
0 0.5085436634615385 0.9974755121107266 0.5656338012820513 0.9974755121107266 0.5611267596153846 0.965151830449827 0.5461042243589744 0.932733875432526 0.5145549294871794 0.9019368200692042 0.4694845064102564 0.8938323321799307 0.4349295769230769 0.9035577162629758 0.4048816891025641 0.9294920795847752 0.3838507051282051 0.9602891384083044 0.373709858974359 0.9974755121107266 0.409388733974359 0.9974755121107266 0.4634732403846154 0.9974755121107266 0.5085436634615385 0.9974755121107266
0 0.798498592948718 0.9635309307958477 0.7924873237179487 0.9197666955017301 0.7654450705128205 0.8808651487889274 0.7083577467948718 0.8500680934256055 0.6467605641025641 0.854930785467128 0.6212197179487179 0.887348740484429 0.6122056346153847 0.9278711833910034 0.6046957756410257 0.9885560103806228 0.6677943653846155 0.9846026020761247 0.736901407051282 0.9764981141868513 0.798498592948718 0.9635309307958477
0 0.34929577564102565 0.7690232076124567 0.31173802884615387 0.7317425605536332 0.280188733974359 0.7268798685121107 0.24713521153846152 0.7430888442906575 0.23511831089743593 0.7657814117647058 0.2456338012820513 0.8030620588235294 0.2779352115384615 0.8425839861591696 0.3237549294871795 0.8322382179930795 0.34929577564102565 0.8079247543252595 0.34929577564102565 0.7690232076124567
0 0.22159718269230771 0.8257546262975779 0.21107887179487178 0.7900948788927336 0.1765267596153846 0.7641605155709342 0.12694929487179488 0.7738858996539792 0.0848816891025641 0.8095456505190312 0.0954 0.8500680934256055 0.12394366346153846 0.8831307577854671 0.17802816987179487 0.8662770692041523 0.20957746474358976 0.8533098892733564 0.22159718269230771 0.8257546262975779
0 0.35530422435897435 0.9959488858131488 0.34178309935897433 0.9408383633217993 0.30723098717948716 0.9116622041522491 0.2321126762820513 0.8954532283737023 0.17802816987179487 0.914904 0.1389661987179487 0.9521846470588234 0.12018873397435897 0.9966635397923874 0.20957746474358976 0.9959488858131488 0.2922056346153846 0.9974755121107266 0.35530422435897435 0.9959488858131488
1 0.2726760576923077 0.4837452110726644 0.26816901282051286 0.45618995155709346 0.23661971794871794 0.433497384083045 0.18403661858974357 0.4480854636678201 0.16150140705128205 0.4837452110726644 0.17952957692307692 0.5275094498269897 0.20281690064102564 0.5445577647058824 0.24112675961538463 0.5437184256055363 0.2621605641025641 0.5210258581314878 0.2726760576923077 0.4837452110726644
1 0.11793521153846154 0.4513272560553634 0.10140845192307693 0.40107942906574395 0.06084507051282051 0.3929749411764706 0.018780282051282054 0.3978376332179931 0.002253522435897436 0.45781084775086506 0.006760564102564102 0.5015750865051902 0.027794365384615383 0.517784062283737 0.05633802884615385 0.5202290934256055 0.06985915384615385 0.5226467577854672 0.10441408333333332 0.48698700692041524 0.11793521153846154 0.4513272560553634
1 0.3718309871794872 0.36055698615916953 0.33577464743589747 0.35083159861591695 0.3087323942307692 0.36541967820069204 0.3042253525641026 0.3929749411764706 0.3162450705128205 0.4172884048442907 0.34028168910256407 0.42377199653979236 0.3778394358974359 0.41080481660899654 0.38535211217948717 0.3848704532871972 0.3718309871794872 0.36055698615916953
1 0.47849859294871794 0.47077803114186856 0.4694845064102564 0.4302555882352941 0.4454450705128205 0.4075630207612457 0.41239436538461544 0.4075630207612457 0.38234647756410256 0.4270137923875433 0.3748366185897436 0.45456905190311414 0.3778394358974359 0.4853661107266436 0.409388733974359 0.5100901211072664 0.4484507051282051 0.5145422664359862 0.4739915480769231 0.5048168823529412 0.47849859294871794 0.47077803114186856
1 0.5522253525641025 0.48877212456747404 0.5522253525641025 0.4688013252595156 0.5383436634615385 0.45299073010380625 0.5152056346153846 0.45299073010380625 0.5005521121794871 0.4721282698961937 0.5051774647435897 0.5004194740484429 0.5167464775641025 0.5137363806228374 0.5344873237179487 0.5120698685121107 0.5445126762820512 0.4995892595155709 0.5522253525641025 0.48877212456747404
2 0.6062140833333333 0.5495147335640138 0.6123830993589744 0.5320406643598615 0.6085267596153846 0.5137363806228374 0.5938732403846154 0.5070794498269896 0.5722788717948718 0.5170633252595156 0.5659154935897436 0.5345586816608997 0.5730507051282051 0.5570049238754325 0.5915605641025642 0.5578381799307959 0.6062140833333333 0.5495147335640138
2 0.6548028173076923 0.48710560899653976 0.6548028173076923 0.4704647993079585 0.6432338012820512 0.4571509342560554 0.6208676057692307 0.4571509342560554 0.6062140833333333 0.46796806920415224 0.6054422532051282 0.48877212456747404 0.6247239423076923 0.5054159757785467 0.6216394358974359 0.5129031245674741 0.6416929583333333 0.4995892595155709 0.6548028173076923 0.48710560899653976
1 0.7219042243589744 0.4296899446366782 0.7265323942307693 0.41221587889273353 0.7118788717948719 0.3947418096885813 0.6925971826923076 0.38642140484429066 0.6694591538461538 0.38891509342560554 0.657890141025641 0.40306221453287194 0.6563464775641026 0.42552974394463666 0.6632873237179487 0.4405070795847751 0.6777492948717949 0.44817061245674744 0.7018507051282051 0.4496607439446367 0.7118788717948719 0.44134033910034604 0.7219042243589744 0.4296899446366782
1 0.1480816891025641 0.34065309342560557 0.14268450641025643 0.3106984152249135 0.1311154935897436 0.2932213079584775 0.11183380128205127 0.28989435986159173 0.09178028205128205 0.2923910899653979 0.07558309935897436 0.30820168512110724 0.07018591666666667 0.34065309342560557 0.07481408333333334 0.3564636885813149 0.08406760576923077 0.3631206193771626 0.1041211282051282 0.36698887889273357 0.12263098717948719 0.3622873633217993 0.1396 0.3564636885813149 0.1480816891025641 0.34065309342560557
2 0.15733802884615383 0.23081218339100348 0.1480816891025641 0.2224917785467128 0.13497183012820513 0.22332503460207614 0.11337464743589742 0.22998196885813146 0.10874929487179487 0.2532797128027682 0.11414647756410257 0.2657633598615917 0.12803098717948716 0.2690903079584775 0.14885352243589742 0.2616031591695502 0.16042253525641026 0.24579256401384084 0.15733802884615383 0.23081218339100348
1 0.7663042243589744 0.8156186955017302 0.7709492948717949 0.80058053633218 0.7716647884615384 0.7824587162629758 0.7605859166666666 0.7600945847750865 0.748791548076923 0.7523823979238754 0.738070423076923 0.7412003321799308 0.7223464775641025 0.7412003321799308 0.7094788717948718 0.745442643598616 0.6973295769230768 0.752768615916955 0.6912535224358974 0.7689623875432526 0.691611266025641 0.7905540830449828 0.6994732403846153 0.8090621176470588 0.7073352115384615 0.8213997958477509 0.7234169006410257 0.8291119826989619 0.7477183108974359 0.8233278408304499 0.7663042243589744 0.8156186955017302
2 0.5327774647435898 0.3144693598615917 0.5273436634615385 0.2932213079584775 0.5022140833333334 0.2932213079584775 0.47844507051282054 0.3034788823529412 0.460788733974359 0.32765853979238757 0.4641830993589744 0.34817673356401385 0.4811633814102564 0.3577014083044983 0.49949859294871796 0.35257110034602074 0.5205521121794872 0.33572045328719724 0.5327774647435898 0.3144693598615917
2 0.7514563365384616 0.4544200415224914 0.7304028173076923 0.45734860207612454 0.7283661987179487 0.4771338961937716 0.7427971826923078 0.48902757439446365 0.7677549294871795 0.4793325986159169 0.7677549294871795 0.45808150519031143 0.7514563365384616 0.4544200415224914
2 0.8227633814102564 0.4756680934256055 0.8207267596153847 0.4624789134948097 0.8105408461538461 0.4602802076124568 0.7962788717948718 0.4617460103806228 0.7962788717948718 0.4743665086505191 0.8064647884615385 0.4873914705882353 0.8152929583333333 0.48519276816608997 0.8227633814102564 0.4756680934256055
2 0.7928816891025641 0.4075265259515571 0.7888084519230769 0.39287154325259516 0.7670760576923077 0.39287154325259516 0.7487380288461539 0.40386202076124567 0.7467014070512821 0.42144556747404843 0.7555295769230769 0.43037419031141866 0.7704704230769231 0.42950748096885816 0.7867690128205128 0.41705120069204155 0.7928816891025641 0.4075265259515571
2 0.7663971826923076 0.33132304844290655 0.7412676057692308 0.3144693598615917 0.7229323942307692 0.3203325709342561 0.7208957756410256 0.33425465051903114 0.7249690128205128 0.35916721107266436 0.7337971826923076 0.3789494602076125 0.7529830993589743 0.3827173633217993 0.7691126762820513 0.3723563910034602 0.7718281698717948 0.35550270588235294 0.7663971826923076 0.33132304844290655
2 0.4315521121794872 0.26842734948096886 0.41760563461538464 0.25051232525951556 0.39369577564102565 0.25051232525951556 0.37509859294871795 0.2691450449826989 0.37310422435897433 0.2913571211072664 0.3950225352564103 0.29780726297577853 0.4076422532051282 0.29565721453287197 0.4282309871794872 0.2913571211072664 0.4315521121794872 0.26842734948096886
2 0.5924253525641026 0.33680916262975774 0.5743549294871795 0.3394670692041522 0.5595690128205129 0.35984841522491345 0.5702478878205128 0.3908674705882353 0.5965323942307693 0.3919470553633218 0.6121380288461539 0.3758019411764706 0.6096732403846153 0.3527596470588235 0.5924253525641026 0.33680916262975774