0 0.4899521121794872 0.7122917889273357 0.5290140833333333 0.7171544809688581 0.5549295769230769 0.7087762941176471 0.5800929583333333 0.6847365259515571 0.5876056346153846 0.6442140830449827 0.590611266025641 0.6036916435986159 0.5846 0.5809990726643598 0.5560563365384615 0.5599274048442906 0.5305154935897436 0.5485811211072664 0.4869492948717949 0.5388557335640138 0.4538957756410256 0.553443813148789 0.4358676057692307 0.5728945847750865 0.42535211217948715 0.6020707439446367 0.42385070512820516 0.6344886989619377 0.42385070512820516 0.6669066539792388 0.46140845192307695 0.6960828096885814 0.4899521121794872 0.7122917889273357
0 0.6236619711538461 0.6685275501730104 0.6537098589743591 0.687978321799308 0.6882619711538461 0.7047194878892733 0.730329576923077 0.6912201176470588 0.7513605641025641 0.6620439584775086 0.763380282051282 0.6166588235294118 0.7603746474358974 0.5874826643598616 0.7408450705128206 0.5583065051903114 0.7107971826923077 0.5469602214532873 0.6672309871794871 0.5469602214532873 0.6251633814102564 0.553443813148789 0.6116422532051282 0.5907244602076125 0.6101408461538461 0.6344886989619377 0.6236619711538461 0.6685275501730104
0 0.7889211282051283 0.7041873010380623 0.8129577467948719 0.7187753806228374 0.8403746474358974 0.7270227993079584 0.8730507051282052 0.7139126851211073 0.8850704230769231 0.6814947301038062 0.8895774647435897 0.6344886989619377 0.8910788717948719 0.6117961314878892 0.8775577467948719 0.5793781764705882 0.8610338012820512 0.568031892733564 0.8309859166666667 0.5485811211072664 0.7964309871794872 0.5583065051903114 0.7678873237179488 0.568031892733564 0.7588732403846153 0.6069334359861591 0.7648816891025642 0.6377304948096886 0.7693887339743589 0.6750111418685121 0.7889211282051283 0.7041873010380623
0 0.2886394358974359 0.6912201176470588 0.31117464743589746 0.7009455051903114 0.32957746474358973 0.7026941280276816 0.35474084615384616 0.6960828096885814 0.384788733974359 0.6782529377162629 0.3968084519230769 0.6377304948096886 0.3938028173076923 0.6036916435986159 0.3667605641025641 0.5599274048442906 0.3502338012820513 0.5323721418685121 0.3006563365384615 0.517784062283737 0.2841323942307692 0.553443813148789 0.27061126602564106 0.5988289480968858 0.26309859294871796 0.6312469031141869 0.26309859294871796 0.6588021626297578 0.2886394358974359 0.6912201176470588
0 0.3772760576923077 0.8500680934256055 0.40431831089743586 0.8776233529411764 0.43098591666666664 0.8851591591695501 0.4554 0.8792442525951557 0.48394366346153844 0.8614143771626298 0.4959633814102564 0.8257546262975779 0.4959633814102564 0.7900948788927336 0.47192394230769236 0.7560560276816609 0.43737183012820513 0.7285007647058823 0.3832873237179487 0.7220171730103806 0.3457267596153846 0.7333634567474048 0.3322056346153846 0.7787485951557094 0.3502338012820513 0.8192710380622837 0.3772760576923077 0.8500680934256055
0 0.5365267596153845 0.9974755121107266 0.590611266025641 0.9974755121107266 0.6262901410256411 0.9974755121107266 0.6161492948717949 0.9602891384083044 0.5951183108974359 0.9294920795847752 0.5650704230769231 0.9035577162629758 0.5305154935897436 0.8938323321799307 0.48544507051282054 0.9019368200692042 0.4538957756410256 0.932733875432526 0.4388732403846154 0.965151830449827 0.43436619871794874 0.9974755121107266 0.4914563365384615 0.9974755121107266 0.5365267596153845 0.9974755121107266
0 0.26309859294871796 0.9764981141868513 0.3322056346153846 0.9846026020761247 0.3953042243589744 0.9885560103806228 0.3877943653846154 0.9278711833910034 0.37878028205128206 0.887348740484429 0.3532394358974359 0.854930785467128 0.2916422532051282 0.8500680934256055 0.23455492948717951 0.8808651487889274 0.20751267628205128 0.9197666955017301 0.20150140705128206 0.9635309307958477 0.26309859294871796 0.9764981141868513
0 0.6507042243589743 0.8079247543252595 0.6762450705128205 0.8322382179930795 0.7220647884615384 0.8425839861591696 0.7543661987179487 0.8030620588235294 0.7648816891025642 0.7657814117647058 0.7528647884615385 0.7430888442906575 0.719811266025641 0.7268798685121107 0.6882619711538461 0.7317425605536332 0.6507042243589743 0.7690232076124567 0.6507042243589743 0.8079247543252595
0 0.7904225352564103 0.8533098892733564 0.8219718301282052 0.8662770692041523 0.8760563365384615 0.8831307577854671 0.9046000000000001 0.8500680934256055 0.9151183108974359 0.8095456505190312 0.8730507051282052 0.7738858996539792 0.8234732403846154 0.7641605155709342 0.7889211282051283 0.7900948788927336 0.7784028173076923 0.8257546262975779 0.7904225352564103 0.8533098892733564
0 0.7077943653846154 0.9974755121107266 0.7904225352564103 0.9959488858131488 0.8798112660256411 0.9966635397923874 0.8610338012820512 0.9521846470588234 0.8219718301282052 0.914904 0.7678873237179488 0.8954532283737023 0.6927690128205128 0.9116622041522491 0.6582169006410257 0.9408383633217993 0.6446957756410256 0.9959488858131488 0.7077943653846154 0.9974755121107266
1 0.737839435897436 0.5210258581314878 0.7588732403846153 0.5437184256055363 0.7971830993589744 0.5445577647058824 0.8204704230769231 0.5275094498269897 0.838498592948718 0.4837452110726644 0.8159633814102565 0.4480854636678201 0.763380282051282 0.433497384083045 0.7318309871794871 0.45618995155709346 0.7273239423076924 0.4837452110726644 0.737839435897436 0.5210258581314878
1 0.8955859166666666 0.48698700692041524 0.9301408461538461 0.5226467577854672 0.9436619711538461 0.5202290934256055 0.9722056346153846 0.517784062283737 0.993239435897436 0.5015750865051902 0.9977464775641025 0.45781084775086506 0.981219717948718 0.3978376332179931 0.9391549294871796 0.3929749411764706 0.8985915480769231 0.40107942906574395 0.8820647884615384 0.4513272560553634 0.8955859166666666 0.48698700692041524
1 0.6146478878205128 0.3848704532871972 0.622160564102564 0.41080481660899654 0.6597183108974358 0.42377199653979236 0.6837549294871794 0.4172884048442907 0.6957746474358975 0.3929749411764706 0.6912676057692307 0.36541967820069204 0.6642253525641026 0.35083159861591695 0.6281690128205129 0.36055698615916953 0.6146478878205128 0.3848704532871972
1 0.5260084519230769 0.5048168823529412 0.5515492948717949 0.5145422664359862 0.590611266025641 0.5100901211072664 0.622160564102564 0.4853661107266436 0.6251633814102564 0.45456905190311414 0.6176535224358974 0.4270137923875433 0.5876056346153846 0.4075630207612457 0.5545549294871795 0.4075630207612457 0.5305154935897436 0.4302555882352941 0.521501407051282 0.47077803114186856 0.5260084519230769 0.5048168823529412
1 0.4554873237179487 0.4995892595155709 0.4655126762820513 0.5120698685121107 0.4832535224358975 0.5137363806228374 0.4948225352564103 0.5004194740484429 0.4994478878205128 0.4721282698961937 0.4847943653846154 0.45299073010380625 0.46165633653846155 0.45299073010380625 0.44777464743589745 0.4688013252595156 0.44777464743589745 0.48877212456747404 0.4554873237179487 0.4995892595155709
2 0.4084394358974359 0.5578381799307959 0.4269492948717949 0.5570049238754325 0.4340845064102564 0.5345586816608997 0.4277211282051282 0.5170633252595156 0.40612675961538464 0.5070794498269896 0.3914732403846154 0.5137363806228374 0.38761690064102566 0.5320406643598615 0.3937859166666667 0.5495147335640138 0.4084394358974359 0.5578381799307959
2 0.35830704166666666 0.4995892595155709 0.3783605641025641 0.5129031245674741 0.3752760576923077 0.5054159757785467 0.3945577467948718 0.48877212456747404 0.3937859166666667 0.46796806920415224 0.3791323942307692 0.4571509342560554 0.35676619871794873 0.4571509342560554 0.3451971826923077 0.4704647993079585 0.3451971826923077 0.48710560899653976 0.35830704166666666 0.4995892595155709
1 0.2881211282051282 0.44134033910034604 0.29814929487179487 0.4496607439446367 0.32225070512820514 0.44817061245674744 0.33671267628205126 0.4405070795847751 0.3436535224358974 0.42552974394463666 0.34210985897435897 0.40306221453287194 0.33054084615384616 0.38891509342560554 0.3074028173076923 0.38642140484429066 0.2881211282051282 0.3947418096885813 0.2734676057692308 0.41221587889273353 0.27809577564102567 0.4296899446366782 0.2881211282051282 0.44134033910034604
1 0.8603999999999999 0.3564636885813149 0.8773690128205127 0.3622873633217993 0.8958788717948718 0.36698887889273357 0.9159323942307693 0.3631206193771626 0.9251859166666667 0.3564636885813149 0.9298140833333333 0.34065309342560557 0.9244169006410257 0.30820168512110724 0.9082197179487179 0.2923910899653979 0.8881661987179487 0.28989435986159173 0.8688845064102565 0.2932213079584775 0.8573154935897437 0.3106984152249135 0.851918310897436 0.34065309342560557 0.8603999999999999 0.3564636885813149
2 0.8395774647435897 0.24579256401384084 0.8511464775641026 0.2616031591695502 0.8719690128205128 0.2690903079584775 0.8858535224358974 0.2657633598615917 0.8912507051282051 0.2532797128027682 0.8866253525641026 0.22998196885813146 0.8650281698717948 0.22332503460207614 0.851918310897436 0.2224917785467128 0.8426619711538461 0.23081218339100348 0.8395774647435897 0.24579256401384084
1 0.2522816891025641 0.8233278408304499 0.27658309935897435 0.8291119826989619 0.2926647884615385 0.8213997958477509 0.3005267596153846 0.8090621176470588 0.308388733974359 0.7905540830449828 0.30874647756410256 0.7689623875432526 0.3026704230769231 0.752768615916955 0.2905211282051282 0.745442643598616 0.2776535224358974 0.7412003321799308 0.2619295769230769 0.7412003321799308 0.25120845192307695 0.7523823979238754 0.23941408333333333 0.7600945847750865 0.2283352115384615 0.7824587162629758 0.22905070512820513 0.80058053633218 0.23369577564102564 0.8156186955017302 0.2522816891025641 0.8233278408304499
2 0.4794478878205128 0.33572045328719724 0.5005014070512821 0.35257110034602074 0.5188366185897436 0.3577014083044983 0.5358169006410256 0.34817673356401385 0.5392112660256411 0.32765853979238757 0.5215549294871794 0.3034788823529412 0.4977859166666666 0.2932213079584775 0.4726563365384615 0.2932213079584775 0.4672225352564102 0.3144693598615917 0.4794478878205128 0.33572045328719724
2 0.23224507051282053 0.45808150519031143 0.23224507051282053 0.4793325986159169 0.25720281730769234 0.48902757439446365 0.2716338012820513 0.4771338961937716 0.2695971826923077 0.45734860207612454 0.24854366346153847 0.4544200415224914 0.23224507051282053 0.45808150519031143
2 0.18470704166666665 0.48519276816608997 0.19353521153846154 0.4873914705882353 0.2037211282051282 0.4743665086505191 0.2037211282051282 0.4617460103806228 0.18945915384615383 0.4602802076124568 0.17927324038461537 0.4624789134948097 0.1772366185897436 0.4756680934256055 0.18470704166666665 0.48519276816608997
2 0.21323098717948719 0.41705120069204155 0.22952957692307693 0.42950748096885816 0.24447042307692307 0.43037419031141866 0.253298592948718 0.42144556747404843 0.2512619711538462 0.40386202076124567 0.2329239423076923 0.39287154325259516 0.21119154807692306 0.39287154325259516 0.2071183108974359 0.4075265259515571 0.21323098717948719 0.41705120069204155
2 0.22817183012820513 0.35550270588235294 0.2308873237179487 0.3723563910034602 0.24701690064102563 0.3827173633217993 0.2662028173076923 0.3789494602076125 0.2750309871794872 0.35916721107266436 0.27910422435897436 0.33425465051903114 0.2770676057692308 0.3203325709342561 0.2587323942307692 0.3144693598615917 0.2336028173076923 0.33132304844290655 0.22817183012820513 0.35550270588235294
2 0.5717690128205128 0.2913571211072664 0.5923577467948719 0.29565721453287197 0.6049774647435898 0.29780726297577853 0.6268957756410257 0.2913571211072664 0.624901407051282 0.2691450449826989 0.6063042243589744 0.25051232525951556 0.5823943653846154 0.25051232525951556 0.5684478878205128 0.26842734948096886 0.5717690128205128 0.2913571211072664
2 0.3903267596153846 0.3527596470588235 0.38786197115384613 0.3758019411764706 0.4034676057692308 0.3919470553633218 0.4297521121794872 0.3908674705882353 0.4404309871794872 0.35984841522491345 0.4256450705128205 0.3394670692041522 0.40757464743589744 0.33680916262975774 0.3903267596153846 0.3527596470588235